EP, 77, 2013050112, 01, CARQ, -24,  75N,  911W,  20,    0, DB,  34, AAA,    0,    0,    0,    0,    0,    0,   0,   0,   0,   E,   0,   X,   0,   0,       TEST,  , 
EP, 77, 2013050112, 01, CARQ, -18,  75N,  913W,  20,    0, DB,  34, AAA,    0,    0,    0,    0,    0,    0,   0,   0,   0,   E,   0,   X,   0,   0,       TEST,  , 
EP, 77, 2013050112, 01, CARQ, -12,  75N,  915W,  20,    0, DB,  34, AAA,    0,    0,    0,    0,    0,    0,   0,   0,   0,   E,   0,   X, 270,   2,       TEST,  , 
EP, 77, 2013050112, 01, CARQ,  -6,  75N,  918W,  20,    0, DB,  34, AAA,    0,    0,    0,    0,    0,    0,   0,   0,   0,   E,   0,   X,   0,   0,       TEST,  , 
EP, 77, 2013050112, 01, CARQ,   0,  75N,  920W,  20, 1009, DB,  34, NEQ,    0,    0,    0,    0, 1010,  150,   0,   0,   0,   E,   0,   X, 270,   2,       TEST, S , 
EP, 77, 2013050112, 01, CARQ,   0,  75N,  920W,  20, 1009, DB,  50, NEQ,    0,    0,    0,    0, 1010,  150,   0,   0,   0,   E,   0,   X, 270,   2,       TEST, S , 
EP, 77, 2013050112, 01, CARQ,   0,  75N,  920W,  20, 1009, DB,  64, NEQ,    0,    0,    0,    0, 1010,  150,   0,   0,   0,   E,   0,   X, 270,   2,       TEST, S , 
EP, 77, 2013050112, 03, BAMD,  12,  76N,  933W,   0,    0,   ,   0,    ,    0,    0,    0,    0, 
EP, 77, 2013050112, 03, BAMD,  24,  75N,  946W,   0,    0,   ,   0,    ,    0,    0,    0,    0, 
EP, 77, 2013050112, 03, BAMD,  36,  72N,  960W,   0,    0,   ,   0,    ,    0,    0,    0,    0, 
EP, 77, 2013050112, 03, BAMD,  48,  70N,  975W,   0,    0,   ,   0,    ,    0,    0,    0,    0, 
EP, 77, 2013050112, 03, BAMD,  60,  71N,  988W,   0,    0,   ,   0,    ,    0,    0,    0,    0, 
EP, 77, 2013050112, 03, BAMD,  72,  71N, 1001W,   0,    0,   ,   0,    ,    0,    0,    0,    0, 
EP, 77, 2013050112, 03, BAMD,  84,  72N, 1013W,   0,    0,   ,   0,    ,    0,    0,    0,    0, 
EP, 77, 2013050112, 03, BAMD,  96,  72N, 1026W,   0,    0,   ,   0,    ,    0,    0,    0,    0, 
EP, 77, 2013050112, 03, BAMD, 108,  72N, 1042W,   0,    0,   ,   0,    ,    0,    0,    0,    0, 
EP, 77, 2013050112, 03, BAMD, 120,  73N, 1059W,   0,    0,   ,   0,    ,    0,    0,    0,    0, 
EP, 77, 2013050112, 03, BAMD, 132,  75N, 1077W,   0,    0,   ,   0,    ,    0,    0,    0,    0, 
EP, 77, 2013050112, 03, BAMD, 144,  77N, 1095W,   0,    0,   ,   0,    ,    0,    0,    0,    0, 
EP, 77, 2013050112, 03, BAMD, 156,  79N, 1112W,   0,    0,   ,   0,    ,    0,    0,    0,    0, 
EP, 77, 2013050112, 03, BAMD, 168,  81N, 1130W,   0,    0,   ,   0,    ,    0,    0,    0,    0, 
EP, 77, 2013050112, 03, BAMS,  12,  76N,  928W,   0,    0,   ,   0,    ,    0,    0,    0,    0, 
EP, 77, 2013050112, 03, BAMS,  24,  74N,  938W,   0,    0,   ,   0,    ,    0,    0,    0,    0, 
EP, 77, 2013050112, 03, BAMS,  36,  72N,  950W,   0,    0,   ,   0,    ,    0,    0,    0,    0, 
EP, 77, 2013050112, 03, BAMS,  48,  72N,  960W,   0,    0,   ,   0,    ,    0,    0,    0,    0, 
EP, 77, 2013050112, 03, BAMS,  60,  72N,  972W,   0,    0,   ,   0,    ,    0,    0,    0,    0, 
EP, 77, 2013050112, 03, BAMS,  72,  69N,  985W,   0,    0,   ,   0,    ,    0,    0,    0,    0, 
EP, 77, 2013050112, 03, BAMS,  84,  65N,  998W,   0,    0,   ,   0,    ,    0,    0,    0,    0, 
EP, 77, 2013050112, 03, BAMS,  96,  63N, 1011W,   0,    0,   ,   0,    ,    0,    0,    0,    0, 
EP, 77, 2013050112, 03, BAMS, 108,  62N, 1027W,   0,    0,   ,   0,    ,    0,    0,    0,    0, 
EP, 77, 2013050112, 03, BAMS, 120,  62N, 1046W,   0,    0,   ,   0,    ,    0,    0,    0,    0, 
EP, 77, 2013050112, 03, BAMS, 132,  63N, 1067W,   0,    0,   ,   0,    ,    0,    0,    0,    0, 
EP, 77, 2013050112, 03, BAMS, 144,  63N, 1089W,   0,    0,   ,   0,    ,    0,    0,    0,    0, 
EP, 77, 2013050112, 03, BAMS, 156,  62N, 1111W,   0,    0,   ,   0,    ,    0,    0,    0,    0, 
EP, 77, 2013050112, 03, BAMS, 168,  58N, 1135W,   0,    0,   ,   0,    ,    0,    0,    0,    0, 
EP, 77, 2013050112, 03, CLIP,  12,  76N,  922W,   0,    0,   ,   0,    ,    0,    0,    0,    0, 
EP, 77, 2013050112, 03, CLIP,  24,  81N,  920W,   0,    0,   ,   0,    ,    0,    0,    0,    0, 
EP, 77, 2013050112, 03, CLIP,  36,  91N,  921W,   0,    0,   ,   0,    ,    0,    0,    0,    0, 
EP, 77, 2013050112, 03, CLIP,  48,  96N,  927W,   0,    0,   ,   0,    ,    0,    0,    0,    0, 
EP, 77, 2013050112, 03, CLIP,  60, 104N,  931W,   0,    0,   ,   0,    ,    0,    0,    0,    0, 
EP, 77, 2013050112, 03, CLIP,  72, 117N,  926W,   0,    0,   ,   0,    ,    0,    0,    0,    0, 
EP, 77, 2013050112, 03, CLP5,  12,  78N,  926W,   0,    0,   ,   0,    ,    0,    0,    0,    0, 
EP, 77, 2013050112, 03, CLP5,  24,  85N,  933W,   0,    0,   ,   0,    ,    0,    0,    0,    0, 
EP, 77, 2013050112, 03, CLP5,  36,  94N,  941W,   0,    0,   ,   0,    ,    0,    0,    0,    0, 
EP, 77, 2013050112, 03, CLP5,  48, 104N,  949W,   0,    0,   ,   0,    ,    0,    0,    0,    0, 
EP, 77, 2013050112, 03, CLP5,  60, 112N,  960W,   0,    0,   ,   0,    ,    0,    0,    0,    0, 
EP, 77, 2013050112, 03, CLP5,  72, 117N,  971W,   0,    0,   ,   0,    ,    0,    0,    0,    0, 
EP, 77, 2013050112, 03, CLP5,  84, 123N,  979W,   0,    0,   ,   0,    ,    0,    0,    0,    0, 
EP, 77, 2013050112, 03, CLP5,  96, 127N,  989W,   0,    0,   ,   0,    ,    0,    0,    0,    0, 
EP, 77, 2013050112, 03, CLP5, 108, 131N, 1003W,   0,    0,   ,   0,    ,    0,    0,    0,    0, 
EP, 77, 2013050112, 03, CLP5, 120, 135N, 1013W,   0,    0,   ,   0,    ,    0,    0,    0,    0, 
EP, 77, 2013050112, 03, DSHP,   0,  75N,  920W,  20,    0, TD,   0,    ,    0,    0,    0,    0, 
EP, 77, 2013050112, 03, DSHP,  12,  73N,  934W,  21,    0, TD,   0,    ,    0,    0,    0,    0, 
EP, 77, 2013050112, 03, DSHP,  24,  63N,  949W,  24,    0, TD,   0,    ,    0,    0,    0,    0, 
EP, 77, 2013050112, 03, DSHP,  36,  52N,  966W,  27,    0, TD,   0,    ,    0,    0,    0,    0, 
EP, 77, 2013050112, 03, DSHP,  48,  40N,  987W,  31,    0, TD,   0,    ,    0,    0,    0,    0, 
EP, 77, 2013050112, 03, DSHP,  60,  31N, 1013W,  35,    0, TS,   0,    ,    0,    0,    0,    0, 
EP, 77, 2013050112, 03, DSHP,  72,  22N, 1044W,  35,    0, TS,   0,    ,    0,    0,    0,    0, 
EP, 77, 2013050112, 03, DSHP,  84,  12N, 1089W,  34,    0, TS,   0,    ,    0,    0,    0,    0, 
EP, 77, 2013050112, 03, DSHP,  96,   5N, 1244W,  34,    0, TS,   0,    ,    0,    0,    0,    0, 
EP, 77, 2013050112, 03, DSHP, 108,  11N, 1326W,  31,    0, TD,   0,    ,    0,    0,    0,    0, 
EP, 77, 2013050112, 03, DSHP, 120,  24N, 1376W,  28,    0, TD,   0,    ,    0,    0,    0,    0, 
EP, 77, 2013050112, 03, IV15,   0,   0N,    0W,  20,    0,   ,   0,    ,    0,    0,    0,    0, 
EP, 77, 2013050112, 03, IV15,  12,   0N,    0W,  21,    0,   ,   0,    ,    0,    0,    0,    0, 
EP, 77, 2013050112, 03, IV15,  24,   0N,    0W,  24,    0,   ,   0,    ,    0,    0,    0,    0, 
EP, 77, 2013050112, 03, IV15,  36,   0N,    0W,  26,    0,   ,   0,    ,    0,    0,    0,    0, 
EP, 77, 2013050112, 03, IV15,  48,   0N,    0W,  28,    0,   ,   0,    ,    0,    0,    0,    0, 
EP, 77, 2013050112, 03, IV15,  60,   0N,    0W,  30,    0,   ,   0,    ,    0,    0,    0,    0, 
EP, 77, 2013050112, 03, IV15,  72,   0N,    0W,  29,    0,   ,   0,    ,    0,    0,    0,    0, 
EP, 77, 2013050112, 03, IV15,  84,   0N,    0W,  27,    0,   ,   0,    ,    0,    0,    0,    0, 
EP, 77, 2013050112, 03, IV15,  96,   0N,    0W,  26,    0,   ,   0,    ,    0,    0,    0,    0, 
EP, 77, 2013050112, 03, IVCN,   0,   0N,    0W,  20,    0,   ,   0,    ,    0,    0,    0,    0, 
EP, 77, 2013050112, 03, IVCN,  12,   0N,    0W,  21,    0,   ,   0,    ,    0,    0,    0,    0, 
EP, 77, 2013050112, 03, IVCN,  24,   0N,    0W,  24,    0,   ,   0,    ,    0,    0,    0,    0, 
EP, 77, 2013050112, 03, IVCN,  36,   0N,    0W,  26,    0,   ,   0,    ,    0,    0,    0,    0, 
EP, 77, 2013050112, 03, IVCN,  48,   0N,    0W,  28,    0,   ,   0,    ,    0,    0,    0,    0, 
EP, 77, 2013050112, 03, IVCN,  60,   0N,    0W,  30,    0,   ,   0,    ,    0,    0,    0,    0, 
EP, 77, 2013050112, 03, IVCN,  72,   0N,    0W,  29,    0,   ,   0,    ,    0,    0,    0,    0, 
EP, 77, 2013050112, 03, IVCN,  84,   0N,    0W,  27,    0,   ,   0,    ,    0,    0,    0,    0, 
EP, 77, 2013050112, 03, IVCN,  96,   0N,    0W,  26,    0,   ,   0,    ,    0,    0,    0,    0, 
EP, 77, 2013050112, 03, LBAR,   0,  75N,  920W,  20,    0,   ,   0,    ,    0,    0,    0,    0, 
EP, 77, 2013050112, 03, LBAR,  12,  79N,  927W,   0,    0,   ,   0,    ,    0,    0,    0,    0, 
EP, 77, 2013050112, 03, LBAR,  24,  82N,  937W,   0,    0,   ,   0,    ,    0,    0,    0,    0, 
EP, 77, 2013050112, 03, LBAR,  36,  87N,  943W,   0,    0,   ,   0,    ,    0,    0,    0,    0, 
EP, 77, 2013050112, 03, LBAR,  48,  95N,  943W,   0,    0,   ,   0,    ,    0,    0,    0,    0, 
EP, 77, 2013050112, 03, LBAR,  60, 114N,  932W,   0,    0,   ,   0,    ,    0,    0,    0,    0, 
EP, 77, 2013050112, 03, LBAR,  72, 135N,  910W,   0,    0,   ,   0,    ,    0,    0,    0,    0, 
EP, 77, 2013050112, 03, LBAR,  84, 163N,  877W,   0,    0,   ,   0,    ,    0,    0,    0,    0, 
EP, 77, 2013050112, 03, LBAR,  96, 192N,  832W,   0,    0,   ,   0,    ,    0,    0,    0,    0, 
EP, 77, 2013050112, 03, LBAR, 108, 219N,  774W,   0,    0,   ,   0,    ,    0,    0,    0,    0, 
EP, 77, 2013050112, 03, LBAR, 120, 226N,  709W,   0,    0,   ,   0,    ,    0,    0,    0,    0, 
EP, 77, 2013050112, 03, LGEM,   0,  75N,  920W,  20,    0, TD,   0,    ,    0,    0,    0,    0, 
EP, 77, 2013050112, 03, LGEM,  12,  73N,  934W,  21,    0, TD,   0,    ,    0,    0,    0,    0, 
EP, 77, 2013050112, 03, LGEM,  24,  63N,  949W,  23,    0, TD,   0,    ,    0,    0,    0,    0, 
EP, 77, 2013050112, 03, LGEM,  36,  52N,  966W,  24,    0, TD,   0,    ,    0,    0,    0,    0, 
EP, 77, 2013050112, 03, LGEM,  48,  40N,  987W,  25,    0, TD,   0,    ,    0,    0,    0,    0, 
EP, 77, 2013050112, 03, LGEM,  60,  31N, 1013W,  25,    0, TD,   0,    ,    0,    0,    0,    0, 
EP, 77, 2013050112, 03, LGEM,  72,  22N, 1044W,  23,    0, TD,   0,    ,    0,    0,    0,    0, 
EP, 77, 2013050112, 03, LGEM,  84,  12N, 1089W,  20,    0, TD,   0,    ,    0,    0,    0,    0, 
EP, 77, 2013050112, 03, LGEM,  96,   5N, 1244W,  17,    0, TD,   0,    ,    0,    0,    0,    0, 
EP, 77, 2013050112, 03, SHF5,   0,   0N,    0W,  20,    0,   ,   0,    ,    0,    0,    0,    0, 
EP, 77, 2013050112, 03, SHF5,  12,   0N,    0W,  28,    0,   ,   0,    ,    0,    0,    0,    0, 
EP, 77, 2013050112, 03, SHF5,  24,   0N,    0W,  43,    0,   ,   0,    ,    0,    0,    0,    0, 
EP, 77, 2013050112, 03, SHF5,  36,   0N,    0W,  57,    0,   ,   0,    ,    0,    0,    0,    0, 
EP, 77, 2013050112, 03, SHF5,  48,   0N,    0W,  74,    0,   ,   0,    ,    0,    0,    0,    0, 
EP, 77, 2013050112, 03, SHF5,  60,   0N,    0W,  59,    0,   ,   0,    ,    0,    0,    0,    0, 
EP, 77, 2013050112, 03, SHF5,  72,   0N,    0W,  62,    0,   ,   0,    ,    0,    0,    0,    0, 
EP, 77, 2013050112, 03, SHF5,  84,   0N,    0W,  63,    0,   ,   0,    ,    0,    0,    0,    0, 
EP, 77, 2013050112, 03, SHF5,  96,   0N,    0W,  67,    0,   ,   0,    ,    0,    0,    0,    0, 
EP, 77, 2013050112, 03, SHF5, 108,   0N,    0W,  63,    0,   ,   0,    ,    0,    0,    0,    0, 
EP, 77, 2013050112, 03, SHF5, 120,   0N,    0W,  66,    0,   ,   0,    ,    0,    0,    0,    0, 
EP, 77, 2013050112, 03, SHFR,  12,   0N,    0W,  27,    0,   ,   0,    ,    0,    0,    0,    0, 
EP, 77, 2013050112, 03, SHFR,  24,   0N,    0W,  35,    0,   ,   0,    ,    0,    0,    0,    0, 
EP, 77, 2013050112, 03, SHFR,  36,   0N,    0W,  45,    0,   ,   0,    ,    0,    0,    0,    0, 
EP, 77, 2013050112, 03, SHFR,  48,   0N,    0W,  53,    0,   ,   0,    ,    0,    0,    0,    0, 
EP, 77, 2013050112, 03, SHFR,  60,   0N,    0W,  61,    0,   ,   0,    ,    0,    0,    0,    0, 
EP, 77, 2013050112, 03, SHFR,  72,   0N,    0W,  67,    0,   ,   0,    ,    0,    0,    0,    0, 
EP, 77, 2013050112, 03, SHIP,   0,  75N,  920W,  20,    0, TD,   0,    ,    0,    0,    0,    0, 
EP, 77, 2013050112, 03, SHIP,  12,  73N,  934W,  21,    0, TD,   0,    ,    0,    0,    0,    0, 
EP, 77, 2013050112, 03, SHIP,  24,  63N,  949W,  24,    0, TD,   0,    ,    0,    0,    0,    0, 
EP, 77, 2013050112, 03, SHIP,  36,  52N,  966W,  27,    0, TD,   0,    ,    0,    0,    0,    0, 
EP, 77, 2013050112, 03, SHIP,  48,  40N,  987W,  31,    0, TD,   0,    ,    0,    0,    0,    0, 
EP, 77, 2013050112, 03, SHIP,  60,  31N, 1013W,  35,    0, TS,   0,    ,    0,    0,    0,    0, 
EP, 77, 2013050112, 03, SHIP,  72,  22N, 1044W,  35,    0, TS,   0,    ,    0,    0,    0,    0, 
EP, 77, 2013050112, 03, SHIP,  84,  12N, 1089W,  34,    0, TS,   0,    ,    0,    0,    0,    0, 
EP, 77, 2013050112, 03, SHIP,  96,   5N, 1244W,  34,    0, TS,   0,    ,    0,    0,    0,    0, 
EP, 77, 2013050112, 03, SHIP, 108,  11N, 1326W,  31,    0, TD,   0,    ,    0,    0,    0,    0, 
EP, 77, 2013050112, 03, SHIP, 120,  24N, 1376W,  28,    0, TD,   0,    ,    0,    0,    0,    0, 
EP, 77, 2013050112, 03, XTRP,   0,  75N,  920W,   0,    0,   ,   0,    ,    0,    0,    0,    0, 
EP, 77, 2013050112, 03, XTRP,  12,  75N,  924W,   0,    0,   ,   0,    ,    0,    0,    0,    0, 
EP, 77, 2013050112, 03, XTRP,  24,  75N,  929W,   0,    0,   ,   0,    ,    0,    0,    0,    0, 
EP, 77, 2013050112, 03, XTRP,  36,  75N,  934W,   0,    0,   ,   0,    ,    0,    0,    0,    0, 
EP, 77, 2013050112, 03, XTRP,  48,  75N,  939W,   0,    0,   ,   0,    ,    0,    0,    0,    0, 
EP, 77, 2013050112, 03, XTRP,  60,  75N,  944W,   0,    0,   ,   0,    ,    0,    0,    0,    0, 
EP, 77, 2013050112, 03, XTRP,  72,  75N,  949W,   0,    0,   ,   0,    ,    0,    0,    0,    0, 
EP, 77, 2013050112, 03, XTRP,  84,  75N,  954W,   0,    0,   ,   0,    ,    0,    0,    0,    0, 
EP, 77, 2013050112, 03, XTRP,  96,  75N,  959W,   0,    0,   ,   0,    ,    0,    0,    0,    0, 
EP, 77, 2013050112, 03, XTRP, 108,  75N,  964W,   0,    0,   ,   0,    ,    0,    0,    0,    0, 
EP, 77, 2013050112, 03, XTRP, 120,  75N,  969W,   0,    0,   ,   0,    ,    0,    0,    0,    0, 
EP, 77, 2013050112, 03, XTRP, 132,  75N,  974W,   0,    0,   ,   0,    ,    0,    0,    0,    0, 
EP, 77, 2013050112, 03, XTRP, 144,  75N,  979W,   0,    0,   ,   0,    ,    0,    0,    0,    0, 
EP, 77, 2013050112, 03, XTRP, 156,  75N,  984W,   0,    0,   ,   0,    ,    0,    0,    0,    0, 
EP, 77, 2013050112, 03, XTRP, 168,  75N,  989W,   0,    0,   ,   0,    ,    0,    0,    0,    0, 
