SH, 12, 2014020412, 03, HWRF, 000, 172S, 1615E,  35,  998, XX,  34, NEQ, 0130, 0065, 0000, 0000,    0,    0, 104
SH, 12, 2014020412, 03, HWRF, 006, 189S, 1620E,  40,  995, XX,  34, NEQ, 0111, 0082, 0042, 0000,    0,    0,  57
SH, 12, 2014020412, 03, HWRF, 012, 206S, 1624E,  40,  994, XX,  34, NEQ, 0071, 0070, 0048, 0041,    0,    0,  51
SH, 12, 2014020412, 03, HWRF, 018, 219S, 1627E,  52,  992, XX,  34, NEQ, 0056, 0084, 0080, 0044,    0,    0,  59
SH, 12, 2014020412, 03, HWRF, 018, 219S, 1627E,  52,  992, XX,  50, NEQ, 0000, 0060, 0000, 0000,    0,    0,  59
SH, 12, 2014020412, 03, HWRF, 024, 230S, 1631E,  52,  990, XX,  34, NEQ, 0059, 0081, 0067, 0046,    0,    0,  19
SH, 12, 2014020412, 03, HWRF, 024, 230S, 1631E,  52,  990, XX,  50, NEQ, 0000, 0000, 0019, 0027,    0,    0,  19
SH, 12, 2014020412, 03, HWRF, 030, 241S, 1633E,  48,  992, XX,  34, NEQ, 0050, 0061, 0060, 0031,    0,    0,  34
SH, 12, 2014020412, 03, HWRF, 036, 252S, 1629E,  41,  995, XX,  34, NEQ, 0036, 0073, 0058, 0025,    0,    0,  47
SH, 12, 2014020412, 03, HWRF, 042, 257S, 1626E,  35,  998, XX,  34, NEQ, 0000, 0000, 0038, 0000,    0,    0,  32
SH, 12, 2014020412, 03, HWRF, 048, 262S, 1622E,  31, 1001, XX,  34, NEQ, 0000, 0000, 0000, 0000,    0,    0,  29
SH, 12, 2014020412, 03, HWRF, 054, 268S, 1618E,  25, 1004, XX,  34, NEQ, 0000, 0000, 0000, 0000,    0,    0,  46
SH, 12, 2014020412, 03, HWRF, 060, 274S, 1615E,  23, 1006, XX,  34, NEQ, 0000, 0000, 0000, 0000,    0,    0,  38
SH, 12, 2014020412, 03, HWRF, 066, 278S, 1614E,  21, 1009, XX,  34, NEQ, 0000, 0000, 0000, 0000,    0,    0,  33
SH, 12, 2014020412, 03, HWRF, 072, 283S, 1613E,  19, 1010, XX,  34, NEQ, 0000, 0000, 0000, 0000,    0,    0,  31
SH, 12, 2014020412, 03, HWRF, 078, 285S, 1613E,  18, 1012, XX,  34, NEQ, 0000, 0000, 0000, 0000,    0,    0,  37
SH, 12, 2014020412, 03, HWRF, 084, 290S, 1616E,  16, 1013, XX,  34, NEQ, 0000, 0000, 0000, 0000,    0,    0,  51
SH, 12, 2014020418, 03, HWRF, 000, 182S, 1623E,  39,  994, XX,  34, NEQ, 0114, 0082, 0040, 0000,    0,    0,  60
SH, 12, 2014020418, 03, HWRF, 006, 198S, 1625E,  48,  992, XX,  34, NEQ, 0141, 0078, 0000, 0000,    0,    0,  51
SH, 12, 2014020418, 03, HWRF, 012, 216S, 1628E,  45,  992, XX,  34, NEQ, 0080, 0070, 0062, 0042,    0,    0,  19
SH, 12, 2014020418, 03, HWRF, 018, 231S, 1633E,  52,  989, XX,  34, NEQ, 0042, 0076, 0067, 0050,    0,    0,  23
SH, 12, 2014020418, 03, HWRF, 018, 231S, 1633E,  52,  989, XX,  50, NEQ, 0000, 0029, 0000, 0028,    0,    0,  23
SH, 12, 2014020418, 03, HWRF, 024, 239S, 1631E,  45,  991, XX,  34, NEQ, 0044, 0077, 0057, 0031,    0,    0,  23
SH, 12, 2014020418, 03, HWRF, 030, 246S, 1629E,  35,  996, XX,  34, NEQ, 0000, 0000, 0037, 0024,    0,    0,  21
SH, 12, 2014020418, 03, HWRF, 036, 256S, 1627E,  34,  999, XX,  34, NEQ, 0000, 0000, 0000, 0000,    0,    0,  25
SH, 12, 2014020418, 03, HWRF, 042, 265S, 1624E,  35, 1000, XX,  34, NEQ, 0000, 0056, 0029, 0000,    0,    0,  23
SH, 12, 2014020418, 03, HWRF, 048, 272S, 1621E,  30, 1003, XX,  34, NEQ, 0000, 0000, 0000, 0000,    0,    0,  52
SH, 12, 2014020418, 03, HWRF, 054, 279S, 1621E,  24, 1005, XX,  34, NEQ, 0000, 0000, 0000, 0000,    0,    0,  54
SH, 12, 2014020418, 03, HWRF, 060, 287S, 1623E,  20, 1008, XX,  34, NEQ, 0000, 0000, 0000, 0000,    0,    0,  53
SH, 12, 2014020418, 03, HWRF, 066, 293S, 1625E,  18, 1010, XX,  34, NEQ, 0000, 0000, 0000, 0000,    0,    0,  76
SH, 12, 2014020418, 03, HWRF, 072, 300S, 1630E,  17, 1012, XX,  34, NEQ, 0000, 0000, 0000, 0000,    0,    0,  71
SH, 12, 2014020418, 03, HWRF, 078, 306S, 1636E,  18, 1012, XX,  34, NEQ, 0000, 0000, 0000, 0000,    0,    0,  35
SH, 12, 2014020418, 99, CHIP,   0, 189S, 1630E,  39, 1001,   ,   0,    ,    0,    0,    0,    0,
SH, 12, 2014020418, 99, CHIP,   6, 196S, 1632E,  44,  997,   ,   0,    ,    0,    0,    0,    0,
SH, 12, 2014020418, 99, CHIP,  12, 203S, 1634E,  46,  996,   ,   0,    ,    0,    0,    0,    0,
SH, 12, 2014020418, 99, CHIP,  18, 211S, 1635E,  48,  994,   ,   0,    ,    0,    0,    0,    0,
SH, 12, 2014020418, 99, CHIP,  24, 219S, 1635E,  49,  994,   ,   0,    ,    0,    0,    0,    0,
SH, 12, 2014020418, 99, CHIP,  30, 225S, 1633E,  49,  994,   ,   0,    ,    0,    0,    0,    0,
SH, 12, 2014020418, 99, CHIP,  36, 231S, 1631E,  48,  994,   ,   0,    ,    0,    0,    0,    0,
SH, 12, 2014020418, 99, CHIP,  42, 235S, 1628E,  47,  994,   ,   0,    ,    0,    0,    0,    0,
SH, 12, 2014020418, 99, CHIP,  48, 240S, 1625E,  45,  995,   ,   0,    ,    0,    0,    0,    0,
SH, 12, 2014020418, 99, CHIP,  54, 243S, 1622E,  42,  995,   ,   0,    ,    0,    0,    0,    0,
SH, 12, 2014020418, 99, CHIP,  60, 247S, 1619E,  41,  996,   ,   0,    ,    0,    0,    0,    0,
SH, 12, 2014020418, 99, CHIP,  66, 250S, 1616E,  35,  998,   ,   0,    ,    0,    0,    0,    0,
SH, 12, 2014020418, 99, CHIP,  72, 254S, 1612E,  33,  998,   ,   0,    ,    0,    0,    0,    0,
SH, 12, 2014020418, 99, CHP2,   0, 189S, 1630E,  39,  999,   ,   0,    ,    0,    0,    0,    0,
SH, 12, 2014020418, 99, CHP2,   6, 196S, 1632E,  45,  995,   ,   0,    ,    0,    0,    0,    0,
SH, 12, 2014020418, 99, CHP2,  12, 203S, 1634E,  49,  993,   ,   0,    ,    0,    0,    0,    0,
SH, 12, 2014020418, 99, CHP2,  18, 211S, 1635E,  51,  991,   ,   0,    ,    0,    0,    0,    0,
SH, 12, 2014020418, 99, CHP2,  24, 219S, 1635E,  53,  991,   ,   0,    ,    0,    0,    0,    0,
SH, 12, 2014020418, 99, CHP2,  30, 225S, 1633E,  53,  991,   ,   0,    ,    0,    0,    0,    0,
SH, 12, 2014020418, 99, CHP2,  36, 231S, 1631E,  51,  992,   ,   0,    ,    0,    0,    0,    0,
SH, 12, 2014020418, 99, CHP2,  42, 235S, 1628E,  49,  993,   ,   0,    ,    0,    0,    0,    0,
SH, 12, 2014020418, 99, CHP2,  48, 240S, 1625E,  46,  994,   ,   0,    ,    0,    0,    0,    0,
SH, 12, 2014020418, 99, CHP2,  54, 243S, 1622E,  44,  994,   ,   0,    ,    0,    0,    0,    0,
SH, 12, 2014020418, 99, CHP2,  60, 247S, 1619E,  39,  996,   ,   0,    ,    0,    0,    0,    0,
SH, 12, 2014020418, 99, CHP2,  66, 250S, 1616E,  36,  996,   ,   0,    ,    0,    0,    0,    0,
SH, 12, 2014020418, 99, CHP2,  72, 254S, 1612E,  35,  997,   ,   0,    ,    0,    0,    0,    0,
SH, 12, 2014020418, 99, CHP3,   0, 189S, 1630E,  26, 1002,   ,   0,    ,    0,    0,    0,    0,
SH, 12, 2014020418, 99, CHP3,   6, 196S, 1632E,  25, 1002,   ,   0,    ,    0,    0,    0,    0,
SH, 12, 2014020418, 99, CHP3,  12, 203S, 1634E,  26, 1001,   ,   0,    ,    0,    0,    0,    0,
SH, 12, 2014020418, 99, CHP3,  18, 211S, 1635E,  27, 1001,   ,   0,    ,    0,    0,    0,    0,
SH, 12, 2014020418, 99, CHP3,  24, 219S, 1635E,  28, 1001,   ,   0,    ,    0,    0,    0,    0,
SH, 12, 2014020418, 99, CHP3,  30, 225S, 1633E,  29, 1001,   ,   0,    ,    0,    0,    0,    0,
SH, 12, 2014020418, 99, CHP3,  36, 231S, 1631E,  30, 1001,   ,   0,    ,    0,    0,    0,    0,
SH, 12, 2014020418, 99, CHP3,  42, 235S, 1628E,  30, 1000,   ,   0,    ,    0,    0,    0,    0,
SH, 12, 2014020418, 99, CHP3,  48, 240S, 1625E,  28, 1000,   ,   0,    ,    0,    0,    0,    0,
SH, 12, 2014020418, 99, CHP3,  54, 243S, 1622E,  27, 1000,   ,   0,    ,    0,    0,    0,    0,
SH, 12, 2014020418, 99, CHP3,  60, 247S, 1619E,  27, 1000,   ,   0,    ,    0,    0,    0,    0,
SH, 12, 2014020418, 99, CHP3,  66, 250S, 1616E,  26, 1001,   ,   0,    ,    0,    0,    0,    0,
SH, 12, 2014020418, 99, CHP3,  72, 254S, 1612E,  26, 1001,   ,   0,    ,    0,    0,    0,    0,
SH, 12, 2014020418, 99, CHP4,   0, 189S, 1630E,  36,  999,   ,   0,    ,    0,    0,    0,    0,
SH, 12, 2014020418, 99, CHP4,   6, 196S, 1632E,  41,  997,   ,   0,    ,    0,    0,    0,    0,
SH, 12, 2014020418, 99, CHP4,  12, 203S, 1634E,  45,  995,   ,   0,    ,    0,    0,    0,    0,
SH, 12, 2014020418, 99, CHP4,  18, 211S, 1635E,  47,  994,   ,   0,    ,    0,    0,    0,    0,
SH, 12, 2014020418, 99, CHP4,  24, 219S, 1635E,  49,  993,   ,   0,    ,    0,    0,    0,    0,
SH, 12, 2014020418, 99, CHP4,  30, 225S, 1633E,  49,  993,   ,   0,    ,    0,    0,    0,    0,
SH, 12, 2014020418, 99, CHP4,  36, 231S, 1631E,  49,  993,   ,   0,    ,    0,    0,    0,    0,
SH, 12, 2014020418, 99, CHP4,  42, 235S, 1628E,  47,  994,   ,   0,    ,    0,    0,    0,    0,
SH, 12, 2014020418, 99, CHP4,  48, 240S, 1625E,  44,  994,   ,   0,    ,    0,    0,    0,    0,
SH, 12, 2014020418, 99, CHP4,  54, 243S, 1622E,  42,  995,   ,   0,    ,    0,    0,    0,    0,
SH, 12, 2014020418, 99, CHP4,  60, 247S, 1619E,  40,  996,   ,   0,    ,    0,    0,    0,    0,
SH, 12, 2014020418, 99, CHP4,  66, 250S, 1616E,  35,  997,   ,   0,    ,    0,    0,    0,    0,
SH, 12, 2014020418, 99, CHP4,  72, 254S, 1612E,  33,  998,   ,   0,    ,    0,    0,    0,    0,
SH, 12, 2014020418, 99, CHP5,   0, 189S, 1630E,  27, 1002,   ,   0,    ,    0,    0,    0,    0,
SH, 12, 2014020418, 99, CHP5,   6, 196S, 1632E,  36,  999,   ,   0,    ,    0,    0,    0,    0,
SH, 12, 2014020418, 99, CHP5,  12, 203S, 1634E,  40,  997,   ,   0,    ,    0,    0,    0,    0,
SH, 12, 2014020418, 99, CHP5,  18, 211S, 1635E,  42,  996,   ,   0,    ,    0,    0,    0,    0,
SH, 12, 2014020418, 99, CHP5,  24, 219S, 1635E,  44,  995,   ,   0,    ,    0,    0,    0,    0,
SH, 12, 2014020418, 99, CHP5,  30, 225S, 1633E,  44,  995,   ,   0,    ,    0,    0,    0,    0,
SH, 12, 2014020418, 99, CHP5,  36, 231S, 1631E,  45,  995,   ,   0,    ,    0,    0,    0,    0,
SH, 12, 2014020418, 99, CHP5,  42, 235S, 1628E,  44,  995,   ,   0,    ,    0,    0,    0,    0,
SH, 12, 2014020418, 99, CHP5,  48, 240S, 1625E,  41,  996,   ,   0,    ,    0,    0,    0,    0,
SH, 12, 2014020418, 99, CHP5,  54, 243S, 1622E,  40,  996,   ,   0,    ,    0,    0,    0,    0,
SH, 12, 2014020418, 99, CHP5,  60, 247S, 1619E,  38,  997,   ,   0,    ,    0,    0,    0,    0,
SH, 12, 2014020418, 99, CHP5,  66, 250S, 1616E,  34,  998,   ,   0,    ,    0,    0,    0,    0,
SH, 12, 2014020418, 99, CHP5,  72, 254S, 1612E,  31,  998,   ,   0,    ,    0,    0,    0,    0,
SH, 12, 2014020418, 99, CHP6,   0, 189S, 1630E,  36, 1000,   ,   0,    ,    0,    0,    0,    0,
SH, 12, 2014020418, 99, CHP6,   6, 196S, 1632E,  45,  995,   ,   0,    ,    0,    0,    0,    0,
SH, 12, 2014020418, 99, CHP6,  12, 203S, 1634E,  49,  993,   ,   0,    ,    0,    0,    0,    0,
SH, 12, 2014020418, 99, CHP6,  18, 211S, 1635E,  53,  991,   ,   0,    ,    0,    0,    0,    0,
SH, 12, 2014020418, 99, CHP6,  24, 219S, 1635E,  54,  990,   ,   0,    ,    0,    0,    0,    0,
SH, 12, 2014020418, 99, CHP6,  30, 225S, 1633E,  55,  990,   ,   0,    ,    0,    0,    0,    0,
SH, 12, 2014020418, 99, CHP6,  36, 231S, 1631E,  54,  991,   ,   0,    ,    0,    0,    0,    0,
SH, 12, 2014020418, 99, CHP6,  42, 235S, 1628E,  51,  992,   ,   0,    ,    0,    0,    0,    0,
SH, 12, 2014020418, 99, CHP6,  48, 240S, 1625E,  48,  993,   ,   0,    ,    0,    0,    0,    0,
SH, 12, 2014020418, 99, CHP6,  54, 243S, 1622E,  46,  993,   ,   0,    ,    0,    0,    0,    0,
SH, 12, 2014020418, 99, CHP6,  60, 247S, 1619E,  41,  995,   ,   0,    ,    0,    0,    0,    0,
SH, 12, 2014020418, 99, CHP6,  66, 250S, 1616E,  38,  995,   ,   0,    ,    0,    0,    0,    0,
SH, 12, 2014020418, 99, CHP6,  72, 254S, 1612E,  37,  996,   ,   0,    ,    0,    0,    0,    0,
SH, 12, 2014020418, 99, CHP7,   0, 189S, 1630E,  27, 1002,   ,   0,    ,    0,    0,    0,    0,
SH, 12, 2014020418, 99, CHP7,   6, 196S, 1632E,  30, 1001,   ,   0,    ,    0,    0,    0,    0,
SH, 12, 2014020418, 99, CHP7,  12, 203S, 1634E,  33, 1000,   ,   0,    ,    0,    0,    0,    0,
SH, 12, 2014020418, 99, CHP7,  18, 211S, 1635E,  34,  999,   ,   0,    ,    0,    0,    0,    0,
SH, 12, 2014020418, 99, CHP7,  24, 219S, 1635E,  36,  998,   ,   0,    ,    0,    0,    0,    0,
SH, 12, 2014020418, 99, CHP7,  30, 225S, 1633E,  36,  998,   ,   0,    ,    0,    0,    0,    0,
SH, 12, 2014020418, 99, CHP7,  36, 231S, 1631E,  37,  998,   ,   0,    ,    0,    0,    0,    0,
SH, 12, 2014020418, 99, CHP7,  42, 235S, 1628E,  37,  998,   ,   0,    ,    0,    0,    0,    0,
SH, 12, 2014020418, 99, CHP7,  48, 240S, 1625E,  35,  998,   ,   0,    ,    0,    0,    0,    0,
SH, 12, 2014020418, 99, CHP7,  54, 243S, 1622E,  34,  998,   ,   0,    ,    0,    0,    0,    0,
SH, 12, 2014020418, 99, CHP7,  60, 247S, 1619E,  33,  999,   ,   0,    ,    0,    0,    0,    0,
SH, 12, 2014020418, 99, CHP7,  66, 250S, 1616E,  32,  999,   ,   0,    ,    0,    0,    0,    0,
SH, 12, 2014020418, 99, CHP7,  72, 254S, 1612E,  30, 1000,   ,   0,    ,    0,    0,    0,    0,
SH, 12, 2014020500, 03, HWRF, 000, 204S, 1635E,  53,  993, XX,  34, NEQ, 0084, 0100, 0000, 0045,    0,    0,  39
SH, 12, 2014020500, 03, HWRF, 000, 204S, 1635E,  53,  993, XX,  50, NEQ, 0042, 0050, 0000, 0000,    0,    0,  39
SH, 12, 2014020500, 03, HWRF, 006, 223S, 1639E,  47,  991, XX,  34, NEQ, 0075, 0076, 0067, 0054,    0,    0,  48
SH, 12, 2014020500, 03, HWRF, 012, 240S, 1647E,  50,  990, XX,  34, NEQ, 0071, 0073, 0072, 0053,    0,    0,  36
SH, 12, 2014020500, 03, HWRF, 018, 254S, 1651E,  44,  992, XX,  34, NEQ, 0058, 0066, 0064, 0046,    0,    0,  33
SH, 12, 2014020500, 03, HWRF, 024, 262S, 1654E,  38,  995, XX,  34, NEQ, 0048, 0037, 0038, 0039,    0,    0,  26
SH, 12, 2014020500, 03, HWRF, 030, 274S, 1664E,  32, 1000, XX,  34, NEQ, 0000, 0000, 0000, 0000,    0,    0,  40
SH, 12, 2014020500, 03, HWRF, 036, 290S, 1675E,  28, 1004, XX,  34, NEQ, 0000, 0000, 0000, 0000,    0,    0,  66
SH, 12, 2014020500, 03, HWRF, 042, 305S, 1690E,  26, 1007, XX,  34, NEQ, 0000, 0000, 0000, 0000,    0,    0,  87
SH, 12, 2014020500, 03, HWRF, 048, 321S, 1707E,  25, 1008, XX,  34, NEQ, 0000, 0000, 0000, 0000,    0,    0, 108
SH, 12, 2014020500, 03, HWRF, 054, 332S, 1727E,  23, 1010, XX,  34, NEQ, 0000, 0000, 0000, 0000,    0,    0, 107
SH, 12, 2014020500, 03, HWRF, 060, 343S, 1749E,  23, 1010, XX,  34, NEQ, 0000, 0000, 0000, 0000,    0,    0, 107
SH, 12, 2014020500, 03, HWRF, 066, 366S, 1771E,  27, 1009, XX,  34, NEQ, 0000, 0000, 0000, 0000,    0,    0, 107
SH, 12, 2014020500, 03, HWRF, 072, 380S, 1782E,  33, 1007, XX,  34, NEQ, 0000, 0000, 0000, 0000,    0,    0,  82
SH, 12, 2014020500, 03, HWRF, 078, 384S, 1793E,  37, 1006, XX,  34, NEQ, 0128, 0085, 0058, 0000,    0,    0,  36
SH, 12, 2014020500, 03, HWRF, 084, 386S, 1798E,  38, 1004, XX,  34, NEQ, 0159, 0159, 0080, 0095,    0,    0,  45
SH, 12, 2014020500, 03, HWRF, 090, 380S, 1799E,  37, 1003, XX,  34, NEQ, 0000, 0186, 0084, 0071,    0,    0,  52
SH, 12, 2014020500, 03, HWRF, 096, 377S, 1796W,  38, 1002, XX,  34, NEQ, 0000, 0000, 0192, 0000,    0,    0, 107
SH, 12, 2014020500, 03, HWRF, 102, 377S, 1796E,  28, 1002, XX,  34, NEQ, 0000, 0000, 0000, 0000,    0,    0,  52
SH, 12, 2014020500, 03, HWRF, 108, 375S, 1798E,  25, 1002, XX,  34, NEQ, 0000, 0000, 0000, 0000,    0,    0,  65
SH, 12, 2014020500, 03, HWRF, 114, 378S, 1793E,  23, 1003, XX,  34, NEQ, 0000, 0000, 0000, 0000,    0,    0,  62
SH, 12, 2014020500, 03, HWRF, 120, 378S, 1781E,  21, 1005, XX,  34, NEQ, 0000, 0000, 0256, 0000,    0,    0,  88
SH, 12, 2014020500, 03, HWRF, 126, 382S, 1776E,  19, 1006, XX,  34, NEQ, 0000, 0000, 0223, 0000,    0,    0,  40
SH, 12, 2014020500, 99, CHIP,   0, 204S, 1634E,  49,  997,   ,   0,    ,    0,    0,    0,    0,
SH, 12, 2014020500, 99, CHIP,   6, 217S, 1639E,  48,  996,   ,   0,    ,    0,    0,    0,    0,
SH, 12, 2014020500, 99, CHIP,  12, 230S, 1645E,  49,  996,   ,   0,    ,    0,    0,    0,    0,
SH, 12, 2014020500, 99, CHIP,  18, 240S, 1649E,  49,  996,   ,   0,    ,    0,    0,    0,    0,
SH, 12, 2014020500, 99, CHIP,  24, 250S, 1653E,  48,  996,   ,   0,    ,    0,    0,    0,    0,
SH, 12, 2014020500, 99, CHIP,  30, 261S, 1657E,  43,  998,   ,   0,    ,    0,    0,    0,    0,
SH, 12, 2014020500, 99, CHIP,  36, 272S, 1662E,  44,  998,   ,   0,    ,    0,    0,    0,    0,
SH, 12, 2014020500, 99, CHIP,  42, 284S, 1669E,  44,  999,   ,   0,    ,    0,    0,    0,    0,
SH, 12, 2014020500, 99, CHIP,  48, 296S, 1677E,  38,  999,   ,   0,    ,    0,    0,    0,    0,
SH, 12, 2014020500, 99, CHIP,  54, 307S, 1691E,  34, 1000,   ,   0,    ,    0,    0,    0,    0,
SH, 12, 2014020500, 99, CHIP,  60, 318S, 1705E,  31, 1001,   ,   0,    ,    0,    0,    0,    0,
SH, 12, 2014020500, 99, CHIP,  66, 329S, 1718E,  28, 1001,   ,   0,    ,    0,    0,    0,    0,
SH, 12, 2014020500, 99, CHIP,  72, 340S, 1732E,  26, 1002,   ,   0,    ,    0,    0,    0,    0,
SH, 12, 2014020500, 99, CHP2,   0, 204S, 1634E,  46,  996,   ,   0,    ,    0,    0,    0,    0,
SH, 12, 2014020500, 99, CHP2,   6, 217S, 1639E,  49,  994,   ,   0,    ,    0,    0,    0,    0,
SH, 12, 2014020500, 99, CHP2,  12, 230S, 1645E,  51,  994,   ,   0,    ,    0,    0,    0,    0,
SH, 12, 2014020500, 99, CHP2,  18, 240S, 1649E,  50,  994,   ,   0,    ,    0,    0,    0,    0,
SH, 12, 2014020500, 99, CHP2,  24, 250S, 1653E,  47,  996,   ,   0,    ,    0,    0,    0,    0,
SH, 12, 2014020500, 99, CHP2,  30, 261S, 1657E,  43,  997,   ,   0,    ,    0,    0,    0,    0,
SH, 12, 2014020500, 99, CHP2,  36, 272S, 1662E,  44,  997,   ,   0,    ,    0,    0,    0,    0,
SH, 12, 2014020500, 99, CHP2,  42, 284S, 1669E,  44,  998,   ,   0,    ,    0,    0,    0,    0,
SH, 12, 2014020500, 99, CHP2,  48, 296S, 1677E,  39,  998,   ,   0,    ,    0,    0,    0,    0,
SH, 12, 2014020500, 99, CHP2,  54, 307S, 1691E,  34,  999,   ,   0,    ,    0,    0,    0,    0,
SH, 12, 2014020500, 99, CHP2,  60, 318S, 1705E,  31, 1000,   ,   0,    ,    0,    0,    0,    0,
SH, 12, 2014020500, 99, CHP2,  66, 329S, 1718E,  28, 1001,   ,   0,    ,    0,    0,    0,    0,
SH, 12, 2014020500, 99, CHP2,  72, 340S, 1732E,  27, 1001,   ,   0,    ,    0,    0,    0,    0,
SH, 12, 2014020500, 99, CHP3,   0, 204S, 1634E,  41,  998,   ,   0,    ,    0,    0,    0,    0,
SH, 12, 2014020500, 99, CHP3,   6, 217S, 1639E,  41,  998,   ,   0,    ,    0,    0,    0,    0,
SH, 12, 2014020500, 99, CHP3,  12, 230S, 1645E,  42,  997,   ,   0,    ,    0,    0,    0,    0,
SH, 12, 2014020500, 99, CHP3,  18, 240S, 1649E,  43,  997,   ,   0,    ,    0,    0,    0,    0,
SH, 12, 2014020500, 99, CHP3,  24, 250S, 1653E,  44,  998,   ,   0,    ,    0,    0,    0,    0,
SH, 12, 2014020500, 99, CHP3,  30, 261S, 1657E,  43,  998,   ,   0,    ,    0,    0,    0,    0,
SH, 12, 2014020500, 99, CHP3,  36, 272S, 1662E,  42,  999,   ,   0,    ,    0,    0,    0,    0,
SH, 12, 2014020500, 99, CHP3,  42, 284S, 1669E,  41,  999,   ,   0,    ,    0,    0,    0,    0,
SH, 12, 2014020500, 99, CHP3,  48, 296S, 1677E,  34, 1000,   ,   0,    ,    0,    0,    0,    0,
SH, 12, 2014020500, 99, CHP3,  54, 307S, 1691E,  31, 1000,   ,   0,    ,    0,    0,    0,    0,
SH, 12, 2014020500, 99, CHP3,  60, 318S, 1705E,  29, 1001,   ,   0,    ,    0,    0,    0,    0,
SH, 12, 2014020500, 99, CHP3,  66, 329S, 1718E,  27, 1001,   ,   0,    ,    0,    0,    0,    0,
SH, 12, 2014020500, 99, CHP3,  72, 340S, 1732E,  25, 1002,   ,   0,    ,    0,    0,    0,    0,
SH, 12, 2014020500, 99, CHP4,   0, 204S, 1634E,  45,  997,   ,   0,    ,    0,    0,    0,    0,
SH, 12, 2014020500, 99, CHP4,   6, 217S, 1639E,  46,  996,   ,   0,    ,    0,    0,    0,    0,
SH, 12, 2014020500, 99, CHP4,  12, 230S, 1645E,  48,  995,   ,   0,    ,    0,    0,    0,    0,
SH, 12, 2014020500, 99, CHP4,  18, 240S, 1649E,  48,  995,   ,   0,    ,    0,    0,    0,    0,
SH, 12, 2014020500, 99, CHP4,  24, 250S, 1653E,  47,  996,   ,   0,    ,    0,    0,    0,    0,
SH, 12, 2014020500, 99, CHP4,  30, 261S, 1657E,  41,  998,   ,   0,    ,    0,    0,    0,    0,
SH, 12, 2014020500, 99, CHP4,  36, 272S, 1662E,  42,  999,   ,   0,    ,    0,    0,    0,    0,
SH, 12, 2014020500, 99, CHP4,  42, 284S, 1669E,  42,  999,   ,   0,    ,    0,    0,    0,    0,
SH, 12, 2014020500, 99, CHP4,  48, 296S, 1677E,  38,  999,   ,   0,    ,    0,    0,    0,    0,
SH, 12, 2014020500, 99, CHP4,  54, 307S, 1691E,  33, 1000,   ,   0,    ,    0,    0,    0,    0,
SH, 12, 2014020500, 99, CHP4,  60, 318S, 1705E,  30, 1000,   ,   0,    ,    0,    0,    0,    0,
SH, 12, 2014020500, 99, CHP4,  66, 329S, 1718E,  28, 1001,   ,   0,    ,    0,    0,    0,    0,
SH, 12, 2014020500, 99, CHP4,  72, 340S, 1732E,  26, 1002,   ,   0,    ,    0,    0,    0,    0,
SH, 12, 2014020500, 99, CHP5,   0, 204S, 1634E,  42,  998,   ,   0,    ,    0,    0,    0,    0,
SH, 12, 2014020500, 99, CHP5,   6, 217S, 1639E,  43,  997,   ,   0,    ,    0,    0,    0,    0,
SH, 12, 2014020500, 99, CHP5,  12, 230S, 1645E,  45,  996,   ,   0,    ,    0,    0,    0,    0,
SH, 12, 2014020500, 99, CHP5,  18, 240S, 1649E,  46,  996,   ,   0,    ,    0,    0,    0,    0,
SH, 12, 2014020500, 99, CHP5,  24, 250S, 1653E,  46,  997,   ,   0,    ,    0,    0,    0,    0,
SH, 12, 2014020500, 99, CHP5,  30, 261S, 1657E,  42,  998,   ,   0,    ,    0,    0,    0,    0,
SH, 12, 2014020500, 99, CHP5,  36, 272S, 1662E,  42,  999,   ,   0,    ,    0,    0,    0,    0,
SH, 12, 2014020500, 99, CHP5,  42, 284S, 1669E,  42,  999,   ,   0,    ,    0,    0,    0,    0,
SH, 12, 2014020500, 99, CHP5,  48, 296S, 1677E,  36,  999,   ,   0,    ,    0,    0,    0,    0,
SH, 12, 2014020500, 99, CHP5,  54, 307S, 1691E,  32, 1000,   ,   0,    ,    0,    0,    0,    0,
SH, 12, 2014020500, 99, CHP5,  60, 318S, 1705E,  30, 1001,   ,   0,    ,    0,    0,    0,    0,
SH, 12, 2014020500, 99, CHP5,  66, 329S, 1718E,  27, 1001,   ,   0,    ,    0,    0,    0,    0,
SH, 12, 2014020500, 99, CHP5,  72, 340S, 1732E,  26, 1002,   ,   0,    ,    0,    0,    0,    0,
SH, 12, 2014020500, 99, CHP6,   0, 204S, 1634E,  45,  997,   ,   0,    ,    0,    0,    0,    0,
SH, 12, 2014020500, 99, CHP6,   6, 217S, 1639E,  49,  994,   ,   0,    ,    0,    0,    0,    0,
SH, 12, 2014020500, 99, CHP6,  12, 230S, 1645E,  51,  993,   ,   0,    ,    0,    0,    0,    0,
SH, 12, 2014020500, 99, CHP6,  18, 240S, 1649E,  52,  994,   ,   0,    ,    0,    0,    0,    0,
SH, 12, 2014020500, 99, CHP6,  24, 250S, 1653E,  49,  995,   ,   0,    ,    0,    0,    0,    0,
SH, 12, 2014020500, 99, CHP6,  30, 261S, 1657E,  44,  997,   ,   0,    ,    0,    0,    0,    0,
SH, 12, 2014020500, 99, CHP6,  36, 272S, 1662E,  45,  997,   ,   0,    ,    0,    0,    0,    0,
SH, 12, 2014020500, 99, CHP6,  42, 284S, 1669E,  45,  997,   ,   0,    ,    0,    0,    0,    0,
SH, 12, 2014020500, 99, CHP6,  48, 296S, 1677E,  41,  998,   ,   0,    ,    0,    0,    0,    0,
SH, 12, 2014020500, 99, CHP6,  54, 307S, 1691E,  36,  999,   ,   0,    ,    0,    0,    0,    0,
SH, 12, 2014020500, 99, CHP6,  60, 318S, 1705E,  32, 1000,   ,   0,    ,    0,    0,    0,    0,
SH, 12, 2014020500, 99, CHP6,  66, 329S, 1718E,  29, 1001,   ,   0,    ,    0,    0,    0,    0,
SH, 12, 2014020500, 99, CHP6,  72, 340S, 1732E,  27, 1001,   ,   0,    ,    0,    0,    0,    0,
SH, 12, 2014020500, 99, CHP7,   0, 204S, 1634E,  44,  997,   ,   0,    ,    0,    0,    0,    0,
SH, 12, 2014020500, 99, CHP7,   6, 217S, 1639E,  43,  997,   ,   0,    ,    0,    0,    0,    0,
SH, 12, 2014020500, 99, CHP7,  12, 230S, 1645E,  44,  997,   ,   0,    ,    0,    0,    0,    0,
SH, 12, 2014020500, 99, CHP7,  18, 240S, 1649E,  44,  997,   ,   0,    ,    0,    0,    0,    0,
SH, 12, 2014020500, 99, CHP7,  24, 250S, 1653E,  45,  997,   ,   0,    ,    0,    0,    0,    0,
SH, 12, 2014020500, 99, CHP7,  30, 261S, 1657E,  41,  998,   ,   0,    ,    0,    0,    0,    0,
SH, 12, 2014020500, 99, CHP7,  36, 272S, 1662E,  41,  999,   ,   0,    ,    0,    0,    0,    0,
SH, 12, 2014020500, 99, CHP7,  42, 284S, 1669E,  41,  999,   ,   0,    ,    0,    0,    0,    0,
SH, 12, 2014020500, 99, CHP7,  48, 296S, 1677E,  35, 1000,   ,   0,    ,    0,    0,    0,    0,
SH, 12, 2014020500, 99, CHP7,  54, 307S, 1691E,  31, 1000,   ,   0,    ,    0,    0,    0,    0,
SH, 12, 2014020500, 99, CHP7,  60, 318S, 1705E,  29, 1001,   ,   0,    ,    0,    0,    0,    0,
SH, 12, 2014020500, 99, CHP7,  66, 329S, 1718E,  27, 1001,   ,   0,    ,    0,    0,    0,    0,
SH, 12, 2014020500, 99, CHP7,  72, 340S, 1732E,  25, 1002,   ,   0,    ,    0,    0,    0,    0,
SH, 12, 2014020506, 03, HWRF, 000, 221S, 1645E,  52,  990, XX,  34, NEQ, 0107, 0070, 0068, 0056,    0,    0,  58
SH, 12, 2014020506, 03, HWRF, 000, 221S, 1645E,  52,  990, XX,  50, NEQ, 0059, 0000, 0000, 0000,    0,    0,  58
SH, 12, 2014020506, 03, HWRF, 006, 239S, 1651E,  51,  989, XX,  34, NEQ, 0067, 0080, 0072, 0053,    0,    0,  33
SH, 12, 2014020506, 03, HWRF, 006, 239S, 1651E,  51,  989, XX,  50, NEQ, 0037, 0032, 0000, 0035,    0,    0,  33
SH, 12, 2014020506, 03, HWRF, 012, 255S, 1656E,  48,  990, XX,  34, NEQ, 0065, 0058, 0059, 0049,    0,    0,  20
SH, 12, 2014020506, 03, HWRF, 018, 269S, 1665E,  43,  993, XX,  34, NEQ, 0071, 0052, 0050, 0053,    0,    0,  39
SH, 12, 2014020506, 03, HWRF, 024, 282S, 1676E,  40,  997, XX,  34, NEQ, 0074, 0041, 0041, 0042,    0,    0,  46
SH, 12, 2014020506, 03, HWRF, 030, 296S, 1691E,  36, 1000, XX,  34, NEQ, 0077, 0000, 0000, 0000,    0,    0,  52
SH, 12, 2014020506, 03, HWRF, 036, 314S, 1707E,  32, 1004, XX,  34, NEQ, 0000, 0000, 0000, 0000,    0,    0,  57
SH, 12, 2014020506, 03, HWRF, 042, 335S, 1726E,  30, 1004, XX,  34, NEQ, 0000, 0000, 0000, 0000,    0,    0, 102
SH, 12, 2014020506, 03, HWRF, 048, 352S, 1744E,  33, 1006, XX,  34, NEQ, 0000, 0000, 0000, 0000,    0,    0,  94
SH, 12, 2014020506, 03, HWRF, 054, 363S, 1763E,  34, 1005, XX,  34, NEQ, 0000, 0000, 0000, 0000,    0,    0,  92
SH, 12, 2014020506, 03, HWRF, 060, 376S, 1781E,  40, 1004, XX,  34, NEQ, 0118, 0130, 0072, 0118,    0,    0,  77
SH, 12, 2014020506, 03, HWRF, 066, 383S, 1791E,  47, 1000, XX,  34, NEQ, 0000, 0186, 0085, 0089,    0,    0,  51
SH, 12, 2014020506, 03, HWRF, 072, 379S, 1796E,  49,  996, XX,  34, NEQ, 0057, 0196, 0164, 0064,    0,    0,  51
SH, 12, 2014020506, 03, HWRF, 078, 380S, 1796W,  38,  996, XX,  34, NEQ, 0000, 0171, 0173, 0097,    0,    0,  93
SH, 12, 2014020506, 03, HWRF, 084, 380S, 1791W,  32,  998, XX,  34, NEQ, 0000, 0000, 0205, 0117,    0,    0, 107
SH, 12, 2014020506, 03, HWRF, 090, 384S, 1790W,  29,  997, XX,  34, NEQ, 0000, 0000, 0203, 0000,    0,    0,  43
SH, 12, 2014020506, 03, HWRF, 096, 386S, 1795W,  33,  998, XX,  34, NEQ, 0000, 0000, 0205, 0000,    0,    0, 108
SH, 12, 2014020506, 03, HWRF, 102, 386S, 1795E,  32,  998, XX,  34, NEQ, 0000, 0000, 0286, 0000,    0,    0, 107
SH, 12, 2014020506, 03, HWRF, 108, 382S, 1786E,  29, 1000, XX,  34, NEQ, 0000, 0000, 0279, 0000,    0,    0,  66
SH, 12, 2014020506, 03, HWRF, 114, 379S, 1773E,  27, 1000, XX,  34, NEQ, 0000, 0000, 0270, 0000,    0,    0, 104
SH, 12, 2014020506, 03, HWRF, 120, 376S, 1759E,  28, 1000, XX,  34, NEQ, 0000, 0000, 0198, 0000,    0,    0,  93
SH, 12, 2014020506, 03, HWRF, 126, 375S, 1751E,  27, 1001, XX,  34, NEQ, 0000, 0000, 0000, 0000,    0,    0, 108
SH, 12, 2014020506, 99, CHIP,   0, 221S, 1645E,  51,  996,   ,   0,    ,    0,    0,    0,    0,
SH, 12, 2014020506, 99, CHIP,   6, 232S, 1650E,  48,  996,   ,   0,    ,    0,    0,    0,    0,
SH, 12, 2014020506, 99, CHIP,  12, 244S, 1656E,  48,  996,   ,   0,    ,    0,    0,    0,    0,
SH, 12, 2014020506, 99, CHIP,  18, 255S, 1660E,  46,  997,   ,   0,    ,    0,    0,    0,    0,
SH, 12, 2014020506, 99, CHIP,  24, 266S, 1665E,  41,  999,   ,   0,    ,    0,    0,    0,    0,
SH, 12, 2014020506, 99, CHIP,  30, 276S, 1671E,  40,  998,   ,   0,    ,    0,    0,    0,    0,
SH, 12, 2014020506, 99, CHIP,  36, 287S, 1678E,  41,  999,   ,   0,    ,    0,    0,    0,    0,
SH, 12, 2014020506, 99, CHIP,  42, 298S, 1688E,  41,  999,   ,   0,    ,    0,    0,    0,    0,
SH, 12, 2014020506, 99, CHIP,  48, 310S, 1698E,  35, 1000,   ,   0,    ,    0,    0,    0,    0,
SH, 12, 2014020506, 99, CHIP,  54, 320S, 1712E,  30, 1001,   ,   0,    ,    0,    0,    0,    0,
SH, 12, 2014020506, 99, CHIP,  60, 330S, 1726E,  28, 1001,   ,   0,    ,    0,    0,    0,    0,
SH, 12, 2014020506, 99, CHIP,  66, 340S, 1740E,  26, 1001,   ,   0,    ,    0,    0,    0,    0,
SH, 12, 2014020506, 99, CHIP,  72, 350S, 1754E,  25, 1002,   ,   0,    ,    0,    0,    0,    0,
SH, 12, 2014020506, 99, CHP2,   0, 221S, 1645E,  48,  996,   ,   0,    ,    0,    0,    0,    0,
SH, 12, 2014020506, 99, CHP2,   6, 232S, 1650E,  49,  995,   ,   0,    ,    0,    0,    0,    0,
SH, 12, 2014020506, 99, CHP2,  12, 244S, 1656E,  49,  995,   ,   0,    ,    0,    0,    0,    0,
SH, 12, 2014020506, 99, CHP2,  18, 255S, 1660E,  45,  997,   ,   0,    ,    0,    0,    0,    0,
SH, 12, 2014020506, 99, CHP2,  24, 266S, 1665E,  41,  997,   ,   0,    ,    0,    0,    0,    0,
SH, 12, 2014020506, 99, CHP2,  30, 276S, 1671E,  42,  998,   ,   0,    ,    0,    0,    0,    0,
SH, 12, 2014020506, 99, CHP2,  36, 287S, 1678E,  43,  998,   ,   0,    ,    0,    0,    0,    0,
SH, 12, 2014020506, 99, CHP2,  42, 298S, 1688E,  42,  998,   ,   0,    ,    0,    0,    0,    0,
SH, 12, 2014020506, 99, CHP2,  48, 310S, 1698E,  36,  999,   ,   0,    ,    0,    0,    0,    0,
SH, 12, 2014020506, 99, CHP2,  54, 320S, 1712E,  31, 1000,   ,   0,    ,    0,    0,    0,    0,
SH, 12, 2014020506, 99, CHP2,  60, 330S, 1726E,  28, 1001,   ,   0,    ,    0,    0,    0,    0,
SH, 12, 2014020506, 99, CHP2,  66, 340S, 1740E,  27, 1001,   ,   0,    ,    0,    0,    0,    0,
SH, 12, 2014020506, 99, CHP2,  72, 350S, 1754E,  25, 1001,   ,   0,    ,    0,    0,    0,    0,
SH, 12, 2014020506, 99, CHP3,   0, 221S, 1645E,  43,  998,   ,   0,    ,    0,    0,    0,    0,
SH, 12, 2014020506, 99, CHP3,   6, 232S, 1650E,  41,  998,   ,   0,    ,    0,    0,    0,    0,
SH, 12, 2014020506, 99, CHP3,  12, 244S, 1656E,  41,  998,   ,   0,    ,    0,    0,    0,    0,
SH, 12, 2014020506, 99, CHP3,  18, 255S, 1660E,  41,  998,   ,   0,    ,    0,    0,    0,    0,
SH, 12, 2014020506, 99, CHP3,  24, 266S, 1665E,  39,  999,   ,   0,    ,    0,    0,    0,    0,
SH, 12, 2014020506, 99, CHP3,  30, 276S, 1671E,  38, 1000,   ,   0,    ,    0,    0,    0,    0,
SH, 12, 2014020506, 99, CHP3,  36, 287S, 1678E,  37, 1000,   ,   0,    ,    0,    0,    0,    0,
SH, 12, 2014020506, 99, CHP3,  42, 298S, 1688E,  37, 1000,   ,   0,    ,    0,    0,    0,    0,
SH, 12, 2014020506, 99, CHP3,  48, 310S, 1698E,  31, 1001,   ,   0,    ,    0,    0,    0,    0,
SH, 12, 2014020506, 99, CHP3,  54, 320S, 1712E,  28, 1001,   ,   0,    ,    0,    0,    0,    0,
SH, 12, 2014020506, 99, CHP3,  60, 330S, 1726E,  26, 1002,   ,   0,    ,    0,    0,    0,    0,
SH, 12, 2014020506, 99, CHP3,  66, 340S, 1740E,  24, 1002,   ,   0,    ,    0,    0,    0,    0,
SH, 12, 2014020506, 99, CHP3,  72, 350S, 1754E,  23, 1002,   ,   0,    ,    0,    0,    0,    0,
SH, 12, 2014020506, 99, CHP4,   0, 221S, 1645E,  47,  996,   ,   0,    ,    0,    0,    0,    0,
SH, 12, 2014020506, 99, CHP4,   6, 232S, 1650E,  47,  996,   ,   0,    ,    0,    0,    0,    0,
SH, 12, 2014020506, 99, CHP4,  12, 244S, 1656E,  47,  996,   ,   0,    ,    0,    0,    0,    0,
SH, 12, 2014020506, 99, CHP4,  18, 255S, 1660E,  44,  997,   ,   0,    ,    0,    0,    0,    0,
SH, 12, 2014020506, 99, CHP4,  24, 266S, 1665E,  40,  998,   ,   0,    ,    0,    0,    0,    0,
SH, 12, 2014020506, 99, CHP4,  30, 276S, 1671E,  40,  998,   ,   0,    ,    0,    0,    0,    0,
SH, 12, 2014020506, 99, CHP4,  36, 287S, 1678E,  41,  998,   ,   0,    ,    0,    0,    0,    0,
SH, 12, 2014020506, 99, CHP4,  42, 298S, 1688E,  41,  999,   ,   0,    ,    0,    0,    0,    0,
SH, 12, 2014020506, 99, CHP4,  48, 310S, 1698E,  35, 1000,   ,   0,    ,    0,    0,    0,    0,
SH, 12, 2014020506, 99, CHP4,  54, 320S, 1712E,  30, 1001,   ,   0,    ,    0,    0,    0,    0,
SH, 12, 2014020506, 99, CHP4,  60, 330S, 1726E,  27, 1001,   ,   0,    ,    0,    0,    0,    0,
SH, 12, 2014020506, 99, CHP4,  66, 340S, 1740E,  26, 1001,   ,   0,    ,    0,    0,    0,    0,
SH, 12, 2014020506, 99, CHP4,  72, 350S, 1754E,  25, 1002,   ,   0,    ,    0,    0,    0,    0,
SH, 12, 2014020506, 99, CHP5,   0, 221S, 1645E,  43,  998,   ,   0,    ,    0,    0,    0,    0,
SH, 12, 2014020506, 99, CHP5,   6, 232S, 1650E,  42,  997,   ,   0,    ,    0,    0,    0,    0,
SH, 12, 2014020506, 99, CHP5,  12, 244S, 1656E,  43,  997,   ,   0,    ,    0,    0,    0,    0,
SH, 12, 2014020506, 99, CHP5,  18, 255S, 1660E,  43,  998,   ,   0,    ,    0,    0,    0,    0,
SH, 12, 2014020506, 99, CHP5,  24, 266S, 1665E,  39,  999,   ,   0,    ,    0,    0,    0,    0,
SH, 12, 2014020506, 99, CHP5,  30, 276S, 1671E,  38,  999,   ,   0,    ,    0,    0,    0,    0,
SH, 12, 2014020506, 99, CHP5,  36, 287S, 1678E,  39,  999,   ,   0,    ,    0,    0,    0,    0,
SH, 12, 2014020506, 99, CHP5,  42, 298S, 1688E,  39, 1000,   ,   0,    ,    0,    0,    0,    0,
SH, 12, 2014020506, 99, CHP5,  48, 310S, 1698E,  33, 1000,   ,   0,    ,    0,    0,    0,    0,
SH, 12, 2014020506, 99, CHP5,  54, 320S, 1712E,  29, 1001,   ,   0,    ,    0,    0,    0,    0,
SH, 12, 2014020506, 99, CHP5,  60, 330S, 1726E,  26, 1002,   ,   0,    ,    0,    0,    0,    0,
SH, 12, 2014020506, 99, CHP5,  66, 340S, 1740E,  25, 1002,   ,   0,    ,    0,    0,    0,    0,
SH, 12, 2014020506, 99, CHP5,  72, 350S, 1754E,  24, 1002,   ,   0,    ,    0,    0,    0,    0,
SH, 12, 2014020506, 99, CHP6,   0, 221S, 1645E,  47,  996,   ,   0,    ,    0,    0,    0,    0,
SH, 12, 2014020506, 99, CHP6,   6, 232S, 1650E,  49,  995,   ,   0,    ,    0,    0,    0,    0,
SH, 12, 2014020506, 99, CHP6,  12, 244S, 1656E,  50,  995,   ,   0,    ,    0,    0,    0,    0,
SH, 12, 2014020506, 99, CHP6,  18, 255S, 1660E,  45,  996,   ,   0,    ,    0,    0,    0,    0,
SH, 12, 2014020506, 99, CHP6,  24, 266S, 1665E,  42,  997,   ,   0,    ,    0,    0,    0,    0,
SH, 12, 2014020506, 99, CHP6,  30, 276S, 1671E,  42,  997,   ,   0,    ,    0,    0,    0,    0,
SH, 12, 2014020506, 99, CHP6,  36, 287S, 1678E,  44,  998,   ,   0,    ,    0,    0,    0,    0,
SH, 12, 2014020506, 99, CHP6,  42, 298S, 1688E,  43,  998,   ,   0,    ,    0,    0,    0,    0,
SH, 12, 2014020506, 99, CHP6,  48, 310S, 1698E,  37,  999,   ,   0,    ,    0,    0,    0,    0,
SH, 12, 2014020506, 99, CHP6,  54, 320S, 1712E,  31, 1000,   ,   0,    ,    0,    0,    0,    0,
SH, 12, 2014020506, 99, CHP6,  60, 330S, 1726E,  28, 1001,   ,   0,    ,    0,    0,    0,    0,
SH, 12, 2014020506, 99, CHP6,  66, 340S, 1740E,  27, 1001,   ,   0,    ,    0,    0,    0,    0,
SH, 12, 2014020506, 99, CHP6,  72, 350S, 1754E,  26, 1001,   ,   0,    ,    0,    0,    0,    0,
SH, 12, 2014020506, 99, CHP7,   0, 221S, 1645E,  45,  997,   ,   0,    ,    0,    0,    0,    0,
SH, 12, 2014020506, 99, CHP7,   6, 232S, 1650E,  43,  997,   ,   0,    ,    0,    0,    0,    0,
SH, 12, 2014020506, 99, CHP7,  12, 244S, 1656E,  43,  997,   ,   0,    ,    0,    0,    0,    0,
SH, 12, 2014020506, 99, CHP7,  18, 255S, 1660E,  42,  998,   ,   0,    ,    0,    0,    0,    0,
SH, 12, 2014020506, 99, CHP7,  24, 266S, 1665E,  38,  999,   ,   0,    ,    0,    0,    0,    0,
SH, 12, 2014020506, 99, CHP7,  30, 276S, 1671E,  38, 1000,   ,   0,    ,    0,    0,    0,    0,
SH, 12, 2014020506, 99, CHP7,  36, 287S, 1678E,  38, 1000,   ,   0,    ,    0,    0,    0,    0,
SH, 12, 2014020506, 99, CHP7,  42, 298S, 1688E,  38, 1000,   ,   0,    ,    0,    0,    0,    0,
SH, 12, 2014020506, 99, CHP7,  48, 310S, 1698E,  32, 1001,   ,   0,    ,    0,    0,    0,    0,
SH, 12, 2014020506, 99, CHP7,  54, 320S, 1712E,  28, 1001,   ,   0,    ,    0,    0,    0,    0,
SH, 12, 2014020506, 99, CHP7,  60, 330S, 1726E,  26, 1002,   ,   0,    ,    0,    0,    0,    0,
SH, 12, 2014020506, 99, CHP7,  66, 340S, 1740E,  24, 1002,   ,   0,    ,    0,    0,    0,    0,
SH, 12, 2014020506, 99, CHP7,  72, 350S, 1754E,  23, 1002,   ,   0,    ,    0,    0,    0,    0,
SH, 12, 2014020512, 03, HWRF, 000, 244S, 1654E,  40,  992, XX,  34, NEQ, 0051, 0060, 0046, 0039,    0,    0,  42
SH, 12, 2014020512, 03, HWRF, 006, 258S, 1659E,  39,  996, XX,  34, NEQ, 0046, 0060, 0049, 0026,    0,    0,  37
SH, 12, 2014020512, 03, HWRF, 012, 269S, 1666E,  33,  999, XX,  34, NEQ, 0000, 0000, 0000, 0000,    0,    0,  38
SH, 12, 2014020512, 03, HWRF, 018, 277S, 1677E,  28, 1003, XX,  34, NEQ, 0000, 0000, 0000, 0000,    0,    0,  46
SH, 12, 2014020512, 03, HWRF, 024, 289S, 1687E,  23, 1005, XX,  34, NEQ, 0000, 0000, 0000, 0000,    0,    0,  52
SH, 12, 2014020512, 03, HWRF, 030, 303S, 1698E,  22, 1009, XX,  34, NEQ, 0000, 0000, 0000, 0000,    0,    0,  63
SH, 12, 2014020512, 03, HWRF, 036, 320S, 1719E,  20, 1010, XX,  34, NEQ, 0000, 0000, 0000, 0000,    0,    0, 104
SH, 12, 2014020512, 03, HWRF, 042, 331S, 1739E,  19, 1012, XX,  34, NEQ, 0000, 0000, 0000, 0000,    0,    0, 107
SH, 12, 2014020512, 03, HWRF, 048, 346S, 1762E,  23, 1010, XX,  34, NEQ, 0000, 0000, 0000, 0000,    0,    0,  86
SH, 12, 2014020512, 03, HWRF, 054, 373S, 1782E,  27, 1010, XX,  34, NEQ, 0000, 0000, 0000, 0000,    0,    0, 101
SH, 12, 2014020512, 03, HWRF, 060, 383S, 1791E,  41, 1006, XX,  34, NEQ, 0000, 0059, 0068, 0000,    0,    0,  30
SH, 12, 2014020512, 03, HWRF, 066, 380S, 1796E,  43, 1003, XX,  34, NEQ, 0171, 0154, 0047, 0040,    0,    0,  24
SH, 12, 2014020512, 03, HWRF, 072, 379S, 1793W,  37, 1002, XX,  34, NEQ, 0000, 0000, 0123, 0107,    0,    0,  98
SH, 12, 2014020512, 03, HWRF, 078, 378S, 1785W,  30, 1003, XX,  34, NEQ, 0000, 0000, 0000, 0140,    0,    0, 107
SH, 12, 2014020512, 03, HWRF, 084, 379S, 1781W,  30, 1002, XX,  34, NEQ, 0000, 0229, 0000, 0000,    0,    0, 108
SH, 12, 2014020512, 03, HWRF, 090, 382S, 1780W,  28, 1003, XX,  34, NEQ, 0000, 0000, 0000, 0166,    0,    0, 108
SH, 12, 2014020512, 03, HWRF, 096, 386S, 1783W,  26, 1002, XX,  34, NEQ, 0000, 0000, 0000, 0000,    0,    0, 108
SH, 12, 2014020512, 03, HWRF, 102, 389S, 1788W,  22, 1004, XX,  34, NEQ, 0000, 0237, 0000, 0000,    0,    0,  97
SH, 12, 2014020512, 03, HWRF, 108, 393S, 1794W,  22, 1004, XX,  34, NEQ, 0000, 0000, 0000, 0000,    0,    0, 107
SH, 12, 2014020512, 03, HWRF, 114, 397S, 1799E,  22, 1005, XX,  34, NEQ, 0000, 0000, 0000, 0000,    0,    0, 108
SH, 12, 2014020512, 03, HWRF, 120, 404S, 1789E,  22, 1006, XX,  34, NEQ, 0000, 0000, 0000, 0000,    0,    0, 103
SH, 12, 2014020512, 03, HWRF, 126, 416S, 1774E,  22, 1008, XX,  34, NEQ, 0000, 0000, 0000, 0000,    0,    0, 105
SH, 12, 2014020518, 03, HWRF, 000, 264S, 1659E,  34,  995, XX,  34, NEQ, 0000, 0000, 0000, 0000,    0,    0,  38
SH, 12, 2014020518, 03, HWRF, 006, 270S, 1664E,  29, 1000, XX,  34, NEQ, 0000, 0000, 0000, 0000,    0,    0,  25
SH, 12, 2014020518, 03, HWRF, 012, 278S, 1673E,  24, 1003, XX,  34, NEQ, 0000, 0000, 0000, 0000,    0,    0,  52
SH, 12, 2014020518, 03, HWRF, 018, 286S, 1683E,  22, 1005, XX,  34, NEQ, 0000, 0000, 0000, 0000,    0,    0,  56
SH, 12, 2014020518, 03, HWRF, 024, 299S, 1693E,  22, 1009, XX,  34, NEQ, 0000, 0000, 0000, 0000,    0,    0,  73
SH, 12, 2014020518, 03, HWRF, 030, 316S, 1708E,  19, 1010, XX,  34, NEQ, 0000, 0000, 0000, 0000,    0,    0,  96
SH, 12, 2014020518, 03, HWRF, 036, 325S, 1730E,  19, 1013, XX,  34, NEQ, 0000, 0000, 0000, 0000,    0,    0,  84
SH, 12, 2014020518, 03, HWRF, 042, 339S, 1753E,  21, 1012, XX,  34, NEQ, 0000, 0000, 0000, 0000,    0,    0,  79
SH, 12, 2014020518, 03, HWRF, 048, 356S, 1775E,  29, 1011, XX,  34, NEQ, 0000, 0000, 0000, 0000,    0,    0,  88
SH, 12, 2014020518, 03, HWRF, 054, 388S, 1789E,  32, 1007, XX,  34, NEQ, 0000, 0000, 0000, 0000,    0,    0, 106
SH, 12, 2014020518, 03, HWRF, 060, 390S, 1794E,  40, 1005, XX,  34, NEQ, 0000, 0088, 0059, 0000,    0,    0,  34
SH, 12, 2014020518, 03, HWRF, 066, 386S, 1795W,  34, 1004, XX,  34, NEQ, 0000, 0132, 0109, 0000,    0,    0, 108
SH, 12, 2014020518, 03, HWRF, 072, 387S, 1785W,  31, 1005, XX,  34, NEQ, 0000, 0000, 0000, 0000,    0,    0,  95
SH, 12, 2014020518, 03, HWRF, 078, 389S, 1779W,  28, 1004, XX,  34, NEQ, 0000, 0000, 0000, 0000,    0,    0, 108
SH, 12, 2014020518, 03, HWRF, 084, 391S, 1776W,  25, 1004, XX,  34, NEQ, 0000, 0000, 0000, 0000,    0,    0, 107
SH, 12, 2014020518, 03, HWRF, 090, 396S, 1776W,  22, 1003, XX,  34, NEQ, 0000, 0000, 0000, 0000,    0,    0,  83
SH, 12, 2014020518, 03, HWRF, 096, 403S, 1779W,  22, 1005, XX,  34, NEQ, 0000, 0000, 0000, 0000,    0,    0, 102
SH, 12, 2014020518, 03, HWRF, 102, 413S, 1785W,  23, 1005, XX,  34, NEQ, 0000, 0000, 0000, 0000,    0,    0, 108
SH, 12, 2014020518, 03, HWRF, 108, 423S, 1791W,  21, 1005, XX,  34, NEQ, 0000, 0000, 0000, 0000,    0,    0, 108
SH, 12, 2014020518, 03, HWRF, 114, 432S, 1799W,  19, 1005, XX,  34, NEQ, 0000, 0000, 0000, 0000,    0,    0,  77
SH, 12, 2014020518, 03, HWRF, 120, 442S, 1795E,  19, 1006, XX,  34, NEQ, 0000, 0000, 0000, 0000,    0,    0,  72
SH, 12, 2014020518, 03, HWRF, 126, 454S, 1789E,  18, 1006, XX,  34, NEQ, 0000, 0000, 0000, 0000,    0,    0,  49
SH, 12, 2014020518, 99, CHIP,   0, 265S, 1659E,  35, 1000,   ,   0,    ,    0,    0,    0,    0,
SH, 12, 2014020518, 99, CHIP,   6, 278S, 1668E,  31, 1001,   ,   0,    ,    0,    0,    0,    0,
SH, 12, 2014020518, 99, CHIP,  12, 291S, 1677E,  29, 1001,   ,   0,    ,    0,    0,    0,    0,
SH, 12, 2014020518, 99, CHP2,   0, 265S, 1659E,  35, 1000,   ,   0,    ,    0,    0,    0,    0,
SH, 12, 2014020518, 99, CHP2,   6, 278S, 1668E,  31, 1001,   ,   0,    ,    0,    0,    0,    0,
SH, 12, 2014020518, 99, CHP2,  12, 291S, 1677E,  29, 1001,   ,   0,    ,    0,    0,    0,    0,
SH, 12, 2014020518, 99, CHP3,   0, 265S, 1659E,  35, 1000,   ,   0,    ,    0,    0,    0,    0,
SH, 12, 2014020518, 99, CHP3,   6, 278S, 1668E,  31, 1001,   ,   0,    ,    0,    0,    0,    0,
SH, 12, 2014020518, 99, CHP3,  12, 291S, 1677E,  29, 1001,   ,   0,    ,    0,    0,    0,    0,
SH, 12, 2014020518, 99, CHP4,   0, 265S, 1659E,  35, 1000,   ,   0,    ,    0,    0,    0,    0,
SH, 12, 2014020518, 99, CHP4,   6, 278S, 1668E,  31, 1001,   ,   0,    ,    0,    0,    0,    0,
SH, 12, 2014020518, 99, CHP4,  12, 291S, 1677E,  29, 1001,   ,   0,    ,    0,    0,    0,    0,
SH, 12, 2014020518, 99, CHP5,   0, 265S, 1659E,  35, 1000,   ,   0,    ,    0,    0,    0,    0,
SH, 12, 2014020518, 99, CHP5,   6, 278S, 1668E,  31, 1001,   ,   0,    ,    0,    0,    0,    0,
SH, 12, 2014020518, 99, CHP5,  12, 291S, 1677E,  29, 1001,   ,   0,    ,    0,    0,    0,    0,
SH, 12, 2014020518, 99, CHP6,   0, 265S, 1659E,  35, 1000,   ,   0,    ,    0,    0,    0,    0,
SH, 12, 2014020518, 99, CHP6,   6, 278S, 1668E,  31, 1001,   ,   0,    ,    0,    0,    0,    0,
SH, 12, 2014020518, 99, CHP6,  12, 291S, 1677E,  29, 1001,   ,   0,    ,    0,    0,    0,    0,
SH, 12, 2014020518, 99, CHP7,   0, 265S, 1659E,  35, 1000,   ,   0,    ,    0,    0,    0,    0,
SH, 12, 2014020518, 99, CHP7,   6, 278S, 1668E,  31, 1001,   ,   0,    ,    0,    0,    0,    0,
SH, 12, 2014020518, 99, CHP7,  12, 291S, 1677E,  29, 1001,   ,   0,    ,    0,    0,    0,    0,
