WP, 16, 2018073012, 01, CARQ,   0, 285N, 1526E,  25, 1000, XX,  34, NEQ,    0,    0,    0,    0, 1004,  180,  70,   0,   0,   W,   0,   X,    ,   7,    SIXTEEN, S,   ,    ,    ,    ,    ,    ,      TCGP EXTRA DATA, WP162018, JTWC, NCEP_TCVITALS, 
WP, 16, 2018073012, 01, CARQ,   0, 285N, 1526E,  25, 1000, XX,  50, NEQ,    0,    0,    0,    0, 1004,  180,  70,   0,   0,   W,   0,   X,    ,   7,    SIXTEEN, S,   ,    ,    ,    ,    ,    ,      TCGP EXTRA DATA, WP162018, JTWC, NCEP_TCVITALS, 
WP, 16, 2018073012, 01, CARQ,   0, 285N, 1526E,  25, 1000, XX,  64, NEQ,    0,    0,    0,    0, 1004,  180,  70,   0,   0,   W,   0,   X,    ,   7,    SIXTEEN, S,   ,    ,    ,    ,    ,    ,      TCGP EXTRA DATA, WP162018, JTWC, NCEP_TCVITALS, 
WP, 16, 2018073012, 03, CTCX, 000, 285N, 1524E,  25, 1001, XX,  34, NEQ, 0000, 0000, 0000, 0000,    0,    0, 086
WP, 16, 2018073012, 03, CTCX, 006, 296N, 1527E,  48, 1000, XX,  34, NEQ, 0189, 0245, 0000, 0000,    0,    0, 042
WP, 16, 2018073012, 03, CTCX, 012, 307N, 1524E,  36, 1000, XX,  34, NEQ, 0153, 0269, 0000, 0000,    0,    0, 100
WP, 16, 2018073012, 03, CTCX, 018, 319N, 1514E,  34,  999, XX,  34, NEQ, 0000, 0215, 0000, 0161,    0,    0, 064
WP, 16, 2018073012, 03, CTCX, 024, 327N, 1506E,  34,  998, XX,  34, NEQ, 0218, 0000, 0000, 0000,    0,    0, 077
WP, 16, 2018073012, 03, CTCX, 030, 338N, 1497E,  33,  997, XX,  34, NEQ, 0000, 0000, 0000, 0000,    0,    0, 028
WP, 16, 2018073012, 03, CTCX, 036, 345N, 1494E,  39,  997, XX,  34, NEQ, 0000, 0000, 0046, 0000,    0,    0, 038
WP, 16, 2018073012, 03, CTCX, 042, 352N, 1499E,  32,  997, XX,  34, NEQ, 0000, 0000, 0000, 0000,    0,    0, 069
WP, 16, 2018073012, 03, CTCX, 048, 360N, 1504E,  35,  998, XX,  34, NEQ, 0000, 0073, 0037, 0000,    0,    0, 037
WP, 16, 2018073012, 03, CTCX, 054, 367N, 1516E,  35,  998, XX,  34, NEQ, 0000, 0036, 0076, 0000,    0,    0, 034
WP, 16, 2018073012, 03, CTCX, 060, 378N, 1530E,  36, 1000, XX,  34, NEQ, 0000, 0072, 0000, 0000,    0,    0, 066
WP, 16, 2018073012, 03, CTCX, 066, 391N, 1549E,  41, 1000, XX,  34, NEQ, 0000, 0089, 0000, 0000,    0,    0, 073
WP, 16, 2018073012, 03, CTCX, 072, 404N, 1569E,  43,  999, XX,  34, NEQ, 0000, 0118, 0000, 0000,    0,    0, 065
WP, 16, 2018073012, 03, CTCX, 078, 423N, 1592E,  49,  998, XX,  34, NEQ, 0000, 0155, 0000, 0000,    0,    0, 088
WP, 16, 2018073012, 03, CTCX, 084, 446N, 1621E,   0,  997, XX,  34, NEQ, 0000, 0171, 0000, 0000,    0,    0, ***
WP, 16, 2018073012, 03, HWRF, 000, 282N, 1524E,  32,  997, XX,  34, NEQ, 0000, 0000, 0000, 0000, 1005,  147, 162,   0,   0,    ,   0,    ,   0,   0,           ,  ,   ,    ,   0,   0,   0,   0,       THERMO PARAMS,   -9999,   -9999,   -9999, N, 10, DT, -999
WP, 16, 2018073012, 03, HWRF, 003, 295N, 1525E,  47,  997, XX,  34, NEQ, 0158, 0161, 0014, 0026,  -99,  -99,  12,   0,   0,    ,   0,    ,   0,   0,           ,  ,   ,    ,   0,   0,   0,   0,       THERMO PARAMS,     -18,    1327,    -552, N, 10, DT, -999
WP, 16, 2018073012, 03, HWRF, 006, 295N, 1524E,  43,  994, XX,  34, NEQ, 0160, 0134, 0024, 0099,  -99,  -99,  56,   0,   0,    ,   0,    ,   0,   0,           ,  ,   ,    ,   0,   0,   0,   0,       THERMO PARAMS,     -79,    1821,    -676, N, 10, DT, -999
WP, 16, 2018073012, 03, HWRF, 009, 296N, 1526E,  38,  994, XX,  34, NEQ, 0179, 0078, 0000, 0132,  -99,  -99,  88,   0,   0,    ,   0,    ,   0,   0,           ,  ,   ,    ,   0,   0,   0,   0,       THERMO PARAMS,      49,    1628,   -1113, N, 10, DT, -999
WP, 16, 2018073012, 03, HWRF, 012, 306N, 1522E,  40,  998, XX,  34, NEQ, 0145, 0078, 0000, 0000,  -99,  -99,  56,   0,   0,    ,   0,    ,   0,   0,           ,  ,   ,    ,   0,   0,   0,   0,       THERMO PARAMS,      -1,    1232,    -749, N, 10, DT, -999
WP, 16, 2018073012, 03, HWRF, 015, 313N, 1523E,  38,  995, XX,  34, NEQ, 0170, 0034, 0000, 0000,  -99,  -99,  83,   0,   0,    ,   0,    ,   0,   0,           ,  ,   ,    ,   0,   0,   0,   0,       THERMO PARAMS,      51,    1010,    -749, N, 10, DT, -999
WP, 16, 2018073012, 03, HWRF, 018, 319N, 1518E,  38,  991, XX,  34, NEQ, 0154, 0154, 0059, 0088,  -99,  -99,  18,   0,   0,    ,   0,    ,   0,   0,           ,  ,   ,    ,   0,   0,   0,   0,       THERMO PARAMS,     -16,    1319,    -119, N, 10, DT, -999
WP, 16, 2018073012, 03, HWRF, 021, 324N, 1513E,  37,  992, XX,  34, NEQ, 0131, 0000, 0066, 0037,  996,   16,  55,   0,   0,    ,   0,    ,   0,   0,           ,  ,   ,    ,   0,   0,   0,   0,       THERMO PARAMS,      12,    1509,    -130, N, 10, DT, -999
WP, 16, 2018073012, 03, HWRF, 024, 328N, 1508E,  36,  994, XX,  34, NEQ, 0127, 0000, 0000, 0000,  998,   28,  93,   0,   0,    ,   0,    ,   0,   0,           ,  ,   ,    ,   0,   0,   0,   0,       THERMO PARAMS,      28,    1106,    -251, N, 10, DT, -999
WP, 16, 2018073012, 03, HWRF, 027, 331N, 1506E,  36,  994, XX,  34, NEQ, 0000, 0080, 0000, 0000, 1002,   84,  65,   0,   0,    ,   0,    ,   0,   0,           ,  ,   ,    ,   0,   0,   0,   0,       THERMO PARAMS,      69,    1092,    -179, N, 10, DT, -999
WP, 16, 2018073012, 03, HWRF, 030, 337N, 1506E,  34,  994, XX,  34, NEQ, 0083, 0086, 0000, 0000,  -99,  -99,  85,   0,   0,    ,   0,    ,   0,   0,           ,  ,   ,    ,   0,   0,   0,   0,       THERMO PARAMS,      54,     882,    -120, N, 10, DT, -999
WP, 16, 2018073012, 03, HWRF, 033, 344N, 1505E,  33,  996, XX,  34, NEQ, 0000, 0000, 0000, 0000,  -99,  -99,  99,   0,   0,    ,   0,    ,   0,   0,           ,  ,   ,    ,   0,   0,   0,   0,       THERMO PARAMS,      43,     810,    -158, N, 10, DT, -999
WP, 16, 2018073012, 03, HWRF, 036, 351N, 1503E,  41,  996, XX,  34, NEQ, 0000, 0085, 0000, 0000,  -99,  -99,  81,   0,   0,    ,   0,    ,   0,   0,           ,  ,   ,    ,   0,   0,   0,   0,       THERMO PARAMS,      53,     707,    -126, N, 10, DT, -999
WP, 16, 2018073012, 03, HWRF, 039, 356N, 1501E,  34,  997, XX,  34, NEQ, 0000, 0000, 0117, 0000,  -99,  -99, 117,   0,   0,    ,   0,    ,   0,   0,           ,  ,   ,    ,   0,   0,   0,   0,       THERMO PARAMS,      47,     777,    -320, N, 10, DT, -999
WP, 16, 2018073012, 03, HWRF, 042, 356N, 1502E,  37,  995, XX,  34, NEQ, 0000, 0095, 0000, 0000,  -99,  -99,  79,   0,   0,    ,   0,    ,   0,   0,           ,  ,   ,    ,   0,   0,   0,   0,       THERMO PARAMS,     -61,     602,    -172, N, 10, DT, -999
WP, 16, 2018073012, 03, HWRF, 045, 359N, 1507E,  33,  996, XX,  34, NEQ, 0000, 0000, 0000, 0000,  -99,  -99,  44,   0,   0,    ,   0,    ,   0,   0,           ,  ,   ,    ,   0,   0,   0,   0,       THERMO PARAMS,     -32,     807,     -66, N, 10, DT, -999
WP, 16, 2018073012, 03, HWRF, 048, 364N, 1513E,  38,  997, XX,  34, NEQ, 0000, 0096, 0069, 0000,  -99,  -99,  48,   0,   0,    ,   0,    ,   0,   0,           ,  ,   ,    ,   0,   0,   0,   0,       THERMO PARAMS,     -37,     762,    -279, N, 10, DT, -999
WP, 16, 2018073012, 03, HWRF, 051, 372N, 1516E,  42,  997, XX,  34, NEQ, 0061, 0103, 0000, 0000,  -99,  -99,  85,   0,   0,    ,   0,    ,   0,   0,           ,  ,   ,    ,   0,   0,   0,   0,       THERMO PARAMS,     -35,     862,   -1356, N, 10, DT, -999
WP, 16, 2018073012, 03, HWRF, 054, 379N, 1523E,  39,  996, XX,  34, NEQ, 0000, 0098, 0000, 0000,  -99,  -99,  58,   0,   0,    ,   0,    ,   0,   0,           ,  ,   ,    ,   0,   0,   0,   0,       THERMO PARAMS,     -21,     475,   -1515, N, 10, DT, -999
WP, 16, 2018073012, 03, HWRF, 057, 385N, 1530E,  39,  996, XX,  34, NEQ, 0000, 0112, 0000, 0000,  -99,  -99,  71,   0,   0,    ,   0,    ,   0,   0,           ,  ,   ,    ,   0,   0,   0,   0,       THERMO PARAMS,       8,      64,   -1760, N, 10, DT, -999
WP, 16, 2018073012, 03, HWRF, 060, 392N, 1539E,  34,  997, XX,  34, NEQ, 0000, 0068, 0000, 0000,  -99,  -99,  49,   0,   0,    ,   0,    ,   0,   0,           ,  ,   ,    ,   0,   0,   0,   0,       THERMO PARAMS,      39,    -552,   -1613, N, 10, DT, -999
WP, 16, 2018073012, 03, HWRF, 063, 400N, 1550E,  39,  997, XX,  34, NEQ, 0000, 0110, 0000, 0000,  -99,  -99,  70,   0,   0,    ,   0,    ,   0,   0,           ,  ,   ,    ,   0,   0,   0,   0,       THERMO PARAMS,      70,    -806,   -1650, Y, 10, DT, -999
WP, 16, 2018073012, 03, HWRF, 066, 409N, 1566E,  42,  995, XX,  34, NEQ, 0000, 0099, 0057, 0000,  -99,  -99,  50,   0,   0,    ,   0,    ,   0,   0,           ,  ,   ,    ,   0,   0,   0,   0,       THERMO PARAMS,     117,    -838,   -1608, N, 10, DT, -999
WP, 16, 2018073012, 03, HWRF, 069, 422N, 1582E,  50,  990, XX,  34, NEQ, 0039, 0137, 0085, 0000,  998,   73,  25,   0,   0,    ,   0,    ,   0,   0,           ,  ,   ,    ,   0,   0,   0,   0,       THERMO PARAMS,     204,    -247,   -1879, N, 10, DT, -999
WP, 16, 2018073012, 03, HWRF, 072, 436N, 1599E,  51,  991, XX,  34, NEQ, 0125, 0190, 0164, 0000,  -99,  -99,  34,   0,   0,    ,   0,    ,   0,   0,           ,  ,   ,    ,   0,   0,   0,   0,       THERMO PARAMS,     326,    -645,   -2501, N, 10, DT, -999
WP, 16, 2018073012, 03, HWRF, 072, 436N, 1599E,  51,  991, XX,  50, NEQ, 0000, 0040, 0000, 0000,  -99,  -99,  34,   0,   0,    ,   0,    ,   0,   0,           ,  ,   ,    ,   0,   0,   0,   0,       THERMO PARAMS,     326,    -645,   -2501, N, 10, DT, -999
WP, 16, 2018073012, 03, HWRF, 075, 453N, 1618E,  49,  992, XX,  34, NEQ, 0120, 0239, 0088, 0000,  996,   32,  57,   0,   0,    ,   0,    ,   0,   0,           ,  ,   ,    ,   0,   0,   0,   0,       THERMO PARAMS,     403,   -1352,   -2986, N, 10, DT, -999
WP, 16, 2018073012, 03, HWRF, 078, 472N, 1637E,  47,  993, XX,  34, NEQ, 0088, 0260, 0194, 0000,  -99,  -99,  64,   0,   0,    ,   0,    ,   0,   0,           ,  ,   ,    ,   0,   0,   0,   0,       THERMO PARAMS,     502,   -2236,   -3127, N, 10, DT, -999
WP, 16, 2018073012, 03, HWRF, 081, 489N, 1654E,  40,  994, XX,  34, NEQ, 0139, 0251, 0000, 0000,  -99,  -99, 101,   0,   0,    ,   0,    ,   0,   0,           ,  ,   ,    ,   0,   0,   0,   0,       THERMO PARAMS,     548,   -2434,   -3238, N, 10, DT, -999
WP, 16, 2018073012, 03, HWRF, 084, 505N, 1668E,  40,  996, XX,  34, NEQ, 0000, 0208, 0000, 0000,  -99,  -99, 132,   0,   0,    ,   0,    ,   0,   0,           ,  ,   ,    ,   0,   0,   0,   0,       THERMO PARAMS,     513,   -2417,   -3301, N, 10, DT, -999
WP, 16, 2018073012, 03, HWRF, 087, 524N, 1680E,  32,  997, XX,  34, NEQ, 0000, 0242, 0000, 0000,  -99,  -99, 161,   0,   0,    ,   0,    ,   0,   0,           ,  ,   ,    ,   0,   0,   0,   0,       THERMO PARAMS,     550,   -2728,   -3527, N, 10, DT, -999
WP, 16, 2018073012, 03, HWRF, 090, 551N, 1684E,  20,  997, XX,  34, NEQ, 0000, 0000, 0000, 0000,  -99,  -99,  65,   0,   0,    ,   0,    ,   0,   0,           ,  ,   ,    ,   0,   0,   0,   0,       THERMO PARAMS,     553,   -3087,   -3826, N, 10, DT, -999
WP, 16, 2018073012, 03, HWRF, 093, 558N, 1689E,  19,  998, XX,  34, NEQ, 0000, 0000, 0000, 0000,  -99,  -99, 102,   0,   0,    ,   0,    ,   0,   0,           ,  ,   ,    ,   0,   0,   0,   0,       THERMO PARAMS,     660,   -3306,   -3509, N, 10, DT, -999
WP, 16, 2018073012, 03, HWRF, 096, 560N, 1691E,  16,  999, XX,  34, NEQ, 0000, 0000, 0000, 0000,  -99,  -99, 140,   0,   0,    ,   0,    ,   0,   0,           ,  ,   ,    ,   0,   0,   0,   0,       THERMO PARAMS,     684,   -3319,   -3643, N, 10, DT, -999
WP, 16, 2018073012, 03, HWRF, 099, 563N, 1687E,  18, 1000, XX,  34, NEQ, 0000, 0000, 0000, 0000,  -99,  -99,  92,   0,   0,    ,   0,    ,   0,   0,           ,  ,   ,    ,   0,   0,   0,   0,       THERMO PARAMS,     221,   -2944,   -3837, N, 10, DT, -999
WP, 16, 2018073012, 03, HWRF, 102, 566N, 1683E,  20,  999, XX,  34, NEQ, 0000, 0000, 0000, 0000,  -99,  -99,  86,   0,   0,    ,   0,    ,   0,   0,           ,  ,   ,    ,   0,   0,   0,   0,       THERMO PARAMS,     385,   -2732,   -3926, N, 10, DT, -999
WP, 16, 2018073012, 03, HWRF, 105, 573N, 1681E,  23,  998, XX,  34, NEQ, 0000, 0000, 0000, 0000,  -99,  -99,  99,   0,   0,    ,   0,    ,   0,   0,           ,  ,   ,    ,   0,   0,   0,   0,       THERMO PARAMS,     440,   -2158,   -4021, N, 10, DT, -999
WP, 16, 2018073012, 03, HWRF, 108, 579N, 1679E,  29,  998, XX,  34, NEQ, 0000, 0000, 0000, 0000,  -99,  -99, 145,   0,   0,    ,   0,    ,   0,   0,           ,  ,   ,    ,   0,   0,   0,   0,       THERMO PARAMS,     403,   -1535,   -3852, N, 10, DT, -999
WP, 16, 2018073012, 03, HWRF, 111, 583N, 1676E,  32,  999, XX,  34, NEQ, 0000, 0000, 0000, 0000,  -99,  -99, 130,   0,   0,    ,   0,    ,   0,   0,           ,  ,   ,    ,   0,   0,   0,   0,       THERMO PARAMS,     349,   -1224,   -3465, N, 10, DT, -999
WP, 16, 2018073012, 03, HWRF, 114, 587N, 1672E,  35,  998, XX,  34, NEQ, 0122, 0000, 0000, 0000,  -99,  -99, 120,   0,   0,    ,   0,    ,   0,   0,           ,  ,   ,    ,   0,   0,   0,   0,       THERMO PARAMS,     282,    -881,   -3022, N, 10, DT, -999
WP, 16, 2018073012, 03, HWRF, 117, 591N, 1671E,  37,  997, XX,  34, NEQ, 0110, 0000, 0000, 0000,  -99,  -99, 108,   0,   0,    ,   0,    ,   0,   0,           ,  ,   ,    ,   0,   0,   0,   0,       THERMO PARAMS,     208,    -685,   -2432, N, 10, DT, -999
WP, 16, 2018073012, 03, HWRF, 120, 591N, 1664E,  31,  998, XX,  34, NEQ, 0000, 0000, 0000, 0000,  -99,  -99, 123,   0,   0,    ,   0,    ,   0,   0,           ,  ,   ,    ,   0,   0,   0,   0,       THERMO PARAMS,      -3,    -524,   -1507, N, 10, DT, -999
WP, 16, 2018073012, 03, HWRF, 123, 591N, 1661E,  28, 1000, XX,  34, NEQ, 0000, 0000, 0000, 0000,  -99,  -99,  42,   0,   0,    ,   0,    ,   0,   0,           ,  ,   ,    ,   0,   0,   0,   0,       THERMO PARAMS,     -41,    -484,   -1309, N, 10, DT, -999
WP, 16, 2018073012, 03, HWRF, 126, 592N, 1664E,  22, 1001, XX,  34, NEQ, 0000, 0000, 0000, 0000,  -99,  -99,  39,   0,   0,    ,   0,    ,   0,   0,           ,  ,   ,    ,   0,   0,   0,   0,       THERMO PARAMS,     102,    -496,   -1575, N, 10, DT, -999
WP, 16, 2018073012, 03,  UKM,   0, 284N, 1526E,  33, 1000, TD,   0,    ,    0,    0,    0,    0,     ,     ,  80,    ,    ,   W,    ,    ,    ,    ,        16W,,    0,   ,   0,    ,    0,    0,    0,    0, 
WP, 16, 2018073012, 03,  UKM,   6, 294N, 1517E,  33,  998, TD,   0,    ,    0,    0,    0,    0,     ,     ,  90,    ,    ,   W,    ,    ,    ,    ,        16W,,    0,   ,   0,    ,    0,    0,    0,    0, 
WP, 16, 2018073012, 03,  UKM,  12, 300N, 1514E,  34,  998, TD,   0,    ,    0,    0,    0,    0,     ,     ,  94,    ,    ,   W,    ,    ,    ,    ,        16W,,    0,   ,   0,    ,    0,    0,    0,    0, 
WP, 16, 2018073012, 03,  UKM,  18, 310N, 1512E,  31,  996, TD,   0,    ,    0,    0,    0,    0,     ,     ,  92,    ,    ,   W,    ,    ,    ,    ,        16W,,    0,   ,   0,    ,    0,    0,    0,    0, 
WP, 16, 2018073012, 03,  UKM,  24, 322N, 1505E,  30,  997, TD,   0,    ,    0,    0,    0,    0,     ,     ,  99,    ,    ,   W,    ,    ,    ,    ,        16W,,    0,   ,   0,    ,    0,    0,    0,    0, 
WP, 16, 2018073012, 03,  UKM,  30, 331N, 1498E,  28,  996, TD,   0,    ,    0,    0,    0,    0,     ,     , 108,    ,    ,   W,    ,    ,    ,    ,        16W,,    0,   ,   0,    ,    0,    0,    0,    0, 
WP, 16, 2018073012, 03,  UKM,  36, 340N, 1495E,  28,  996, TD,   0,    ,    0,    0,    0,    0,     ,     , 102,    ,    ,   W,    ,    ,    ,    ,        16W,,    0,   ,   0,    ,    0,    0,    0,    0, 
WP, 16, 2018073012, 03,  UKM,  42, 346N, 1498E,  34,  994, TD,   0,    ,    0,    0,    0,    0,     ,     ,  48,    ,    ,   W,    ,    ,    ,    ,        16W,,    0,   ,   0,    ,    0,    0,    0,    0, 
WP, 16, 2018073012, 03,  UKM,  48, 354N, 1502E,  33,  996, TD,   0,    ,    0,    0,    0,    0,     ,     ,  56,    ,    ,   W,    ,    ,    ,    ,        16W,,    0,   ,   0,    ,    0,    0,    0,    0, 
WP, 16, 2018073012, 03,  UKM,  54, 364N, 1507E,  36,  994, TS,  34, NEQ,   49,   47,    0,    0,     ,     ,  45,    ,    ,   W,    ,    ,    ,    ,        16W,,    0,   ,   0,    ,    0,    0,    0,    0, 
WP, 16, 2018073012, 03,  UKM,  60, 375N, 1521E,  40,  994, TS,  34, NEQ,   42,   49,    0,    0,     ,     ,  32,    ,    ,   W,    ,    ,    ,    ,        16W,,    0,   ,   0,    ,    0,    0,    0,    0, 
WP, 16, 2018073012, 03,  UKM,  66, 387N, 1537E,  41,  993, TS,  34, NEQ,   49,   53,   41,    0,     ,     ,  40,    ,    ,   W,    ,    ,    ,    ,        16W,,    0,   ,   0,    ,    0,    0,    0,    0, 
WP, 16, 2018073012, 03,  UKM,  72, 402N, 1556E,  41,  994, TS,  34, NEQ,   54,   63,   40,    0,     ,     ,  42,    ,    ,   W,    ,    ,    ,    ,        16W,,    0,   ,   0,    ,    0,    0,    0,    0, 
WP, 16, 2018073012, 03,  UKM,  78, 425N, 1582E,  41,  993, TS,  34, NEQ,   75,  101,    0,    0,     ,     ,  56,    ,    ,   W,    ,    ,    ,    ,        16W,,    0,   ,   0,    ,    0,    0,    0,    0, 
WP, 16, 2018073012, 03,  UKM,  84, 460N, 1610E,  46,  992, TS,  34, NEQ,  141,  150,    0,    0,     ,     ,  89,    ,    ,   W,    ,    ,    ,    ,        16W,,    0,   ,   0,    ,    0,    0,    0,    0, 
WP, 16, 2018073012, 03,  UKM,  90, 515N, 1654E,  40,  993, TS,  34, NEQ,    0,  159,    0,    0,     ,     , 168,    ,    ,   W,    ,    ,    ,    ,        16W,,    0,   ,   0,    ,    0,    0,    0,    0, 
WP, 16, 2018073012, 03,  UKM,  96, 545N, 1684E,  35,  990, TS,  34, NEQ,    0,  170,    0,    0,     ,     , 222,    ,    ,   W,    ,    ,    ,    ,        16W,,    0,   ,   0,    ,    0,    0,    0,    0, 
WP, 16, 2018073018, 01, CARQ,  -6, 285N, 1526E,  25, 1000, XX,  34, NEQ,    0,    0,    0,    0, 1004,  180,  70,   0,   0,   W,   0,   X,    ,   7,    SIXTEEN, S,   ,    ,    ,    ,    ,    ,      TCGP EXTRA DATA, WP162018, JTWC, NCEP_TCVITALS, 
WP, 16, 2018073018, 01, CARQ,   0, 292N, 1525E,  30,  996, XX,  34, NEQ,    0,    0,    0,    0, 1004,  180,  70,   0,   0,   W,   0,   X, 355,   8,    SIXTEEN, S,   ,    ,    ,    ,    ,    ,      TCGP EXTRA DATA, WP162018, JTWC, NCEP_TCVITALS, 
WP, 16, 2018073018, 01, CARQ,   0, 292N, 1525E,  30,  996, XX,  50, NEQ,    0,    0,    0,    0, 1004,  180,  70,   0,   0,   W,   0,   X, 355,   8,    SIXTEEN, S,   ,    ,    ,    ,    ,    ,      TCGP EXTRA DATA, WP162018, JTWC, NCEP_TCVITALS, 
WP, 16, 2018073018, 01, CARQ,   0, 292N, 1525E,  30,  996, XX,  64, NEQ,    0,    0,    0,    0, 1004,  180,  70,   0,   0,   W,   0,   X, 355,   8,    SIXTEEN, S,   ,    ,    ,    ,    ,    ,      TCGP EXTRA DATA, WP162018, JTWC, NCEP_TCVITALS, 
WP, 16, 2018073018, 03, CTCX, 000, 292N, 1523E,  30,  998, XX,  34, NEQ, 0198, 0000, 0000, 0000,    0,    0, 084
WP, 16, 2018073018, 03, CTCX, 006, 307N, 1524E,  44,  999, XX,  34, NEQ, 0192, 0183, 0000, 0009,    0,    0, 105
WP, 16, 2018073018, 03, CTCX, 012, 322N, 1514E,  42,  996, XX,  34, NEQ, 0099, 0251, 0027, 0041,    0,    0, 032
WP, 16, 2018073018, 03, CTCX, 018, 330N, 1508E,  36,  996, XX,  34, NEQ, 0135, 0000, 0000, 0093,    0,    0, 088
WP, 16, 2018073018, 03, CTCX, 024, 341N, 1499E,  38,  997, XX,  34, NEQ, 0000, 0252, 0069, 0000,    0,    0, 054
WP, 16, 2018073018, 03, CTCX, 030, 344N, 1495E,  38,  996, XX,  34, NEQ, 0000, 0045, 0052, 0000,    0,    0, 037
WP, 16, 2018073018, 03, CTCX, 036, 354N, 1500E,  42,  994, XX,  34, NEQ, 0059, 0077, 0071, 0000,    0,    0, 051
WP, 16, 2018073018, 03, CTCX, 042, 363N, 1507E,  41,  996, XX,  34, NEQ, 0065, 0086, 0024, 0000,    0,    0, 066
WP, 16, 2018073018, 03, CTCX, 048, 374N, 1518E,  38,  995, XX,  34, NEQ, 0000, 0100, 0000, 0000,    0,    0, 094
WP, 16, 2018073018, 03, CTCX, 054, 383N, 1533E,  37,  996, XX,  34, NEQ, 0000, 0078, 0000, 0000,    0,    0, 055
WP, 16, 2018073018, 03, CTCX, 060, 394N, 1556E,  46,  995, XX,  34, NEQ, 0066, 0106, 0069, 0000,    0,    0, 044
WP, 16, 2018073018, 03, CTCX, 066, 409N, 1580E,  52,  994, XX,  34, NEQ, 0092, 0147, 0068, 0010,    0,    0, 054
WP, 16, 2018073018, 03, CTCX, 066, 409N, 1580E,  52,  994, XX,  50, NEQ, 0000, 0072, 0000, 0000,    0,    0, 054
WP, 16, 2018073018, 03, CTCX, 072, 429N, 1610E,  50,  993, XX,  34, NEQ, 0074, 0141, 0100, 0008,    0,    0, 018
WP, 16, 2018073018, 03, CTCX, 078, 456N, 1632E,   0,  997, XX,  34, NEQ, 0123, 0123, 0000, 0000,    0,    0, ***
WP, 16, 2018073018, 03, HWRF, 000, 292N, 1525E,  31,  997, XX,  34, NEQ, 0193, 0000, 0000, 0000,  -99,  -99, 162,   0,   0,    ,   0,    ,   0,   0,           ,  ,   ,    ,   0,   0,   0,   0,       THERMO PARAMS,   -9999,   -9999,   -9999, N, 10, DT, -999
WP, 16, 2018073018, 03, HWRF, 003, 300N, 1528E,  37,  999, XX,  34, NEQ, 0157, 0000, 0000, 0087,  -99,  -99, 140,   0,   0,    ,   0,    ,   0,   0,           ,  ,   ,    ,   0,   0,   0,   0,       THERMO PARAMS,      25,    1138,    -879, N, 10, DT, -999
WP, 16, 2018073018, 03, HWRF, 006, 310N, 1526E,  40,  998, XX,  34, NEQ, 0131, 0126, 0000, 0000,  -99,  -99,  60,   0,   0,    ,   0,    ,   0,   0,           ,  ,   ,    ,   0,   0,   0,   0,       THERMO PARAMS,     -12,     821,    -719, N, 10, DT, -999
WP, 16, 2018073018, 03, HWRF, 009, 315N, 1522E,  37,  997, XX,  34, NEQ, 0145, 0094, 0000, 0122,  -99,  -99, 108,   0,   0,    ,   0,    ,   0,   0,           ,  ,   ,    ,   0,   0,   0,   0,       THERMO PARAMS,     -30,     795,    -191, N, 10, DT, -999
WP, 16, 2018073018, 03, HWRF, 012, 320N, 1520E,  43,  995, XX,  34, NEQ, 0123, 0000, 0000, 0000,  999,   35, 102,   0,   0,    ,   0,    ,   0,   0,           ,  ,   ,    ,   0,   0,   0,   0,       THERMO PARAMS,      -3,     841,    -292, N, 10, DT, -999
WP, 16, 2018073018, 03, HWRF, 015, 327N, 1513E,  41,  997, XX,  34, NEQ, 0126, 0000, 0000, 0086,  -99,  -99,  59,   0,   0,    ,   0,    ,   0,   0,           ,  ,   ,    ,   0,   0,   0,   0,       THERMO PARAMS,       6,     925,    -177, N, 10, DT, -999
WP, 16, 2018073018, 03, HWRF, 018, 335N, 1504E,  39,  997, XX,  34, NEQ, 0126, 0000, 0000, 0040,  -99,  -99, 121,   0,   0,    ,   0,    ,   0,   0,           ,  ,   ,    ,   0,   0,   0,   0,       THERMO PARAMS,      27,     591,    -236, N, 10, DT, -999
WP, 16, 2018073018, 03, HWRF, 021, 338N, 1496E,  36,  995, XX,  34, NEQ, 0091, 0029, 0025, 0039,  -99,  -99,  25,   0,   0,    ,   0,    ,   0,   0,           ,  ,   ,    ,   0,   0,   0,   0,       THERMO PARAMS,      36,    1031,    -390, N, 10, DT, -999
WP, 16, 2018073018, 03, HWRF, 024, 341N, 1496E,  38,  992, XX,  34, NEQ, 0000, 0034, 0045, 0000,  -99,  -99,  39,   0,   0,    ,   0,    ,   0,   0,           ,  ,   ,    ,   0,   0,   0,   0,       THERMO PARAMS,      55,    1201,     -77, N, 10, DT, -999
WP, 16, 2018073018, 03, HWRF, 027, 346N, 1495E,  38,  993, XX,  34, NEQ, 0033, 0055, 0000, 0000,  -99,  -99,  52,   0,   0,    ,   0,    ,   0,   0,           ,  ,   ,    ,   0,   0,   0,   0,       THERMO PARAMS,      56,    1215,    -146, N, 10, DT, -999
WP, 16, 2018073018, 03, HWRF, 030, 350N, 1493E,  36,  995, XX,  34, NEQ, 0000, 0000, 0064, 0000,  999,   29,  58,   0,   0,    ,   0,    ,   0,   0,           ,  ,   ,    ,   0,   0,   0,   0,       THERMO PARAMS,      69,    1013,     -30, N, 10, DT, -999
WP, 16, 2018073018, 03, HWRF, 033, 352N, 1493E,  36,  995, XX,  34, NEQ, 0000, 0064, 0000, 0000,  -99,  -99,  60,   0,   0,    ,   0,    ,   0,   0,           ,  ,   ,    ,   0,   0,   0,   0,       THERMO PARAMS,      23,     734,     230, N, 10, DT, -999
WP, 16, 2018073018, 03, HWRF, 036, 356N, 1496E,  35,  993, XX,  34, NEQ, 0059, 0065, 0000, 0000,  997,   28,  55,   0,   0,    ,   0,    ,   0,   0,           ,  ,   ,    ,   0,   0,   0,   0,       THERMO PARAMS,     -15,     984,      70, N, 10, DT, -999
WP, 16, 2018073018, 03, HWRF, 039, 359N, 1498E,  36,  994, XX,  34, NEQ, 0000, 0082, 0046, 0000, 1002,   96,  80,   0,   0,    ,   0,    ,   0,   0,           ,  ,   ,    ,   0,   0,   0,   0,       THERMO PARAMS,     -14,     894,     461, N, 10, DT, -999
WP, 16, 2018073018, 03, HWRF, 042, 361N, 1502E,  38,  996, XX,  34, NEQ, 0000, 0065, 0057, 0000,  -99,  -99,  53,   0,   0,    ,   0,    ,   0,   0,           ,  ,   ,    ,   0,   0,   0,   0,       THERMO PARAMS,     -44,     777,     109, N, 10, DT, -999
WP, 16, 2018073018, 03, HWRF, 045, 365N, 1507E,  40,  995, XX,  34, NEQ, 0047, 0077, 0042, 0000,  999,   33,  36,   0,   0,    ,   0,    ,   0,   0,           ,  ,   ,    ,   0,   0,   0,   0,       THERMO PARAMS,     -26,     819,    -379, N, 10, DT, -999
WP, 16, 2018073018, 03, HWRF, 048, 372N, 1513E,  39,  995, XX,  34, NEQ, 0000, 0093, 0000, 0000,  -99,  -99,  43,   0,   0,    ,   0,    ,   0,   0,           ,  ,   ,    ,   0,   0,   0,   0,       THERMO PARAMS,     -16,     872,   -1105, N, 10, DT, -999
WP, 16, 2018073018, 03, HWRF, 051, 377N, 1519E,  38,  995, XX,  34, NEQ, 0049, 0081, 0110, 0000,  -99,  -99,  59,   0,   0,    ,   0,    ,   0,   0,           ,  ,   ,    ,   0,   0,   0,   0,       THERMO PARAMS,       9,     843,   -1851, N, 10, DT, -999
WP, 16, 2018073018, 03, HWRF, 054, 381N, 1527E,  40,  996, XX,  34, NEQ, 0000, 0076, 0000, 0000,  -99,  -99,  48,   0,   0,    ,   0,    ,   0,   0,           ,  ,   ,    ,   0,   0,   0,   0,       THERMO PARAMS,      22,     558,   -1654, N, 10, DT, -999
WP, 16, 2018073018, 03, HWRF, 057, 387N, 1540E,  40,  996, XX,  34, NEQ, 0000, 0066, 0000, 0000,  -99,  -99,  31,   0,   0,    ,   0,    ,   0,   0,           ,  ,   ,    ,   0,   0,   0,   0,       THERMO PARAMS,      47,     267,   -1445, N, 10, DT, -999
WP, 16, 2018073018, 03, HWRF, 060, 395N, 1551E,  45,  993, XX,  34, NEQ, 0058, 0091, 0000, 0000,  -99,  -99,  30,   0,   0,    ,   0,    ,   0,   0,           ,  ,   ,    ,   0,   0,   0,   0,       THERMO PARAMS,      50,     459,   -1820, N, 10, DT, -999
WP, 16, 2018073018, 03, HWRF, 063, 404N, 1563E,  42,  993, XX,  34, NEQ, 0054, 0100, 0059, 0000, 1001,   91,  52,   0,   0,    ,   0,    ,   0,   0,           ,  ,   ,    ,   0,   0,   0,   0,       THERMO PARAMS,      93,     126,   -1906, N, 10, DT, -999
WP, 16, 2018073018, 03, HWRF, 066, 414N, 1576E,  45,  993, XX,  34, NEQ, 0068, 0130, 0070, 0000,  997,   28,  40,   0,   0,    ,   0,    ,   0,   0,           ,  ,   ,    ,   0,   0,   0,   0,       THERMO PARAMS,     180,    -140,   -2279, N, 10, DT, -999
WP, 16, 2018073018, 03, HWRF, 069, 427N, 1591E,  43,  992, XX,  34, NEQ, 0082, 0142, 0083, 0000,  -99,  -99,  38,   0,   0,    ,   0,    ,   0,   0,           ,  ,   ,    ,   0,   0,   0,   0,       THERMO PARAMS,     269,       2,   -2458, N, 10, DT, -999
WP, 16, 2018073018, 03, HWRF, 072, 439N, 1605E,  49,  990, XX,  34, NEQ, 0118, 0150, 0044, 0000,  -99,  -99,  47,   0,   0,    ,   0,    ,   0,   0,           ,  ,   ,    ,   0,   0,   0,   0,       THERMO PARAMS,     359,      10,   -2601, N, 10, DT, -999
WP, 16, 2018073018, 03, HWRF, 075, 456N, 1622E,  45,  993, XX,  34, NEQ, 0131, 0188, 0098, 0000,  -99,  -99,  70,   0,   0,    ,   0,    ,   0,   0,           ,  ,   ,    ,   0,   0,   0,   0,       THERMO PARAMS,     483,   -1445,   -2967, N, 10, DT, -999
WP, 16, 2018073018, 03, HWRF, 078, 470N, 1638E,  45,  994, XX,  34, NEQ, 0146, 0245, 0101, 0000, 1002,  119,  79,   0,   0,    ,   0,    ,   0,   0,           ,  ,   ,    ,   0,   0,   0,   0,       THERMO PARAMS,     572,   -1720,   -3198, N, 10, DT, -999
WP, 16, 2018073018, 03, HWRF, 081, 483N, 1652E,  40,  997, XX,  34, NEQ, 0000, 0239, 0000, 0000,  -99,  -99,  79,   0,   0,    ,   0,    ,   0,   0,           ,  ,   ,    ,   0,   0,   0,   0,       THERMO PARAMS,     568,   -2261,   -3402, N, 10, DT, -999
WP, 16, 2018073018, 03, HWRF, 084, 501N, 1669E,  36,  999, XX,  34, NEQ, 0000, 0115, 0000, 0000,  -99,  -99,  87,   0,   0,    ,   0,    ,   0,   0,           ,  ,   ,    ,   0,   0,   0,   0,       THERMO PARAMS,     568,   -2417,   -3518, N, 10, DT, -999
WP, 16, 2018073018, 03, HWRF, 087, 519N, 1682E,  31,  999, XX,  34, NEQ, 0000, 0000, 0000, 0000,  -99,  -99, 162,   0,   0,    ,   0,    ,   0,   0,           ,  ,   ,    ,   0,   0,   0,   0,       THERMO PARAMS,     584,   -2309,   -3605, N, 10, DT, -999
WP, 16, 2018073018, 03, HWRF, 090, 533N, 1696E,  34, 1000, XX,  34, NEQ, 0000, 0116, 0000, 0000,  -99,  -99, 116,   0,   0,    ,   0,    ,   0,   0,           ,  ,   ,    ,   0,   0,   0,   0,       THERMO PARAMS,     592,   -2285,   -3502, N, 10, DT, -999
WP, 16, 2018073018, 03, HWRF, 093, 546N, 1704E,  36, 1001, XX,  34, NEQ, 0000, 0135, 0000, 0000,  -99,  -99, 126,   0,   0,    ,   0,    ,   0,   0,           ,  ,   ,    ,   0,   0,   0,   0,       THERMO PARAMS,     612,   -2269,   -3490, N, 10, DT, -999
WP, 16, 2018073018, 03, HWRF, 096, 560N, 1716E,  26, 1002, XX,  34, NEQ, 0000, 0000, 0000, 0000,  -99,  -99, 162,   0,   0,    ,   0,    ,   0,   0,           ,  ,   ,    ,   0,   0,   0,   0,       THERMO PARAMS,     618,   -2394,   -3380, N, 10, DT, -999
WP, 16, 2018073018, 03, HWRF, 099, 572N, 1732E,  24, 1001, XX,  34, NEQ, 0000, 0000, 0000, 0000,  -99,  -99, 162,   0,   0,    ,   0,    ,   0,   0,           ,  ,   ,    ,   0,   0,   0,   0,       THERMO PARAMS,     611,   -2414,   -3235, N, 10, DT, -999
WP, 16, 2018073100, 01, CARQ, -12, 285N, 1526E,  25, 1000, XX,  34, NEQ,    0,    0,    0,    0, 1004,  180,  70,   0,   0,   W,   0,   X,    ,   7,    SIXTEEN, S,   ,    ,    ,    ,    ,    ,      TCGP EXTRA DATA, WP162018, JTWC, NCEP_TCVITALS, 
WP, 16, 2018073100, 01, CARQ,  -6, 292N, 1525E,  30,  996, XX,  34, NEQ,    0,    0,    0,    0, 1004,  180,  70,   0,   0,   W,   0,   X, 355,   8,    SIXTEEN, S,   ,    ,    ,    ,    ,    ,      TCGP EXTRA DATA, WP162018, JTWC, NCEP_TCVITALS, 
WP, 16, 2018073100, 01, CARQ,   0, 305N, 1525E,  30,  995, XX,  34, NEQ,    0,    0,    0,    0, 1004,  170,  70,   0,   0,   W,   0,   X,    ,  10,    SIXTEEN, S,   ,    ,    ,    ,    ,    ,      TCGP EXTRA DATA, WP162018, JTWC, NCEP_TCVITALS, 
WP, 16, 2018073100, 01, CARQ,   0, 305N, 1525E,  30,  995, XX,  50, NEQ,    0,    0,    0,    0, 1004,  170,  70,   0,   0,   W,   0,   X,    ,  10,    SIXTEEN, S,   ,    ,    ,    ,    ,    ,      TCGP EXTRA DATA, WP162018, JTWC, NCEP_TCVITALS, 
WP, 16, 2018073100, 01, CARQ,   0, 305N, 1525E,  30,  995, XX,  64, NEQ,    0,    0,    0,    0, 1004,  170,  70,   0,   0,   W,   0,   X,    ,  10,    SIXTEEN, S,   ,    ,    ,    ,    ,    ,      TCGP EXTRA DATA, WP162018, JTWC, NCEP_TCVITALS, 
WP, 16, 2018073100, 03, CTCX, 000, 307N, 1522E,  30,  999, XX,  34, NEQ, 0160, 0000, 0000, 0000,    0,    0, 094
WP, 16, 2018073100, 03, CTCX, 006, 324N, 1515E,  38, 1000, XX,  34, NEQ, 0000, 0232, 0000, 0077,    0,    0, 066
WP, 16, 2018073100, 03, CTCX, 012, 334N, 1500E,   0,  997, XX,  34, NEQ, 0110, 0168, 0026, 0071,    0,    0, ***
WP, 16, 2018073100, 03, CTCX, 018, 342N, 1493E,   0,  998, XX,  34, NEQ, 0000, 0000, 0000, 0065,    0,    0, ***
WP, 16, 2018073100, 03, CTCX, 024, 346N, 1491E,   0,  998, XX,  34, NEQ, 0000, 0043, 0000, 0000,    0,    0, ***
WP, 16, 2018073100, 03, CTCX, 030, 354N, 1498E,  36,  996, XX,  34, NEQ, 0000, 0000, 0057, 0000,    0,    0, 054
WP, 16, 2018073100, 03, CTCX, 036, 366N, 1507E,  33,  999, XX,  34, NEQ, 0000, 0000, 0000, 0000,    0,    0, 083
WP, 16, 2018073100, 03, CTCX, 042, 381N, 1517E,  37,  999, XX,  34, NEQ, 0000, 0063, 0000, 0000,    0,    0, 061
WP, 16, 2018073100, 03, CTCX, 048, 393N, 1533E,  32, 1000, XX,  34, NEQ, 0000, 0000, 0000, 0000,    0,    0, 070
WP, 16, 2018073100, 03, CTCX, 054, 410N, 1557E,  36, 1000, XX,  34, NEQ, 0000, 0048, 0000, 0000,    0,    0, 044
WP, 16, 2018073100, 03, CTCX, 060, 429N, 1594E,  39, 1000, XX,  34, NEQ, 0000, 0092, 0162, 0000,    0,    0, 029
WP, 16, 2018073100, 03, CTCX, 066, 451N, 1622E,   0, 1001, XX,  34, NEQ, 0081, 0084, 0192, 0000,    0,    0, ***
WP, 16, 2018073100, 03, HWRF, 000, 304N, 1524E,  31,  995, XX,  34, NEQ, 0000, 0000, 0000, 0000,  -99,  -99, 151,   0,   0,    ,   0,    ,   0,   0,           ,  ,   ,    ,   0,   0,   0,   0,       THERMO PARAMS,   -9999,   -9999,   -9999, Y, 10, DT, -999
WP, 16, 2018073100, 03, HWRF, 003, 311N, 1525E,  52,  996, XX,  34, NEQ, 0110, 0155, 0000, 0095,  -99,  -99,  48,   0,   0,    ,   0,    ,   0,   0,           ,  ,   ,    ,   0,   0,   0,   0,       THERMO PARAMS,      39,    1239,    -840, N, 10, DT, -999
WP, 16, 2018073100, 03, HWRF, 003, 311N, 1525E,  52,  996, XX,  50, NEQ, 0000, 0050, 0000, 0000,  -99,  -99,  48,   0,   0,    ,   0,    ,   0,   0,           ,  ,   ,    ,   0,   0,   0,   0,       THERMO PARAMS,      39,    1239,    -840, N, 10, DT, -999
WP, 16, 2018073100, 03, HWRF, 006, 318N, 1522E,  43,  995, XX,  34, NEQ, 0117, 0133, 0000, 0062,  -99,  -99,  77,   0,   0,    ,   0,    ,   0,   0,           ,  ,   ,    ,   0,   0,   0,   0,       THERMO PARAMS,      -3,     820,    -377, N, 10, DT, -999
WP, 16, 2018073100, 03, HWRF, 009, 326N, 1517E,  38,  997, XX,  34, NEQ, 0122, 0065, 0000, 0066,  -99,  -99, 114,   0,   0,    ,   0,    ,   0,   0,           ,  ,   ,    ,   0,   0,   0,   0,       THERMO PARAMS,      21,     647,      90, N, 10, DT, -999
WP, 16, 2018073100, 03, HWRF, 012, 337N, 1503E,  39,  996, XX,  34, NEQ, 0112, 0148, 0000, 0047,  -99,  -99, 106,   0,   0,    ,   0,    ,   0,   0,           ,  ,   ,    ,   0,   0,   0,   0,       THERMO PARAMS,      48,     407,     -85, N, 10, DT, -999
WP, 16, 2018073100, 03, HWRF, 015, 339N, 1497E,  34,  995, XX,  34, NEQ, 0000, 0000, 0000, 0049,  999,   26,  48,   0,   0,    ,   0,    ,   0,   0,           ,  ,   ,    ,   0,   0,   0,   0,       THERMO PARAMS,      40,     916,      -5, N, 10, DT, -999
WP, 16, 2018073100, 03, HWRF, 018, 340N, 1492E,  40,  993, XX,  34, NEQ, 0000, 0027, 0040, 0040,  -99,  -99,  23,   0,   0,    ,   0,    ,   0,   0,           ,  ,   ,    ,   0,   0,   0,   0,       THERMO PARAMS,      78,     648,     331, N, 10, DT, -999
WP, 16, 2018073100, 03, HWRF, 021, 343N, 1492E,  39,  993, XX,  34, NEQ, 0000, 0045, 0066, 0000,  -99,  -99,  42,   0,   0,    ,   0,    ,   0,   0,           ,  ,   ,    ,   0,   0,   0,   0,       THERMO PARAMS,      69,     902,    -235, N, 10, DT, -999
WP, 16, 2018073100, 03, HWRF, 024, 346N, 1492E,  40,  994, XX,  34, NEQ, 0000, 0061, 0069, 0000, 1002,   81,  50,   0,   0,    ,   0,    ,   0,   0,           ,  ,   ,    ,   0,   0,   0,   0,       THERMO PARAMS,      56,     705,     411, N, 10, DT, -999
WP, 16, 2018073100, 03, HWRF, 027, 350N, 1493E,  34,  994, XX,  34, NEQ, 0000, 0045, 0000, 0000,  -99,  -99,  43,   0,   0,    ,   0,    ,   0,   0,           ,  ,   ,    ,   0,   0,   0,   0,       THERMO PARAMS,      15,     598,     531, N, 10, DT, -999
WP, 16, 2018073100, 03, HWRF, 030, 354N, 1496E,  32,  993, XX,  34, NEQ, 0000, 0000, 0000, 0000, 1001,   91,  34,   0,   0,    ,   0,    ,   0,   0,           ,  ,   ,    ,   0,   0,   0,   0,       THERMO PARAMS,      -3,     671,     299, N, 10, DT, -999
WP, 16, 2018073100, 03, HWRF, 033, 358N, 1498E,  35,  994, XX,  34, NEQ, 0000, 0085, 0000, 0000, 1002,  110,  84,   0,   0,    ,   0,    ,   0,   0,           ,  ,   ,    ,   0,   0,   0,   0,       THERMO PARAMS,     -17,     775,     509, N, 10, DT, -999
WP, 16, 2018073100, 03, HWRF, 036, 361N, 1501E,  34,  996, XX,  34, NEQ, 0000, 0065, 0000, 0000,  -99,  -99,  64,   0,   0,    ,   0,    ,   0,   0,           ,  ,   ,    ,   0,   0,   0,   0,       THERMO PARAMS,     -28,     873,     375, N, 10, DT, -999
WP, 16, 2018073100, 03, HWRF, 039, 366N, 1506E,  36,  996, XX,  34, NEQ, 0000, 0042, 0000, 0000,  -99,  -99,  39,   0,   0,    ,   0,    ,   0,   0,           ,  ,   ,    ,   0,   0,   0,   0,       THERMO PARAMS,     -12,     802,    -426, N, 10, DT, -999
WP, 16, 2018073100, 03, HWRF, 042, 371N, 1511E,  36,  995, XX,  34, NEQ, 0000, 0113, 0000, 0000,  -99,  -99, 110,   0,   0,    ,   0,    ,   0,   0,           ,  ,   ,    ,   0,   0,   0,   0,       THERMO PARAMS,     -10,     758,   -1225, N, 10, DT, -999
WP, 16, 2018073100, 03, HWRF, 045, 375N, 1517E,  36,  995, XX,  34, NEQ, 0000, 0061, 0032, 0000,  999,   30,  56,   0,   0,    ,   0,    ,   0,   0,           ,  ,   ,    ,   0,   0,   0,   0,       THERMO PARAMS,      13,     762,    -953, N, 10, DT, -999
WP, 16, 2018073100, 03, HWRF, 048, 379N, 1525E,  34,  997, XX,  34, NEQ, 0000, 0043, 0000, 0000,  -99,  -99,  42,   0,   0,    ,   0,    ,   0,   0,           ,  ,   ,    ,   0,   0,   0,   0,       THERMO PARAMS,      41,     186,   -1346, N, 10, DT, -999
WP, 16, 2018073100, 03, HWRF, 051, 385N, 1535E,  32,  998, XX,  34, NEQ, 0000, 0000, 0000, 0000,  -99,  -99,  44,   0,   0,    ,   0,    ,   0,   0,           ,  ,   ,    ,   0,   0,   0,   0,       THERMO PARAMS,      38,    -237,   -1301, N, 10, DT, -999
WP, 16, 2018073100, 03, HWRF, 054, 392N, 1546E,  37,  997, XX,  34, NEQ, 0059, 0082, 0000, 0000,  -99,  -99,  46,   0,   0,    ,   0,    ,   0,   0,           ,  ,   ,    ,   0,   0,   0,   0,       THERMO PARAMS,      68,    -459,   -1450, N, 10, DT, -999
WP, 16, 2018073100, 03, HWRF, 057, 402N, 1558E,  40,  997, XX,  34, NEQ, 0000, 0089, 0000, 0000, 1001,   73,  60,   0,   0,    ,   0,    ,   0,   0,           ,  ,   ,    ,   0,   0,   0,   0,       THERMO PARAMS,     120,    -798,   -1779, N, 10, DT, -999
WP, 16, 2018073100, 03, HWRF, 060, 409N, 1571E,  49,  995, XX,  34, NEQ, 0047, 0112, 0000, 0000,  -99,  -99,  24,   0,   0,    ,   0,    ,   0,   0,           ,  ,   ,    ,   0,   0,   0,   0,       THERMO PARAMS,     179,    -510,   -1822, N, 10, DT, -999
WP, 16, 2018073100, 03, HWRF, 063, 417N, 1584E,  47,  996, XX,  34, NEQ, 0129, 0183, 0000, 0000,  -99,  -99,  49,   0,   0,    ,   0,    ,   0,   0,           ,  ,   ,    ,   0,   0,   0,   0,       THERMO PARAMS,     263,   -1227,   -2232, N, 10, DT, -999
WP, 16, 2018073100, 03, HWRF, 066, 427N, 1598E,  42,  995, XX,  34, NEQ, 0165, 0197, 0076, 0000,  999,   61,  98,   0,   0,    ,   0,    ,   0,   0,           ,  ,   ,    ,   0,   0,   0,   0,       THERMO PARAMS,     310,   -1388,   -2909, N, 10, DT, -999
WP, 16, 2018073100, 03, HWRF, 069, 438N, 1615E,  46,  995, XX,  34, NEQ, 0129, 0165, 0082, 0000,  -99,  -99,  67,   0,   0,    ,   0,    ,   0,   0,           ,  ,   ,    ,   0,   0,   0,   0,       THERMO PARAMS,     378,   -1700,   -2995, N, 10, DT, -999
WP, 16, 2018073100, 03, HWRF, 072, 453N, 1631E,  43,  997, XX,  34, NEQ, 0101, 0168, 0131, 0000, 1001,   53,  88,   0,   0,    ,   0,    ,   0,   0,           ,  ,   ,    ,   0,   0,   0,   0,       THERMO PARAMS,     458,   -1987,   -2842, N, 10, DT, -999
WP, 16, 2018073100, 03, HWRF, 075, 470N, 1646E,  38,  998, XX,  34, NEQ, 0000, 0175, 0169, 0000, 1002,  302, 117,   0,   0,    ,   0,    ,   0,   0,           ,  ,   ,    ,   0,   0,   0,   0,       THERMO PARAMS,     542,   -2274,   -3110, N, 10, DT, -999
WP, 16, 2018073100, 03, HWRF, 078, 485N, 1659E,  35,  998, XX,  34, NEQ, 0000, 0187, 0000, 0000, 1002,  291, 162,   0,   0,    ,   0,    ,   0,   0,           ,  ,   ,    ,   0,   0,   0,   0,       THERMO PARAMS,     594,   -2526,   -3659, N, 10, DT, -999
WP, 16, 2018073100, 03, HWRF, 081, 499N, 1673E,  34,  999, XX,  34, NEQ, 0000, 0149, 0000, 0000,  -99,  -99, 137,   0,   0,    ,   0,    ,   0,   0,           ,  ,   ,    ,   0,   0,   0,   0,       THERMO PARAMS,     610,   -2640,   -3790, N, 10, DT, -999
WP, 16, 2018073100, 03, HWRF, 084, 515N, 1685E,  33,  999, XX,  34, NEQ, 0000, 0000, 0000, 0000,  -99,  -99, 153,   0,   0,    ,   0,    ,   0,   0,           ,  ,   ,    ,   0,   0,   0,   0,       THERMO PARAMS,     662,   -2929,   -3780, N, 10, DT, -999
WP, 16, 2018073100, 03, HWRF, 087, 531N, 1700E,  33,  999, XX,  34, NEQ, 0000, 0000, 0000, 0000,  -99,  -99, 154,   0,   0,    ,   0,    ,   0,   0,           ,  ,   ,    ,   0,   0,   0,   0,       THERMO PARAMS,     596,   -2867,   -3490, N, 10, DT, -999
WP, 16, 2018073100, 03,  UKM,   0, 305N, 1522E,  42,  996, TS,  34, NEQ,  100,   98,    0,    0,     ,     ,  49,    ,    ,   W,    ,    ,    ,    ,        16W,,    0,   ,   0,    ,    0,    0,    0,    0, 
WP, 16, 2018073100, 03,  UKM,   6, 317N, 1514E,  44,  992, TS,  34, NEQ,   89,    0,    0,   72,     ,     ,  53,    ,    ,   W,    ,    ,    ,    ,        16W,,    0,   ,   0,    ,    0,    0,    0,    0, 
WP, 16, 2018073100, 03,  UKM,  12, 330N, 1502E,  40,  991, TS,  34, NEQ,   72,   72,    0,   53,     ,     ,  42,    ,    ,   W,    ,    ,    ,    ,        16W,,    0,   ,   0,    ,    0,    0,    0,    0, 
WP, 16, 2018073100, 03,  UKM,  18, 338N, 1491E,  45,  986, TS,  34, NEQ,   52,   40,   28,   44,     ,     ,  22,    ,    ,   W,    ,    ,    ,    ,        16W,,    0,   ,   0,    ,    0,    0,    0,    0, 
WP, 16, 2018073100, 03,  UKM,  24, 345N, 1490E,  45,  984, TS,  34, NEQ,   54,   53,   43,   37,     ,     ,  32,    ,    ,   W,    ,    ,    ,    ,        16W,,    0,   ,   0,    ,    0,    0,    0,    0, 
WP, 16, 2018073100, 03,  UKM,  30, 355N, 1492E,  45,  984, TS,  34, NEQ,   61,   59,   26,   30,     ,     ,  24,    ,    ,   W,    ,    ,    ,    ,        16W,,    0,   ,   0,    ,    0,    0,    0,    0, 
WP, 16, 2018073100, 03,  UKM,  36, 364N, 1495E,  49,  985, TS,  34, NEQ,   52,   49,   30,   33,     ,     ,  24,    ,    ,   W,    ,    ,    ,    ,        16W,,    0,   ,   0,    ,    0,    0,    0,    0, 
WP, 16, 2018073100, 03,  UKM,  42, 373N, 1503E,  51,  983, TS,  34, NEQ,   51,   50,   41,   30,     ,     ,  29,    ,    ,   W,    ,    ,    ,    ,        16W,,    0,   ,   0,    ,    0,    0,    0,    0, 
WP, 16, 2018073100, 03,  UKM,  42, 373N, 1503E,  51,  983, TS,  50, NEQ,    0,   29,    0,    0,     ,     ,  29,    ,    ,   W,    ,    ,    ,    ,        16W,,    0,   ,   0,    ,    0,    0,    0,    0, 
WP, 16, 2018073100, 03,  UKM,  48, 383N, 1517E,  55,  982, TS,  34, NEQ,   51,   51,   35,   21,     ,     ,  23,    ,    ,   W,    ,    ,    ,    ,        16W,,    0,   ,   0,    ,    0,    0,    0,    0, 
WP, 16, 2018073100, 03,  UKM,  48, 383N, 1517E,  55,  982, TS,  50, NEQ,   25,   23,    0,    0,     ,     ,  23,    ,    ,   W,    ,    ,    ,    ,        16W,,    0,   ,   0,    ,    0,    0,    0,    0, 
WP, 16, 2018073100, 03,  UKM,  54, 395N, 1539E,  55,  983, TS,  34, NEQ,   49,   61,   42,    0,     ,     ,  22,    ,    ,   W,    ,    ,    ,    ,        16W,,    0,   ,   0,    ,    0,    0,    0,    0, 
WP, 16, 2018073100, 03,  UKM,  54, 395N, 1539E,  55,  983, TS,  50, NEQ,    0,   23,    0,    0,     ,     ,  22,    ,    ,   W,    ,    ,    ,    ,        16W,,    0,   ,   0,    ,    0,    0,    0,    0, 
WP, 16, 2018073100, 03,  UKM,  60, 413N, 1564E,  50,  989, TS,  34, NEQ,   68,   77,   48,    0,     ,     ,  29,    ,    ,   W,    ,    ,    ,    ,        16W,,    0,   ,   0,    ,    0,    0,    0,    0, 
WP, 16, 2018073100, 03,  UKM,  66, 440N, 1599E,  47,  989, TS,  34, NEQ,   87,  117,   68,    0,     ,     ,  53,    ,    ,   W,    ,    ,    ,    ,        16W,,    0,   ,   0,    ,    0,    0,    0,    0, 
WP, 16, 2018073100, 03,  UKM,  72, 473N, 1639E,  44,  991, TS,  34, NEQ,  166,  151,   99,    0,     ,     ,  86,    ,    ,   W,    ,    ,    ,    ,        16W,,    0,   ,   0,    ,    0,    0,    0,    0, 
WP, 16, 2018073100, 03,  UKM,  78, 521N, 1688E,  40,  993, TS,  34, NEQ,    0,  162,    0,    0,     ,     , 162,    ,    ,   W,    ,    ,    ,    ,        16W,,    0,   ,   0,    ,    0,    0,    0,    0, 
WP, 16, 2018073100, 03,  UKM,  84, 546N, 1730E,  34,  995, TD,   0,    ,    0,    0,    0,    0,     ,     , 232,    ,    ,   W,    ,    ,    ,    ,        16W,,    0,   ,   0,    ,    0,    0,    0,    0, 
WP, 16, 2018073106, 01, CARQ, -18, 285N, 1526E,  25, 1000, XX,  34, NEQ,    0,    0,    0,    0, 1004,  180,  70,   0,   0,   W,   0,   X,    ,   7,    SIXTEEN, S,   ,    ,    ,    ,    ,    ,      TCGP EXTRA DATA, WP162018, JTWC, NCEP_TCVITALS, 
WP, 16, 2018073106, 01, CARQ, -12, 292N, 1525E,  30,  996, XX,  34, NEQ,    0,    0,    0,    0, 1004,  180,  70,   0,   0,   W,   0,   X, 355,   8,    SIXTEEN, S,   ,    ,    ,    ,    ,    ,      TCGP EXTRA DATA, WP162018, JTWC, NCEP_TCVITALS, 
WP, 16, 2018073106, 01, CARQ,  -6, 305N, 1525E,  30,  995, XX,  34, NEQ,    0,    0,    0,    0, 1004,  170,  70,   0,   0,   W,   0,   X,    ,  10,    SIXTEEN, S,   ,    ,    ,    ,    ,    ,      TCGP EXTRA DATA, WP162018, JTWC, NCEP_TCVITALS, 
WP, 16, 2018073106, 01, CARQ,   0, 318N, 1510E,  30, 1000, XX,  34, NEQ,    0,    0,    0,    0, 1004,  200, 100,   0,   0,   W,   0,   X, 340,  12,    SIXTEEN, S,   ,    ,    ,    ,    ,    ,      TCGP EXTRA DATA, WP162018, JTWC, NCEP_TCVITALS, 
WP, 16, 2018073106, 01, CARQ,   0, 318N, 1510E,  30, 1000, XX,  50, NEQ,    0,    0,    0,    0, 1004,  200, 100,   0,   0,   W,   0,   X, 340,  12,    SIXTEEN, S,   ,    ,    ,    ,    ,    ,      TCGP EXTRA DATA, WP162018, JTWC, NCEP_TCVITALS, 
WP, 16, 2018073106, 01, CARQ,   0, 318N, 1510E,  30, 1000, XX,  64, NEQ,    0,    0,    0,    0, 1004,  200, 100,   0,   0,   W,   0,   X, 340,  12,    SIXTEEN, S,   ,    ,    ,    ,    ,    ,      TCGP EXTRA DATA, WP162018, JTWC, NCEP_TCVITALS, 
WP, 16, 2018073106, 03, CTCX, 000, 316N, 1507E,  30,  999, XX,  34, NEQ, 0000, 0000, 0000, 0000,    0,    0, 089
WP, 16, 2018073106, 03, CTCX, 006, 323N, 1501E,  32, 1000, XX,  34, NEQ, 0168, 0000, 0000, 0000,    0,    0, 052
WP, 16, 2018073106, 03, CTCX, 012, 332N, 1495E,  28, 1000, XX,  34, NEQ, 0195, 0000, 0000, 0000,    0,    0, 049
WP, 16, 2018073106, 03, CTCX, 018, 343N, 1496E,  27, 1001, XX,  34, NEQ, 0000, 0000, 0000, 0000,    0,    0, 081
WP, 16, 2018073106, 03, CTCX, 024, 353N, 1495E,  29, 1000, XX,  34, NEQ, 0000, 0000, 0000, 0000,    0,    0, 051
WP, 16, 2018073106, 03, CTCX, 030, 359N, 1500E,  29, 1001, XX,  34, NEQ, 0000, 0000, 0000, 0000,    0,    0, 102
WP, 16, 2018073106, 03, CTCX, 036, 368N, 1509E,  33, 1002, XX,  34, NEQ, 0000, 0000, 0000, 0000,    0,    0, 069
WP, 16, 2018073106, 03, HWRF, 000, 316N, 1509E,  29,  999, XX,  34, NEQ, 0000, 0000, 0000, 0000, 1003,   84,  84,   0,   0,    ,   0,    ,   0,   0,           ,  ,   ,    ,   0,   0,   0,   0,       THERMO PARAMS,   -9999,   -9999,   -9999, N, 10, DT, -999
WP, 16, 2018073106, 03, HWRF, 003, 326N, 1505E,  33, 1000, XX,  34, NEQ, 0000, 0000, 0000, 0000,  -99,  -99,  84,   0,   0,    ,   0,    ,   0,   0,           ,  ,   ,    ,   0,   0,   0,   0,       THERMO PARAMS,     -26,     461,    -149, N, 10, DT, -999
WP, 16, 2018073106, 03, HWRF, 006, 336N, 1498E,  39, 1001, XX,  34, NEQ, 0084, 0000, 0000, 0043,  -99,  -99,  39,   0,   0,    ,   0,    ,   0,   0,           ,  ,   ,    ,   0,   0,   0,   0,       THERMO PARAMS,      12,     839,    -629, N, 10, DT, -999
WP, 16, 2018073106, 03, HWRF, 009, 338N, 1492E,  31,  999, XX,  34, NEQ, 0000, 0000, 0000, 0000,  -99,  -99,  90,   0,   0,    ,   0,    ,   0,   0,           ,  ,   ,    ,   0,   0,   0,   0,       THERMO PARAMS,      -3,     606,    -835, N, 10, DT, -999
WP, 16, 2018073106, 03, HWRF, 012, 339N, 1487E,  40,  996, XX,  34, NEQ, 0000, 0000, 0017, 0000,  -99,  -99,  13,   0,   0,    ,   0,    ,   0,   0,           ,  ,   ,    ,   0,   0,   0,   0,       THERMO PARAMS,      23,     703,    -415, N, 10, DT, -999
WP, 16, 2018073106, 03, HWRF, 015, 341N, 1488E,  30,  995, XX,  34, NEQ, 0000, 0000, 0000, 0000,  -99,  -99,  29,   0,   0,    ,   0,    ,   0,   0,           ,  ,   ,    ,   0,   0,   0,   0,       THERMO PARAMS,      60,     886,    -545, N, 10, DT, -999
WP, 16, 2018073106, 03, HWRF, 018, 344N, 1489E,  31,  997, XX,  34, NEQ, 0000, 0000, 0000, 0000, 1005,  116,  42,   0,   0,    ,   0,    ,   0,   0,           ,  ,   ,    ,   0,   0,   0,   0,       THERMO PARAMS,      54,     746,      71, N, 10, DT, -999
WP, 16, 2018073106, 03, HWRF, 021, 347N, 1493E,  27,  997, XX,  34, NEQ, 0000, 0000, 0000, 0000,  -99,  -99,  21,   0,   0,    ,   0,    ,   0,   0,           ,  ,   ,    ,   0,   0,   0,   0,       THERMO PARAMS,       9,     704,     105, N, 10, DT, -999
WP, 16, 2018073106, 03, HWRF, 024, 351N, 1495E,  29,  997, XX,  34, NEQ, 0000, 0000, 0000, 0000,  -99,  -99,  63,   0,   0,    ,   0,    ,   0,   0,           ,  ,   ,    ,   0,   0,   0,   0,       THERMO PARAMS,       1,     763,    -326, N, 10, DT, -999
WP, 16, 2018073106, 03, HWRF, 027, 355N, 1498E,  29,  998, XX,  34, NEQ, 0000, 0000, 0000, 0000, 1002,   41,  77,   0,   0,    ,   0,    ,   0,   0,           ,  ,   ,    ,   0,   0,   0,   0,       THERMO PARAMS,       9,     820,      57, N, 10, DT, -999
WP, 16, 2018073106, 03, HWRF, 030, 359N, 1501E,  32,  999, XX,  34, NEQ, 0000, 0000, 0000, 0000,  -99,  -99,  66,   0,   0,    ,   0,    ,   0,   0,           ,  ,   ,    ,   0,   0,   0,   0,       THERMO PARAMS,      -4,     807,    -419, N, 10, DT, -999
WP, 16, 2018073106, 03, HWRF, 033, 363N, 1504E,  30,  999, XX,  34, NEQ, 0000, 0000, 0000, 0000, 1003,   49,  59,   0,   0,    ,   0,    ,   0,   0,           ,  ,   ,    ,   0,   0,   0,   0,       THERMO PARAMS,      -7,     592,    -847, N, 10, DT, -999
WP, 16, 2018073106, 03, HWRF, 036, 366N, 1509E,  35,  999, XX,  34, NEQ, 0000, 0104, 0000, 0000,  -99,  -99, 103,   0,   0,    ,   0,    ,   0,   0,           ,  ,   ,    ,   0,   0,   0,   0,       THERMO PARAMS,     -10,     234,   -1057, N, 10, DT, -999
WP, 16, 2018073106, 03, HWRF, 039, 371N, 1515E,  33,  999, XX,  34, NEQ, 0000, 0000, 0000, 0000,  -99,  -99,  82,   0,   0,    ,   0,    ,   0,   0,           ,  ,   ,    ,   0,   0,   0,   0,       THERMO PARAMS,      21,    -104,   -1441, N, 10, DT, -999
WP, 16, 2018073106, 03, HWRF, 042, 375N, 1522E,  29, 1001, XX,  34, NEQ, 0000, 0000, 0000, 0000,  -99,  -99,  74,   0,   0,    ,   0,    ,   0,   0,           ,  ,   ,    ,   0,   0,   0,   0,       THERMO PARAMS,      66,    -493,   -1129, N, 10, DT, -999
WP, 16, 2018073106, 03, HWRF, 045, 380N, 1530E,  25, 1001, XX,  34, NEQ, 0000, 0000, 0000, 0000,  -99,  -99,  81,   0,   0,    ,   0,    ,   0,   0,           ,  ,   ,    ,   0,   0,   0,   0,       THERMO PARAMS,      78,    -682,   -1686, N, 10, DT, -999
WP, 16, 2018073106, 03, HWRF, 048, 384N, 1538E,  27, 1001, XX,  34, NEQ, 0000, 0000, 0000, 0000,  -99,  -99,  66,   0,   0,    ,   0,    ,   0,   0,           ,  ,   ,    ,   0,   0,   0,   0,       THERMO PARAMS,      97,    -903,   -1705, N, 10, DT, -999
WP, 16, 2018073106, 03, HWRF, 051, 390N, 1547E,  28, 1001, XX,  34, NEQ, 0000, 0000, 0000, 0000,  -99,  -99,  39,   0,   0,    ,   0,    ,   0,   0,           ,  ,   ,    ,   0,   0,   0,   0,       THERMO PARAMS,     129,    -990,   -2217, N, 10, DT, -999
WP, 16, 2018073106, 03, HWRF, 054, 398N, 1558E,  33, 1002, XX,  34, NEQ, 0000, 0000, 0000, 0000,  -99,  -99, 119,   0,   0,    ,   0,    ,   0,   0,           ,  ,   ,    ,   0,   0,   0,   0,       THERMO PARAMS,     185,   -1178,   -2219, N, 10, DT, -999
WP, 16, 2018073106, 03, HWRF, 057, 407N, 1567E,  40, 1001, XX,  34, NEQ, 0000, 0074, 0000, 0000,  -99,  -99,  59,   0,   0,    ,   0,    ,   0,   0,           ,  ,   ,    ,   0,   0,   0,   0,       THERMO PARAMS,     255,   -1352,   -2647, N, 10, DT, -999
WP, 16, 2018073106, 03, HWRF, 060, 417N, 1582E,  35,  999, XX,  34, NEQ, 0000, 0066, 0000, 0000,  -99,  -99,  56,   0,   0,    ,   0,    ,   0,   0,           ,  ,   ,    ,   0,   0,   0,   0,       THERMO PARAMS,     367,   -1657,   -3005, N, 10, DT, -999
WP, 16, 2018073106, 03, HWRF, 063, 425N, 1596E,  39,  998, XX,  34, NEQ, 0000, 0292, 0000, 0000,  -99,  -99,  43,   0,   0,    ,   0,    ,   0,   0,           ,  ,   ,    ,   0,   0,   0,   0,       THERMO PARAMS,     413,   -1478,   -3542, N, 10, DT, -999
WP, 16, 2018073106, 03, HWRF, 066, 433N, 1607E,  41,  999, XX,  34, NEQ, 0000, 0208, 0000, 0000,  -99,  -99,  77,   0,   0,    ,   0,    ,   0,   0,           ,  ,   ,    ,   0,   0,   0,   0,       THERMO PARAMS,     464,   -1744,   -3376, N, 10, DT, -999
WP, 16, 2018073106, 03, HWRF, 069, 439N, 1619E,  42, 1000, XX,  34, NEQ, 0000, 0093, 0000, 0000,  -99,  -99,  48,   0,   0,    ,   0,    ,   0,   0,           ,  ,   ,    ,   0,   0,   0,   0,       THERMO PARAMS,     497,   -1711,   -3363, N, 10, DT, -999
WP, 16, 2018073106, 03, HWRF, 072, 449N, 1631E,  35, 1001, XX,  34, NEQ, 0000, 0091, 0000, 0000,  -99,  -99,  75,   0,   0,    ,   0,    ,   0,   0,           ,  ,   ,    ,   0,   0,   0,   0,       THERMO PARAMS,     496,   -2218,   -3187, N, 10, DT, -999
WP, 16, 2018073106, 03, HWRF, 075, 459N, 1644E,  32, 1001, XX,  34, NEQ, 0000, 0000, 0000, 0000,  -99,  -99, 108,   0,   0,    ,   0,    ,   0,   0,           ,  ,   ,    ,   0,   0,   0,   0,       THERMO PARAMS,     532,   -2233,   -3471, N, 10, DT, -999
WP, 16, 2018073106, 03, HWRF, 078, 467N, 1658E,  34, 1002, XX,  34, NEQ, 0000, 0000, 0000, 0000,  -99,  -99,  86,   0,   0,    ,   0,    ,   0,   0,           ,  ,   ,    ,   0,   0,   0,   0,       THERMO PARAMS,     530,   -2154,   -3346, N, 10, DT, -999
WP, 16, 2018073106, 03, HWRF, 081, 480N, 1674E,  35, 1003, XX,  34, NEQ, 0000, 0115, 0000, 0000,  -99,  -99,  99,   0,   0,    ,   0,    ,   0,   0,           ,  ,   ,    ,   0,   0,   0,   0,       THERMO PARAMS,     548,   -2388,   -3157, N, 10, DT, -999
WP, 16, 2018073106, 03, HWRF, 084, 495N, 1691E,  36, 1004, XX,  34, NEQ, 0000, 0141, 0000, 0000,  -99,  -99, 116,   0,   0,    ,   0,    ,   0,   0,           ,  ,   ,    ,   0,   0,   0,   0,       THERMO PARAMS,     542,   -2311,   -3096, N, 10, DT, -999
WP, 16, 2018073106, 03, HWRF, 087, 513N, 1711E,  31, 1005, XX,  34, NEQ, 0000, 0000, 0000, 0000,  -99,  -99, 113,   0,   0,    ,   0,    ,   0,   0,           ,  ,   ,    ,   0,   0,   0,   0,       THERMO PARAMS,     528,   -2188,   -3072, N, 10, DT, -999
WP, 16, 2018073106, 03, HWRF, 090, 527N, 1723E,  32, 1004, XX,  34, NEQ, 0000, 0000, 0000, 0000,  -99,  -99, 140,   0,   0,    ,   0,    ,   0,   0,           ,  ,   ,    ,   0,   0,   0,   0,       THERMO PARAMS,     556,   -2374,   -3270, N, 10, DT, -999
WP, 16, 2018073106, 03, HWRF, 093, 540N, 1736E,  29, 1005, XX,  34, NEQ, 0000, 0000, 0000, 0000,  -99,  -99, 162,   0,   0,    ,   0,    ,   0,   0,           ,  ,   ,    ,   0,   0,   0,   0,       THERMO PARAMS,     542,   -2510,   -3444, N, 10, DT, -999
WP, 16, 2018073112, 01, CARQ, -24, 285N, 1526E,  25, 1000, XX,  34, NEQ,    0,    0,    0,    0, 1004,  180,  70,   0,   0,   W,   0,   X,    ,   7,    SIXTEEN, S,   ,    ,    ,    ,    ,    ,      TCGP EXTRA DATA, WP162018, JTWC, NCEP_TCVITALS, 
WP, 16, 2018073112, 01, CARQ, -18, 292N, 1525E,  30,  996, XX,  34, NEQ,    0,    0,    0,    0, 1004,  180,  70,   0,   0,   W,   0,   X, 355,   8,    SIXTEEN, S,   ,    ,    ,    ,    ,    ,      TCGP EXTRA DATA, WP162018, JTWC, NCEP_TCVITALS, 
WP, 16, 2018073112, 01, CARQ, -12, 305N, 1525E,  30,  995, XX,  34, NEQ,    0,    0,    0,    0, 1004,  170,  70,   0,   0,   W,   0,   X,    ,  10,    SIXTEEN, S,   ,    ,    ,    ,    ,    ,      TCGP EXTRA DATA, WP162018, JTWC, NCEP_TCVITALS, 
WP, 16, 2018073112, 01, CARQ,  -6, 318N, 1510E,  30, 1000, XX,  34, NEQ,    0,    0,    0,    0, 1004,  200, 100,   0,   0,   W,   0,   X, 340,  12,    SIXTEEN, S,   ,    ,    ,    ,    ,    ,      TCGP EXTRA DATA, WP162018, JTWC, NCEP_TCVITALS, 
WP, 16, 2018073112, 01, CARQ,   0, 324N, 1509E,  25,  998, XX,  34, NEQ,    0,    0,    0,    0, 1004,  170, 100,   0,   0,   W,   0,   X, 335,  12,    SIXTEEN, S,   ,    ,    ,    ,    ,    ,      TCGP EXTRA DATA, WP162018, JTWC, NCEP_TCVITALS, 
WP, 16, 2018073112, 01, CARQ,   0, 324N, 1509E,  25,  998, XX,  50, NEQ,    0,    0,    0,    0, 1004,  170, 100,   0,   0,   W,   0,   X, 335,  12,    SIXTEEN, S,   ,    ,    ,    ,    ,    ,      TCGP EXTRA DATA, WP162018, JTWC, NCEP_TCVITALS, 
WP, 16, 2018073112, 01, CARQ,   0, 324N, 1509E,  25,  998, XX,  64, NEQ,    0,    0,    0,    0, 1004,  170, 100,   0,   0,   W,   0,   X, 335,  12,    SIXTEEN, S,   ,    ,    ,    ,    ,    ,      TCGP EXTRA DATA, WP162018, JTWC, NCEP_TCVITALS, 
WP, 16, 2018073112, 03, CTCX, 000, 326N, 1504E,  25, 1000, XX,  34, NEQ, 0000, 0000, 0000, 0000,    0,    0, 092
WP, 16, 2018073112, 03, CTCX, 006, 341N, 1498E,  26, 1001, XX,  34, NEQ, 0143, 0000, 0000, 0000,    0,    0, 107
WP, 16, 2018073112, 03, CTCX, 012, 353N, 1486E,  25, 1002, XX,  34, NEQ, 0000, 0000, 0000, 0000,    0,    0, 026
WP, 16, 2018073112, 03, CTCX, 018, 351N, 1489E,  33, 1002, XX,  34, NEQ, 0000, 0000, 0000, 0000,    0,    0, 038
WP, 16, 2018073112, 03, CTCX, 024, 351N, 1498E,  22, 1003, XX,  34, NEQ, 0000, 0000, 0000, 0000,    0,    0, 021
WP, 16, 2018073112, 03, HWRF, 000, 324N, 1509E,  39,  997, XX,  34, NEQ, 0164, 0074, 0000, 0000, 1005,  192, 129,   0,   0,    ,   0,    ,   0,   0,           ,  ,   ,    ,   0,   0,   0,   0,       THERMO PARAMS,   -9999,   -9999,   -9999, N, 10, DT, -999
WP, 16, 2018073112, 03, HWRF, 003, 331N, 1506E,  36,  996, XX,  34, NEQ, 0124, 0054, 0000, 0000,  -99,  -99, 109,   0,   0,    ,   0,    ,   0,   0,           ,  ,   ,    ,   0,   0,   0,   0,       THERMO PARAMS,      51,     730,    -462, N, 10, DT, -999
WP, 16, 2018073112, 03, HWRF, 006, 341N, 1502E,  39,  997, XX,  34, NEQ, 0071, 0064, 0000, 0087,  -99,  -99,  49,   0,   0,    ,   0,    ,   0,   0,           ,  ,   ,    ,   0,   0,   0,   0,       THERMO PARAMS,      40,     890,    -321, N, 10, DT, -999
WP, 16, 2018073112, 03, HWRF, 009, 347N, 1495E,  41,  996, XX,  34, NEQ, 0000, 0000, 0069, 0000, 1004,  139,  65,   0,   0,    ,   0,    ,   0,   0,           ,  ,   ,    ,   0,   0,   0,   0,       THERMO PARAMS,      78,     478,    -208, N, 10, DT, -999
WP, 16, 2018073112, 03, HWRF, 012, 350N, 1492E,  40,  998, XX,  34, NEQ, 0000, 0106, 0000, 0000,  -99,  -99,  94,   0,   0,    ,   0,    ,   0,   0,           ,  ,   ,    ,   0,   0,   0,   0,       THERMO PARAMS,      77,     549,    -108, N, 10, DT, -999
WP, 16, 2018073112, 03, HWRF, 015, 352N, 1494E,  36,  997, XX,  34, NEQ, 0110, 0000, 0000, 0000,  -99,  -99, 105,   0,   0,    ,   0,    ,   0,   0,           ,  ,   ,    ,   0,   0,   0,   0,       THERMO PARAMS,     -10,     515,    -172, N, 10, DT, -999
WP, 16, 2018073112, 03, HWRF, 018, 357N, 1498E,  31,  997, XX,  34, NEQ, 0000, 0000, 0000, 0000,  -99,  -99, 110,   0,   0,    ,   0,    ,   0,   0,           ,  ,   ,    ,   0,   0,   0,   0,       THERMO PARAMS,     -28,     420,    -283, N, 10, DT, -999
WP, 16, 2018073112, 03, HWRF, 021, 363N, 1502E,  32,  998, XX,  34, NEQ, 0000, 0000, 0000, 0000,  -99,  -99,  36,   0,   0,    ,   0,    ,   0,   0,           ,  ,   ,    ,   0,   0,   0,   0,       THERMO PARAMS,      -4,     611,     226, N, 10, DT, -999
WP, 16, 2018073112, 03, HWRF, 024, 369N, 1504E,  38,  998, XX,  34, NEQ, 0000, 0099, 0000, 0000,  -99,  -99,  97,   0,   0,    ,   0,    ,   0,   0,           ,  ,   ,    ,   0,   0,   0,   0,       THERMO PARAMS,     -13,     663,   -1098, N, 10, DT, -999
WP, 16, 2018073112, 03, HWRF, 027, 372N, 1508E,  34,  998, XX,  34, NEQ, 0000, 0082, 0000, 0000,  -99,  -99,  80,   0,   0,    ,   0,    ,   0,   0,           ,  ,   ,    ,   0,   0,   0,   0,       THERMO PARAMS,     -41,     640,   -1181, N, 10, DT, -999
WP, 16, 2018073112, 03, HWRF, 030, 374N, 1515E,  37,  998, XX,  34, NEQ, 0000, 0076, 0037, 0000,  -99,  -99,  70,   0,   0,    ,   0,    ,   0,   0,           ,  ,   ,    ,   0,   0,   0,   0,       THERMO PARAMS,     -46,     510,   -1067, N, 10, DT, -999
WP, 16, 2018073112, 03, HWRF, 033, 382N, 1524E,  38,  999, XX,  34, NEQ, 0000, 0077, 0000, 0000,  -99,  -99,  62,   0,   0,    ,   0,    ,   0,   0,           ,  ,   ,    ,   0,   0,   0,   0,       THERMO PARAMS,       1,    -317,   -1778, N, 10, DT, -999
WP, 16, 2018073112, 03, HWRF, 036, 390N, 1533E,  33,  999, XX,  34, NEQ, 0000, 0000, 0000, 0000,  -99,  -99,  53,   0,   0,    ,   0,    ,   0,   0,           ,  ,   ,    ,   0,   0,   0,   0,       THERMO PARAMS,      64,    -685,   -1649, N, 10, DT, -999
WP, 16, 2018073112, 03, HWRF, 039, 400N, 1544E,  32,  999, XX,  34, NEQ, 0000, 0000, 0000, 0000,  -99,  -99,  85,   0,   0,    ,   0,    ,   0,   0,           ,  ,   ,    ,   0,   0,   0,   0,       THERMO PARAMS,     119,   -1559,   -1879, N, 10, DT, -999
WP, 16, 2018073112, 03, HWRF, 042, 408N, 1555E,  34,  997, XX,  34, NEQ, 0000, 0261, 0000, 0000,  -99,  -99,  87,   0,   0,    ,   0,    ,   0,   0,           ,  ,   ,    ,   0,   0,   0,   0,       THERMO PARAMS,     229,   -1690,   -2675, N, 10, DT, -999
WP, 16, 2018073112, 03, HWRF, 045, 425N, 1575E,  33,  997, XX,  34, NEQ, 0000, 0000, 0000, 0000,  -99,  -99, 160,   0,   0,    ,   0,    ,   0,   0,           ,  ,   ,    ,   0,   0,   0,   0,       THERMO PARAMS,     360,   -2173,   -3378, N, 10, DT, -999
WP, 16, 2018073112, 03, HWRF, 048, 440N, 1593E,  40,  995, XX,  34, NEQ, 0000, 0211, 0212, 0000,  -99,  -99,  68,   0,   0,    ,   0,    ,   0,   0,           ,  ,   ,    ,   0,   0,   0,   0,       THERMO PARAMS,     529,   -2280,   -3554, N, 10, DT, -999
WP, 16, 2018073112, 03, HWRF, 051, 451N, 1610E,  41,  994, XX,  34, NEQ, 0182, 0256, 0234, 0000,  -99,  -99,  83,   0,   0,    ,   0,    ,   0,   0,           ,  ,   ,    ,   0,   0,   0,   0,       THERMO PARAMS,     637,   -2351,   -3797, N, 10, DT, -999
WP, 16, 2018073112, 03, HWRF, 054, 463N, 1628E,  46,  994, XX,  34, NEQ, 0193, 0229, 0000, 0000,  -99,  -99, 155,   0,   0,    ,   0,    ,   0,   0,           ,  ,   ,    ,   0,   0,   0,   0,       THERMO PARAMS,     685,   -2451,   -3778, N, 10, DT, -999
WP, 16, 2018073112, 03, HWRF, 057, 481N, 1649E,  41,  995, XX,  34, NEQ, 0211, 0240, 0185, 0000,  -99,  -99, 161,   0,   0,    ,   0,    ,   0,   0,           ,  ,   ,    ,   0,   0,   0,   0,       THERMO PARAMS,     752,   -2292,   -3889, N, 10, DT, -999
WP, 16, 2018073112, 03, HWRF, 060, 497N, 1667E,  41,  996, XX,  34, NEQ, 0000, 0244, 0000, 0000,  -99,  -99, 162,   0,   0,    ,   0,    ,   0,   0,           ,  ,   ,    ,   0,   0,   0,   0,       THERMO PARAMS,     774,   -2319,   -3791, N, 10, DT, -999
WP, 16, 2018073112, 03, HWRF, 063, 514N, 1685E,  35,  997, XX,  34, NEQ, 0185, 0245, 0000, 0000,  -99,  -99, 162,   0,   0,    ,   0,    ,   0,   0,           ,  ,   ,    ,   0,   0,   0,   0,       THERMO PARAMS,     787,   -2363,   -3506, N, 10, DT, -999
WP, 16, 2018073112, 03, HWRF, 066, 533N, 1706E,  36,  997, XX,  34, NEQ, 0000, 0254, 0000, 0000,  -99,  -99,  79,   0,   0,    ,   0,    ,   0,   0,           ,  ,   ,    ,   0,   0,   0,   0,       THERMO PARAMS,     754,   -2342,   -3247, N, 10, DT, -999
WP, 16, 2018073112, 03, HWRF, 069, 544N, 1723E,  30,  994, XX,  34, NEQ, 0000, 0276, 0000, 0000,  -99,  -99, 162,   0,   0,    ,   0,    ,   0,   0,           ,  ,   ,    ,   0,   0,   0,   0,       THERMO PARAMS,     702,   -2524,   -3224, N, 10, DT, -999
WP, 16, 2018073112, 03, HWRF, 072, 560N, 1740E,  26,  994, XX,  34, NEQ, 0000, 0000, 0000, 0269,  -99,  -99, 162,   0,   0,    ,   0,    ,   0,   0,           ,  ,   ,    ,   0,   0,   0,   0,       THERMO PARAMS,     671,   -2725,   -3069, N, 10, DT, -999
WP, 16, 2018073112, 03, HWRF, 075, 583N, 1755E,  28,  995, XX,  34, NEQ, 0000, 0000, 0000, 0000,  -99,  -99, 162,   0,   0,    ,   0,    ,   0,   0,           ,  ,   ,    ,   0,   0,   0,   0,       THERMO PARAMS,     576,   -2731,   -3018, N, 10, DT, -999
WP, 16, 2018073112, 03,  UKM,   0, 325N, 1507E,  30,  998, TD,   0,    ,    0,    0,    0,    0,     ,     , 114,    ,    ,   W,    ,    ,    ,    ,        16W,,    0,   ,   0,    ,    0,    0,    0,    0, 
WP, 16, 2018073112, 03,  UKM,   6, 336N, 1498E,  27,  996, TD,   0,    ,    0,    0,    0,    0,     ,     , 191,    ,    ,   W,    ,    ,    ,    ,        16W,,    0,   ,   0,    ,    0,    0,    0,    0, 
WP, 16, 2018073112, 03,  UKM,  12, 347N, 1493E,  28,  998, TD,   0,    ,    0,    0,    0,    0,     ,     ,  80,    ,    ,   W,    ,    ,    ,    ,        16W,,    0,   ,   0,    ,    0,    0,    0,    0, 
WP, 16, 2018073112, 03,  UKM,  18, 353N, 1497E,  28,  998, TD,   0,    ,    0,    0,    0,    0,     ,     ,  69,    ,    ,   W,    ,    ,    ,    ,        16W,,    0,   ,   0,    ,    0,    0,    0,    0, 
WP, 16, 2018073112, 03,  UKM,  24, 363N, 1503E,  29,  999, TD,   0,    ,    0,    0,    0,    0,     ,     ,  77,    ,    ,   W,    ,    ,    ,    ,        16W,,    0,   ,   0,    ,    0,    0,    0,    0, 
WP, 16, 2018073112, 03,  UKM,  30, 373N, 1512E,  29,  998, TD,   0,    ,    0,    0,    0,    0,     ,     ,  62,    ,    ,   W,    ,    ,    ,    ,        16W,,    0,   ,   0,    ,    0,    0,    0,    0, 
WP, 16, 2018073118, 01, CARQ, -24, 292N, 1525E,  30,  996, XX,  34, NEQ,    0,    0,    0,    0, 1004,  180,  70,   0,   0,   W,   0,   X, 355,   8,    SIXTEEN, S,   ,    ,    ,    ,    ,    ,      TCGP EXTRA DATA, WP162018, JTWC, NCEP_TCVITALS, 
WP, 16, 2018073118, 01, CARQ, -18, 305N, 1525E,  30,  995, XX,  34, NEQ,    0,    0,    0,    0, 1004,  170,  70,   0,   0,   W,   0,   X,    ,  10,    SIXTEEN, S,   ,    ,    ,    ,    ,    ,      TCGP EXTRA DATA, WP162018, JTWC, NCEP_TCVITALS, 
WP, 16, 2018073118, 01, CARQ, -12, 318N, 1510E,  30, 1000, XX,  34, NEQ,    0,    0,    0,    0, 1004,  200, 100,   0,   0,   W,   0,   X, 340,  12,    SIXTEEN, S,   ,    ,    ,    ,    ,    ,      TCGP EXTRA DATA, WP162018, JTWC, NCEP_TCVITALS, 
WP, 16, 2018073118, 01, CARQ,  -6, 324N, 1509E,  25,  998, XX,  34, NEQ,    0,    0,    0,    0, 1004,  170, 100,   0,   0,   W,   0,   X, 335,  12,    SIXTEEN, S,   ,    ,    ,    ,    ,    ,      TCGP EXTRA DATA, WP162018, JTWC, NCEP_TCVITALS, 
WP, 16, 2018073118, 01, CARQ,   0, 341N, 1501E,  25, 1000, XX,  34, NEQ,    0,    0,    0,    0, 1005,  215, 100,   0,   0,   W,   0,   X, 335,  14,    SIXTEEN, S,   ,    ,    ,    ,    ,    ,      TCGP EXTRA DATA, WP162018, JTWC, NCEP_TCVITALS, 
WP, 16, 2018073118, 01, CARQ,   0, 341N, 1501E,  25, 1000, XX,  50, NEQ,    0,    0,    0,    0, 1005,  215, 100,   0,   0,   W,   0,   X, 335,  14,    SIXTEEN, S,   ,    ,    ,    ,    ,    ,      TCGP EXTRA DATA, WP162018, JTWC, NCEP_TCVITALS, 
WP, 16, 2018073118, 01, CARQ,   0, 341N, 1501E,  25, 1000, XX,  64, NEQ,    0,    0,    0,    0, 1005,  215, 100,   0,   0,   W,   0,   X, 335,  14,    SIXTEEN, S,   ,    ,    ,    ,    ,    ,      TCGP EXTRA DATA, WP162018, JTWC, NCEP_TCVITALS, 
WP, 16, 2018073118, 03, CTCX, 000, 335N, 1486E,  19,  999, XX,  34, NEQ, 0000, 0000, 0000, 0000,    0,    0, 108
WP, 16, 2018073118, 03, CTCX, 006, 347N, 1486E,  18, 1001, XX,  34, NEQ, 0000, 0000, 0000, 0000,    0,    0, 105
WP, 16, 2018073118, 03, CTCX, 012, 359N, 1492E,  19, 1002, XX,  34, NEQ, 0000, 0000, 0000, 0000,    0,    0, 080
WP, 16, 2018073118, 03, CTCX, 018, 371N, 1495E,  22, 1003, XX,  34, NEQ, 0000, 0000, 0000, 0000,    0,    0, 075
WP, 16, 2018073118, 03, HWRF, 000, 341N, 1501E,  32,  999, XX,  34, NEQ, 0000, 0000, 0000, 0000,  -99,  -99, 158,   0,   0,    ,   0,    ,   0,   0,           ,  ,   ,    ,   0,   0,   0,   0,       THERMO PARAMS,   -9999,   -9999,   -9999, N, 10, DT, -999
WP, 16, 2018073118, 03, HWRF, 003, 349N, 1497E,  26, 1000, XX,  34, NEQ, 0000, 0000, 0000, 0000, 1004,  140, 128,   0,   0,    ,   0,    ,   0,   0,           ,  ,   ,    ,   0,   0,   0,   0,       THERMO PARAMS,      56,     204,      11, N, 10, DT, -999
WP, 16, 2018073118, 03, HWRF, 006, 356N, 1494E,  24, 1001, XX,  34, NEQ, 0000, 0000, 0000, 0000,  -99,  -99, 160,   0,   0,    ,   0,    ,   0,   0,           ,  ,   ,    ,   0,   0,   0,   0,       THERMO PARAMS,      67,     203,    -605, N, 10, DT, -999
WP, 16, 2018073118, 03, HWRF, 009, 362N, 1495E,  24, 1000, XX,  34, NEQ, 0000, 0000, 0000, 0000,  -99,  -99, 162,   0,   0,    ,   0,    ,   0,   0,           ,  ,   ,    ,   0,   0,   0,   0,       THERMO PARAMS,      27,     210,    -106, N, 10, DT, -999
WP, 16, 2018073118, 03, HWRF, 012, 366N, 1496E,  24, 1000, XX,  34, NEQ, 0000, 0000, 0000, 0000,  -99,  -99, 162,   0,   0,    ,   0,    ,   0,   0,           ,  ,   ,    ,   0,   0,   0,   0,       THERMO PARAMS,     -18,     331,     -81, N, 10, DT, -999
WP, 16, 2018073118, 03, HWRF, 015, 371N, 1499E,  24, 1001, XX,  34, NEQ, 0000, 0000, 0000, 0000,  -99,  -99, 156,   0,   0,    ,   0,    ,   0,   0,           ,  ,   ,    ,   0,   0,   0,   0,       THERMO PARAMS,     -17,     303,    -276, N, 10, DT, -999
WP, 16, 2018073118, 03, HWRF, 018, 375N, 1502E,  26, 1001, XX,  34, NEQ, 0000, 0000, 0000, 0000,  -99,  -99,  97,   0,   0,    ,   0,    ,   0,   0,           ,  ,   ,    ,   0,   0,   0,   0,       THERMO PARAMS,     -29,     183,   -1078, N, 10, DT, -999
WP, 16, 2018073118, 03, HWRF, 021, 383N, 1509E,  30, 1001, XX,  34, NEQ, 0000, 0000, 0000, 0000,  -99,  -99,  94,   0,   0,    ,   0,    ,   0,   0,           ,  ,   ,    ,   0,   0,   0,   0,       THERMO PARAMS,     -38,     -48,   -2018, N, 10, DT, -999
WP, 16, 2018073118, 03, HWRF, 024, 386N, 1514E,  31, 1001, XX,  34, NEQ, 0000, 0000, 0000, 0000,  -99,  -99, 126,   0,   0,    ,   0,    ,   0,   0,           ,  ,   ,    ,   0,   0,   0,   0,       THERMO PARAMS,     -13,    -353,   -1345, N, 10, DT, -999
WP, 16, 2018073118, 03, HWRF, 027, 389N, 1522E,  27, 1001, XX,  34, NEQ, 0000, 0000, 0000, 0000,  -99,  -99,  83,   0,   0,    ,   0,    ,   0,   0,           ,  ,   ,    ,   0,   0,   0,   0,       THERMO PARAMS,      57,    -663,   -2225, N, 10, DT, -999
WP, 16, 2018073118, 03, HWRF, 030, 399N, 1533E,  27, 1001, XX,  34, NEQ, 0000, 0000, 0000, 0000,  -99,  -99,  73,   0,   0,    ,   0,    ,   0,   0,           ,  ,   ,    ,   0,   0,   0,   0,       THERMO PARAMS,     125,   -1087,   -2503, N, 10, DT, -999
WP, 16, 2018073118, 03, HWRF, 033, 415N, 1550E,  27, 1001, XX,  34, NEQ, 0000, 0000, 0000, 0000,  -99,  -99, 147,   0,   0,    ,   0,    ,   0,   0,           ,  ,   ,    ,   0,   0,   0,   0,       THERMO PARAMS,     273,   -1650,   -3181, N, 10, DT, -999
WP, 16, 2018073118, 03, HWRF, 036, 432N, 1571E,  30,  999, XX,  34, NEQ, 0000, 0000, 0000, 0000,  -99,  -99, 136,   0,   0,    ,   0,    ,   0,   0,           ,  ,   ,    ,   0,   0,   0,   0,       THERMO PARAMS,     450,   -2036,   -3373, N, 10, DT, -999
WP, 16, 2018073118, 03, HWRF, 039, 443N, 1593E,  34,  999, XX,  34, NEQ, 0000, 0000, 0000, 0000,  -99,  -99,  51,   0,   0,    ,   0,    ,   0,   0,           ,  ,   ,    ,   0,   0,   0,   0,       THERMO PARAMS,     514,   -1838,   -3380, N, 10, DT, -999
WP, 16, 2018073118, 03, HWRF, 042, 452N, 1611E,  38, 1000, XX,  34, NEQ, 0000, 0055, 0000, 0000,  -99,  -99,  40,   0,   0,    ,   0,    ,   0,   0,           ,  ,   ,    ,   0,   0,   0,   0,       THERMO PARAMS,     523,   -1831,   -3368, N, 10, DT, -999
WP, 16, 2018073118, 03, HWRF, 045, 470N, 1634E,  41,  999, XX,  34, NEQ, 0000, 0122, 0202, 0000,  -99,  -99,  80,   0,   0,    ,   0,    ,   0,   0,           ,  ,   ,    ,   0,   0,   0,   0,       THERMO PARAMS,     574,   -1947,   -3476, N, 10, DT, -999
WP, 16, 2018073118, 03, HWRF, 048, 493N, 1646E,  35,  997, XX,  34, NEQ, 0000, 0194, 0277, 0000,  -99,  -99, 162,   0,   0,    ,   0,    ,   0,   0,           ,  ,   ,    ,   0,   0,   0,   0,       THERMO PARAMS,     713,   -2189,   -3729, N, 10, DT, -999
WP, 16, 2018073118, 03, HWRF, 051, 521N, 1651E,  27,  996, XX,  34, NEQ, 0000, 0000, 0000, 0000,  -99,  -99, 162,   0,   0,    ,   0,    ,   0,   0,           ,  ,   ,    ,   0,   0,   0,   0,       THERMO PARAMS,     748,   -2485,   -3488, N, 10, DT, -999
WP, 16, 2018080100, 03,  UKM,   0, 344N, 1491E,  28,  998, TD,   0,    ,    0,    0,    0,    0,     ,     ,  59,    ,    ,   W,    ,    ,    ,    ,        16W,,    0,   ,   0,    ,    0,    0,    0,    0, 
WP, 16, 2018080100, 03,  UKM,   6, 350N, 1493E,  30,  997, TD,   0,    ,    0,    0,    0,    0,     ,     ,  81,    ,    ,   W,    ,    ,    ,    ,        16W,,    0,   ,   0,    ,    0,    0,    0,    0, 
WP, 16, 2018080100, 03,  UKM,  12, 353N, 1500E,  31,  999, TD,   0,    ,    0,    0,    0,    0,     ,     ,  59,    ,    ,   W,    ,    ,    ,    ,        16W,,    0,   ,   0,    ,    0,    0,    0,    0, 
WP, 16, 2018080100, 03,  UKM,  18, 367N, 1508E,  29,  997, TD,   0,    ,    0,    0,    0,    0,     ,     ,  83,    ,    ,   W,    ,    ,    ,    ,        16W,,    0,   ,   0,    ,    0,    0,    0,    0, 
WP, 16, 2018080100, 03,  UKM,  24, 372N, 1521E,  28,  999, TD,   0,    ,    0,    0,    0,    0,     ,     ,  53,    ,    ,   W,    ,    ,    ,    ,        16W,,    0,   ,   0,    ,    0,    0,    0,    0, 
WP, 16, 2018080100, 03,  UKM,  30, 383N, 1538E,  31,  999, TD,   0,    ,    0,    0,    0,    0,     ,     ,  53,    ,    ,   W,    ,    ,    ,    ,        16W,,    0,   ,   0,    ,    0,    0,    0,    0, 
WP, 16, 2018080100, 03,  UKM,  36, 400N, 1557E,  35,  999, TS,  34, NEQ,    0,   96,    0,    0,     ,     ,  98,    ,    ,   W,    ,    ,    ,    ,        16W,,    0,   ,   0,    ,    0,    0,    0,    0, 
WP, 16, 2018080100, 03,  UKM,  42, 428N, 1588E,  36,  997, TS,  34, NEQ,    0,  116,    0,    0,     ,     , 100,    ,    ,   W,    ,    ,    ,    ,        16W,,    0,   ,   0,    ,    0,    0,    0,    0, 
WP, 16, 2018080100, 03,  UKM,  48, 451N, 1620E,  38,  997, TS,  34, NEQ,   76,  110,    0,    0,     ,     ,  85,    ,    ,   W,    ,    ,    ,    ,        16W,,    0,   ,   0,    ,    0,    0,    0,    0, 
WP, 16, 2018080100, 03,  UKM,  54, 484N, 1652E,  37,  997, TS,  34, NEQ,    0,  135,    0,    0,     ,     , 117,    ,    ,   W,    ,    ,    ,    ,        16W,,    0,   ,   0,    ,    0,    0,    0,    0, 
WP, 16, 2018080100, 03,  UKM,  60, 508N, 1685E,  33, 1000, TD,   0,    ,    0,    0,    0,    0,     ,     , 152,    ,    ,   W,    ,    ,    ,    ,        16W,,    0,   ,   0,    ,    0,    0,    0,    0, 
