WP, 24, 2018082318, 01, CARQ,   0, 239N, 1201E,  25,  996, XX,  34, NEQ,    0,    0,    0,    0, 1000,  140,  30,   0,   0,   W,   0,   X, 345,   4,  TWENTY-FO, S,   ,    ,    ,    ,    ,    ,      TCGP EXTRA DATA, WP242018, JTWC, NCEP_TCVITALS, 
WP, 24, 2018082318, 01, CARQ,   0, 239N, 1201E,  25,  996, XX,  50, NEQ,    0,    0,    0,    0, 1000,  140,  30,   0,   0,   W,   0,   X, 345,   4,  TWENTY-FO, S,   ,    ,    ,    ,    ,    ,      TCGP EXTRA DATA, WP242018, JTWC, NCEP_TCVITALS, 
WP, 24, 2018082318, 01, CARQ,   0, 239N, 1201E,  25,  996, XX,  64, NEQ,    0,    0,    0,    0, 1000,  140,  30,   0,   0,   W,   0,   X, 345,   4,  TWENTY-FO, S,   ,    ,    ,    ,    ,    ,      TCGP EXTRA DATA, WP242018, JTWC, NCEP_TCVITALS, 
WP, 24, 2018082318, 03, CTCX, 000, 239N, 1203E,  25,  985, XX,  34, NEQ, 0000, 0140, 0000, 0000,    0,    0, 026
WP, 24, 2018082318, 03, CTCX, 006, 240N, 1203E,  36,  996, XX,  34, NEQ, 0000, 0000, 0092, 0000,    0,    0, 090
WP, 24, 2018082318, 03, CTCX, 012, 242N, 1214E,  35,  996, XX,  34, NEQ, 0191, 0176, 0000, 0193,    0,    0, 051
WP, 24, 2018082318, 03, CTCX, 018, 252N, 1215E,  32,  997, XX,  34, NEQ, 0000, 0000, 0000, 0118,    0,    0, 100
WP, 24, 2018082318, 03, CTCX, 024, 263N, 1205E,  41,  996, XX,  34, NEQ, 0085, 0000, 0000, 0000,    0,    0, 080
WP, 24, 2018082318, 03, CTCX, 030, 263N, 1201E,  26,  997, XX,  34, NEQ, 0000, 0000, 0000, 0000,    0,    0, 090
WP, 24, 2018082318, 03, CTCX, 036, 260N, 1198E,  21,  997, XX,  34, NEQ, 0000, 0000, 0000, 0000,    0,    0, 031
WP, 24, 2018082318, 03, CTCX, 042, 258N, 1189E,  22,  998, XX,  34, NEQ, 0000, 0000, 0000, 0000,    0,    0, 067
WP, 24, 2018082318, 03, CTCX, 048, 252N, 1177E,  20,  998, XX,  34, NEQ, 0000, 0000, 0000, 0000,    0,    0, 108
WP, 24, 2018082318, 03, HWRF, 000, 239N, 1202E,  43,  994, XX,  34, NEQ, 0000, 0146, 0103, 0000,  -99,  -99, 113,   0,   0,    ,   0,    ,   0,   0,           ,  ,   ,    ,   0,   0,   0,   0,       THERMO PARAMS,   -9999,   -9999,   -9999, N, 10, DT, -999
WP, 24, 2018082318, 03, HWRF, 003, 233N, 1203E,  49,  993, XX,  34, NEQ, 0000, 0107, 0063, 0000,  -99,  -99,  22,   0,   0,    ,   0,    ,   0,   0,           ,  ,   ,    ,   0,   0,   0,   0,       THERMO PARAMS,     -82,     608,     719, N, 10, DT, -999
WP, 24, 2018082318, 03, HWRF, 006, 237N, 1207E,  39,  998, XX,  34, NEQ, 0000, 0086, 0000, 0000,  -99,  -99,  73,   0,   0,    ,   0,    ,   0,   0,           ,  ,   ,    ,   0,   0,   0,   0,       THERMO PARAMS,      38,     341,    -189, N, 10, DT, -999
WP, 24, 2018082318, 03, HWRF, 009, 240N, 1213E,  42,  998, XX,  34, NEQ, 0000, 0069, 0137, 0000,  -99,  -99, 102,   0,   0,    ,   0,    ,   0,   0,           ,  ,   ,    ,   0,   0,   0,   0,       THERMO PARAMS,      -2,     630,    -496, N, 10, DT, -999
WP, 24, 2018082318, 03, HWRF, 012, 241N, 1216E,  50,  995, XX,  34, NEQ, 0000, 0086, 0127, 0000,  -99,  -99, 107,   0,   0,    ,   0,    ,   0,   0,           ,  ,   ,    ,   0,   0,   0,   0,       THERMO PARAMS,      34,     992,     -51, N, 10, DT, -999
WP, 24, 2018082318, 03, HWRF, 012, 241N, 1216E,  50,  995, XX,  50, NEQ, 0000, 0000, 0108, 0000,  -99,  -99, 107,   0,   0,    ,   0,    ,   0,   0,           ,  ,   ,    ,   0,   0,   0,   0,       THERMO PARAMS,      34,     992,     -51, N, 10, DT, -999
WP, 24, 2018082318, 03, HWRF, 015, 236N, 1219E,  41,  995, XX,  34, NEQ, 0000, 0058, 0103, 0000,  -99,  -99,  77,   0,   0,    ,   0,    ,   0,   0,           ,  ,   ,    ,   0,   0,   0,   0,       THERMO PARAMS,     -65,     478,    -412, N, 10, DT, -999
WP, 24, 2018082318, 03, HWRF, 018, 242N, 1221E,  33,  997, XX,  34, NEQ, 0000, 0000, 0000, 0000, 1001,  118, 111,   0,   0,    ,   0,    ,   0,   0,           ,  ,   ,    ,   0,   0,   0,   0,       THERMO PARAMS,      47,     177,    -452, N, 10, DT, -999
WP, 24, 2018082318, 03, HWRF, 021, 250N, 1214E,  32,  997, XX,  34, NEQ, 0000, 0000, 0000, 0000,  -99,  -99, 122,   0,   0,    ,   0,    ,   0,   0,           ,  ,   ,    ,   0,   0,   0,   0,       THERMO PARAMS,      62,    -166,    -531, N, 10, DT, -999
WP, 24, 2018082318, 03, HWRF, 024, 256N, 1203E,  32,  995, XX,  34, NEQ, 0000, 0000, 0000, 0000,  -99,  -99,  48,   0,   0,    ,   0,    ,   0,   0,           ,  ,   ,    ,   0,   0,   0,   0,       THERMO PARAMS,      40,      20,    -437, N, 10, DT, -999
WP, 24, 2018082318, 03, HWRF, 027, 255N, 1203E,  37,  995, XX,  34, NEQ, 0116, 0000, 0000, 0000,  -99,  -99, 115,   0,   0,    ,   0,    ,   0,   0,           ,  ,   ,    ,   0,   0,   0,   0,       THERMO PARAMS,    -103,     179,    -150, N, 10, DT, -999
WP, 24, 2018082318, 03, HWRF, 030, 256N, 1203E,  33,  996, XX,  34, NEQ, 0000, 0000, 0000, 0000,  -99,  -99, 120,   0,   0,    ,   0,    ,   0,   0,           ,  ,   ,    ,   0,   0,   0,   0,       THERMO PARAMS,     118,     206,    -487, N, 10, DT, -999
WP, 24, 2018082318, 03, HWRF, 033, 258N, 1200E,  29,  996, XX,  34, NEQ, 0000, 0000, 0000, 0000,  -99,  -99, 132,   0,   0,    ,   0,    ,   0,   0,           ,  ,   ,    ,   0,   0,   0,   0,       THERMO PARAMS,      13,     162,    -501, Y, 10, DT, -999
WP, 24, 2018082318, 03, HWRF, 036, 259N, 1195E,  29,  993, XX,  34, NEQ, 0000, 0000, 0000, 0000,  997,   31,  24,   0,   0,    ,   0,    ,   0,   0,           ,  ,   ,    ,   0,   0,   0,   0,       THERMO PARAMS,     -28,     452,    -611, N, 10, DT, -999
WP, 24, 2018082318, 03, HWRF, 039, 256N, 1189E,  23,  997, XX,  34, NEQ, 0000, 0000, 0000, 0000,  -99,  -99, 139,   0,   0,    ,   0,    ,   0,   0,           ,  ,   ,    ,   0,   0,   0,   0,       THERMO PARAMS,     -75,     344,    -501, Y, 10, DT, -999
WP, 24, 2018082318, 03, HWRF, 042, 253N, 1183E,  29,  999, XX,  34, NEQ, 0000, 0000, 0000, 0000,  -99,  -99, 142,   0,   0,    ,   0,    ,   0,   0,           ,  ,   ,    ,   0,   0,   0,   0,       THERMO PARAMS,     -47,      98,    -542, N, 10, DT, -999
WP, 24, 2018082318, 03, HWRF, 045, 254N, 1171E,  25,  999, XX,  34, NEQ, 0000, 0000, 0000, 0000,  -99,  -99, 154,   0,   0,    ,   0,    ,   0,   0,           ,  ,   ,    ,   0,   0,   0,   0,       THERMO PARAMS,      -8,      93,    -906, N, 10, DT, -999
WP, 24, 2018082318, 03, HWRF, 048, 257N, 1166E,  26,  998, XX,  34, NEQ, 0000, 0000, 0000, 0000,  -99,  -99, 147,   0,   0,    ,   0,    ,   0,   0,           ,  ,   ,    ,   0,   0,   0,   0,       THERMO PARAMS,      70,     111,    -376, N, 10, DT, -999
WP, 24, 2018082318, 03, HWRF, 051, 257N, 1160E,  23,  999, XX,  34, NEQ, 0000, 0000, 0000, 0000,  -99,  -99, 130,   0,   0,    ,   0,    ,   0,   0,           ,  ,   ,    ,   0,   0,   0,   0,       THERMO PARAMS,       7,      84,    -431, N, 10, DT, -999
WP, 24, 2018082318, 03, HWRF, 054, 259N, 1153E,  22, 1001, XX,  34, NEQ, 0000, 0000, 0000, 0000,  -99,  -99, 114,   0,   0,    ,   0,    ,   0,   0,           ,  ,   ,    ,   0,   0,   0,   0,       THERMO PARAMS,      35,     114,    -303, N, 10, DT, -999
WP, 24, 2018082318, 03, HWRF, 057, 258N, 1147E,  26, 1001, XX,  34, NEQ, 0000, 0000, 0000, 0000,  -99,  -99, 131,   0,   0,    ,   0,    ,   0,   0,           ,  ,   ,    ,   0,   0,   0,   0,       THERMO PARAMS,     -30,     225,    -177, N, 10, DT, -999
WP, 24, 2018082318, 03, HWRF, 060, 252N, 1138E,  30,  999, XX,  34, NEQ, 0000, 0000, 0000, 0000,  -99,  -99, 133,   0,   0,    ,   0,    ,   0,   0,           ,  ,   ,    ,   0,   0,   0,   0,       THERMO PARAMS,     -85,     389,    -126, N, 10, DT, -999
WP, 24, 2018082318, 03, HWRF, 063, 247N, 1132E,  25,  999, XX,  34, NEQ, 0000, 0000, 0000, 0000,  -99,  -99,  95,   0,   0,    ,   0,    ,   0,   0,           ,  ,   ,    ,   0,   0,   0,   0,       THERMO PARAMS,     -58,     275,    -477, N, 10, DT, -999
WP, 24, 2018082318, 03, HWRF, 066, 239N, 1137E,  20, 1001, XX,  34, NEQ, 0000, 0000, 0000, 0000,  -99,  -99, 159,   0,   0,    ,   0,    ,   0,   0,           ,  ,   ,    ,   0,   0,   0,   0,       THERMO PARAMS,     -90,     216,    -540, N, 10, DT, -999
WP, 24, 2018082318, 03, HWRF, 069, 235N, 1138E,  14, 1001, XX,  34, NEQ, 0000, 0000, 0000, 0000,  -99,  -99, 151,   0,   0,    ,   0,    ,   0,   0,           ,  ,   ,    ,   0,   0,   0,   0,       THERMO PARAMS,     -72,     150,    -534, N, 10, DT, -999
WP, 24, 2018082318, 03, HWRF, 072, 232N, 1137E,  14, 1000, XX,  34, NEQ, 0000, 0000, 0000, 0000,  -99,  -99, 113,   0,   0,    ,   0,    ,   0,   0,           ,  ,   ,    ,   0,   0,   0,   0,       THERMO PARAMS,     -64,     246,    -322, N, 10, DT, -999
WP, 24, 2018082318, 03, HWRF, 075, 230N, 1139E,  15, 1001, XX,  34, NEQ, 0000, 0000, 0000, 0000,  -99,  -99, 127,   0,   0,    ,   0,    ,   0,   0,           ,  ,   ,    ,   0,   0,   0,   0,       THERMO PARAMS,     -52,     221,    -474, N, 10, DT, -999
WP, 24, 2018082318, 03, HWRF, 078, 230N, 1136E,  13, 1003, XX,  34, NEQ, 0000, 0000, 0000, 0000,  -99,  -99, 122,   0,   0,    ,   0,    ,   0,   0,           ,  ,   ,    ,   0,   0,   0,   0,       THERMO PARAMS,      39,     386,    -264, N, 10, DT, -999
WP, 24, 2018082400, 01, CARQ,  -6, 239N, 1201E,  25,  996, XX,  34, NEQ,    0,    0,    0,    0, 1000,  140,  30,   0,   0,   W,   0,   X, 345,   4,  TWENTY-FO, S,   ,    ,    ,    ,    ,    ,      TCGP EXTRA DATA, WP242018, JTWC, NCEP_TCVITALS, 
WP, 24, 2018082400, 01, CARQ,   0, 243N, 1200E,  25,  996, XX,  34, NEQ,    0,    0,    0,    0, 1001,  150,  30,   0,   0,   W,   0,   X, 335,   3,  TWENTY-FO, S,   ,    ,    ,    ,    ,    ,      TCGP EXTRA DATA, WP242018, JTWC, NCEP_TCVITALS, 
WP, 24, 2018082400, 01, CARQ,   0, 243N, 1200E,  25,  996, XX,  50, NEQ,    0,    0,    0,    0, 1001,  150,  30,   0,   0,   W,   0,   X, 335,   3,  TWENTY-FO, S,   ,    ,    ,    ,    ,    ,      TCGP EXTRA DATA, WP242018, JTWC, NCEP_TCVITALS, 
WP, 24, 2018082400, 01, CARQ,   0, 243N, 1200E,  25,  996, XX,  64, NEQ,    0,    0,    0,    0, 1001,  150,  30,   0,   0,   W,   0,   X, 335,   3,  TWENTY-FO, S,   ,    ,    ,    ,    ,    ,      TCGP EXTRA DATA, WP242018, JTWC, NCEP_TCVITALS, 
WP, 24, 2018082400, 03, CTCX, 000, 242N, 1202E,  25,  985, XX,  34, NEQ, 0000, 0000, 0000, 0000,    0,    0, 028
WP, 24, 2018082400, 03, CTCX, 006, 249N, 1206E,  33,  997, XX,  34, NEQ, 0212, 0000, 0000, 0000,    0,    0, 081
WP, 24, 2018082400, 03, CTCX, 012, 250N, 1204E,  33,  998, XX,  34, NEQ, 0168, 0224, 0000, 0000,    0,    0, 105
WP, 24, 2018082400, 03, CTCX, 018, 254N, 1200E,  29,  996, XX,  34, NEQ, 0000, 0000, 0000, 0000,    0,    0, 050
WP, 24, 2018082400, 03, CTCX, 024, 258N, 1199E,  27,  997, XX,  34, NEQ, 0000, 0000, 0000, 0000,    0,    0, 022
WP, 24, 2018082400, 03, CTCX, 030, 257N, 1195E,  25,  996, XX,  34, NEQ, 0000, 0000, 0000, 0000,    0,    0, 025
WP, 24, 2018082400, 03, CTCX, 036, 253N, 1182E,  25,  995, XX,  34, NEQ, 0000, 0000, 0130, 0000,    0,    0, 108
WP, 24, 2018082400, 03, CTCX, 042, 250N, 1169E,  16,  997, XX,  34, NEQ, 0000, 0000, 0000, 0000,    0,    0, 107
WP, 24, 2018082400, 03, CTCX, 048, 244N, 1162E,  15,  998, XX,  34, NEQ, 0000, 0000, 0000, 0000,    0,    0, 108
WP, 24, 2018082400, 03, CTCX, 054, 237N, 1163E,  21,  998, XX,  34, NEQ, 0000, 0291, 0000, 0000,    0,    0, 081
WP, 24, 2018082400, 03, CTCX, 060, 236N, 1160E,  31,  996, XX,  34, NEQ, 0000, 0000, 0000, 0000,    0,    0, 107
WP, 24, 2018082400, 03, CTCX, 066, 230N, 1151E,  27,  997, XX,  34, NEQ, 0000, 0000, 0000, 0000,    0,    0, 013
WP, 24, 2018082400, 03, CTCX, 072, 230N, 1152E,  26,  998, XX,  34, NEQ, 0000, 0000, 0000, 0000,    0,    0, 054
WP, 24, 2018082400, 03, CTCX, 078, 232N, 1154E,  26,  997, XX,  34, NEQ, 0000, 0171, 0000, 0000,    0,    0, 093
WP, 24, 2018082400, 03, CTCX, 084, 235N, 1154E,  29,  996, XX,  34, NEQ, 0000, 0000, 0000, 0000,    0,    0, 106
WP, 24, 2018082400, 03, CTCX, 090, 244N, 1155E,  30,  998, XX,  34, NEQ, 0255, 0255, 0000, 0000,    0,    0, 107
WP, 24, 2018082400, 03, CTCX, 096, 250N, 1163E,  35,  999, XX,  34, NEQ, 0000, 0224, 0271, 0000,    0,    0, 106
WP, 24, 2018082400, 03, CTCX, 102, 252N, 1159E,  21,  997, XX,  34, NEQ, 0221, 0225, 0000, 0000,    0,    0, 092
WP, 24, 2018082400, 03, CTCX, 108, 257N, 1160E,  20,  997, XX,  34, NEQ, 0000, 0215, 0000, 0000,    0,    0, 106
WP, 24, 2018082400, 03, CTCX, 114, 268N, 1164E,  12,  998, XX,  34, NEQ, 0000, 0226, 0000, 0000,    0,    0, 082
WP, 24, 2018082400, 03, CTCX, 120, 273N, 1173E,  11, 1000, XX,  34, NEQ, 0190, 0188, 0000, 0000,    0,    0, 107
WP, 24, 2018082400, 03, CTCX, 126, 275N, 1187E,  32,  997, XX,  34, NEQ, 0000, 0000, 0000, 0000,    0,    0, 104
WP, 24, 2018082400, 03, HWRF, 000, 245N, 1203E,  32,  996, XX,  34, NEQ, 0000, 0000, 0000, 0000,  -99,  -99, 108,   0,   0,    ,   0,    ,   0,   0,           ,  ,   ,    ,   0,   0,   0,   0,       THERMO PARAMS,   -9999,   -9999,   -9999, Y, 10, DT, -999
WP, 24, 2018082400, 03, HWRF, 003, 244N, 1203E,  40,  998, XX,  34, NEQ, 0000, 0124, 0018, 0000,  -99,  -99, 116,   0,   0,    ,   0,    ,   0,   0,           ,  ,   ,    ,   0,   0,   0,   0,       THERMO PARAMS,    -112,     350,     228, N, 10, DT, -999
WP, 24, 2018082400, 03, HWRF, 006, 245N, 1201E,  40,  994, XX,  34, NEQ, 0023, 0133, 0034, 0026,  998,   22, 132,   0,   0,    ,   0,    ,   0,   0,           ,  ,   ,    ,   0,   0,   0,   0,       THERMO PARAMS,      76,     648,    -241, N, 10, DT, -999
WP, 24, 2018082400, 03, HWRF, 009, 246N, 1201E,  38,  994, XX,  34, NEQ, 0000, 0138, 0072, 0000,  998,   26, 137,   0,   0,    ,   0,    ,   0,   0,           ,  ,   ,    ,   0,   0,   0,   0,       THERMO PARAMS,     104,     214,      43, N, 10, DT, -999
WP, 24, 2018082400, 03, HWRF, 012, 246N, 1200E,  37,  996, XX,  34, NEQ, 0000, 0139, 0000, 0000, 1000,   86, 137,   0,   0,    ,   0,    ,   0,   0,           ,  ,   ,    ,   0,   0,   0,   0,       THERMO PARAMS,     -33,     151,    -141, N, 10, DT, -999
WP, 24, 2018082400, 03, HWRF, 015, 245N, 1201E,  34,  996, XX,  34, NEQ, 0000, 0000, 0000, 0000,  -99,  -99, 130,   0,   0,    ,   0,    ,   0,   0,           ,  ,   ,    ,   0,   0,   0,   0,       THERMO PARAMS,    -124,     122,     -79, N, 10, DT, -999
WP, 24, 2018082400, 03, HWRF, 018, 245N, 1204E,  33,  995, XX,  34, NEQ, 0000, 0000, 0000, 0000,  -99,  -99,  13,   0,   0,    ,   0,    ,   0,   0,           ,  ,   ,    ,   0,   0,   0,   0,       THERMO PARAMS,     -10,      45,    -281, N, 10, DT, -999
WP, 24, 2018082400, 03, HWRF, 021, 248N, 1207E,  35,  996, XX,  34, NEQ, 0000, 0000, 0024, 0000,  -99,  -99,  24,   0,   0,    ,   0,    ,   0,   0,           ,  ,   ,    ,   0,   0,   0,   0,       THERMO PARAMS,      91,     234,    -117, N, 10, DT, -999
WP, 24, 2018082400, 03, HWRF, 024, 252N, 1207E,  34,  998, XX,  34, NEQ, 0000, 0000, 0000, 0000,  -99,  -99,  22,   0,   0,    ,   0,    ,   0,   0,           ,  ,   ,    ,   0,   0,   0,   0,       THERMO PARAMS,     131,     160,    -264, N, 10, DT, -999
WP, 24, 2018082400, 03, HWRF, 027, 258N, 1201E,  33,  997, XX,  34, NEQ, 0000, 0000, 0000, 0000,  -99,  -99,  49,   0,   0,    ,   0,    ,   0,   0,           ,  ,   ,    ,   0,   0,   0,   0,       THERMO PARAMS,      72,     172,    -185, N, 10, DT, -999
WP, 24, 2018082400, 03, HWRF, 030, 259N, 1196E,  28,  996, XX,  34, NEQ, 0000, 0000, 0000, 0000,  -99,  -99,  30,   0,   0,    ,   0,    ,   0,   0,           ,  ,   ,    ,   0,   0,   0,   0,       THERMO PARAMS,      15,      97,    -756, N, 10, DT, -999
WP, 24, 2018082400, 03, HWRF, 033, 259N, 1191E,  23,  997, XX,  34, NEQ, 0000, 0000, 0000, 0000,  -99,  -99,  87,   0,   0,    ,   0,    ,   0,   0,           ,  ,   ,    ,   0,   0,   0,   0,       THERMO PARAMS,     -37,     328,    -370, N, 10, DT, -999
WP, 24, 2018082400, 03, HWRF, 036, 257N, 1184E,  26,  999, XX,  34, NEQ, 0000, 0000, 0000, 0000,  -99,  -99, 148,   0,   0,    ,   0,    ,   0,   0,           ,  ,   ,    ,   0,   0,   0,   0,       THERMO PARAMS,     -38,      53,     -74, Y, 10, DT, -999
WP, 24, 2018082400, 03, HWRF, 039, 256N, 1175E,  20, 1000, XX,  34, NEQ, 0000, 0000, 0000, 0000,  -99,  -99, 159,   0,   0,    ,   0,    ,   0,   0,           ,  ,   ,    ,   0,   0,   0,   0,       THERMO PARAMS,      18,    -166,    -536, N, 10, DT, -999
WP, 24, 2018082400, 03, HWRF, 042, 257N, 1165E,  22,  998, XX,  34, NEQ, 0000, 0000, 0000, 0000,  -99,  -99, 122,   0,   0,    ,   0,    ,   0,   0,           ,  ,   ,    ,   0,   0,   0,   0,       THERMO PARAMS,      26,      70,    -418, N, 10, DT, -999
WP, 24, 2018082400, 03, HWRF, 045, 252N, 1160E,  21, 1000, XX,  34, NEQ, 0000, 0000, 0000, 0000,  -99,  -99, 139,   0,   0,    ,   0,    ,   0,   0,           ,  ,   ,    ,   0,   0,   0,   0,       THERMO PARAMS,     -51,     103,    -527, N, 10, DT, -999
WP, 24, 2018082400, 03, HWRF, 048, 248N, 1158E,  20, 1001, XX,  34, NEQ, 0000, 0000, 0000, 0000,  -99,  -99, 137,   0,   0,    ,   0,    ,   0,   0,           ,  ,   ,    ,   0,   0,   0,   0,       THERMO PARAMS,     -79,      21,    -530, N, 10, DT, -999
WP, 24, 2018082400, 03, HWRF, 051, 248N, 1155E,  22, 1000, XX,  34, NEQ, 0000, 0000, 0000, 0000,  -99,  -99, 119,   0,   0,    ,   0,    ,   0,   0,           ,  ,   ,    ,   0,   0,   0,   0,       THERMO PARAMS,      -5,     -11,    -250, N, 10, DT, -999
WP, 24, 2018082400, 03, HWRF, 054, 244N, 1154E,  17,  999, XX,  34, NEQ, 0000, 0000, 0000, 0000,  -99,  -99, 115,   0,   0,    ,   0,    ,   0,   0,           ,  ,   ,    ,   0,   0,   0,   0,       THERMO PARAMS,    -105,      45,    -228, N, 10, DT, -999
WP, 24, 2018082400, 03, HWRF, 057, 236N, 1155E,  17,  999, XX,  34, NEQ, 0000, 0000, 0000, 0000,  -99,  -99, 159,   0,   0,    ,   0,    ,   0,   0,           ,  ,   ,    ,   0,   0,   0,   0,       THERMO PARAMS,    -113,     282,    -637, N, 10, DT, -999
WP, 24, 2018082400, 03, HWRF, 060, 236N, 1151E,  18, 1000, XX,  34, NEQ, 0000, 0000, 0000, 0000,  -99,  -99, 161,   0,   0,    ,   0,    ,   0,   0,           ,  ,   ,    ,   0,   0,   0,   0,       THERMO PARAMS,      55,     295,    -507, N, 10, DT, -999
WP, 24, 2018082400, 03, HWRF, 063, 233N, 1148E,  14, 1001, XX,  34, NEQ, 0000, 0000, 0000, 0000,  -99,  -99, 162,   0,   0,    ,   0,    ,   0,   0,           ,  ,   ,    ,   0,   0,   0,   0,       THERMO PARAMS,     -49,     330,    -725, N, 10, DT, -999
WP, 24, 2018082400, 03, HWRF, 066, 231N, 1140E,  15,  999, XX,  34, NEQ, 0000, 0000, 0000, 0000,  -99,  -99, 161,   0,   0,    ,   0,    ,   0,   0,           ,  ,   ,    ,   0,   0,   0,   0,       THERMO PARAMS,      20,     321,    -265, N, 10, DT, -999
WP, 24, 2018082400, 03, HWRF, 069, 232N, 1138E,  16, 1001, XX,  34, NEQ, 0000, 0000, 0000, 0000,  -99,  -99, 161,   0,   0,    ,   0,    ,   0,   0,           ,  ,   ,    ,   0,   0,   0,   0,       THERMO PARAMS,      62,     229,    -486, N, 10, DT, -999
WP, 24, 2018082400, 03, HWRF, 072, 230N, 1140E,  16, 1003, XX,  34, NEQ, 0000, 0000, 0000, 0000,  -99,  -99, 161,   0,   0,    ,   0,    ,   0,   0,           ,  ,   ,    ,   0,   0,   0,   0,       THERMO PARAMS,     -81,     261,    -161, N, 10, DT, -999
WP, 24, 2018082400, 03,  UKM,   0, 242N, 1202E,  39,  997, TS,  34, NEQ,    0,  125,    0,    0,     ,     , 117,    ,    ,   W,    ,    ,    ,    ,        24W,    0,   ,   0,    ,    0,    0,    0,    0, 
WP, 24, 2018082400, 03,  UKM,   6, 230N, 1214E,  34,  995, TS,   0,    ,    0,    0,    0,    0,     ,     ,  22,    ,    ,   W,    ,    ,    ,    ,        24W,    0,   ,   0,    ,    0,    0,    0,    0, 
WP, 24, 2018082400, 03,  UKM,  12, 249N, 1200E,  33,  997, TD,   0,    ,    0,    0,    0,    0,     ,     ,  91,    ,    ,   W,    ,    ,    ,    ,        24W,    0,   ,   0,    ,    0,    0,    0,    0, 
WP, 24, 2018082400, 03,  UKM,  18, 248N, 1198E,  30,  995, TD,   0,    ,    0,    0,    0,    0,     ,     , 167,    ,    ,   W,    ,    ,    ,    ,        24W,    0,   ,   0,    ,    0,    0,    0,    0, 
WP, 24, 2018082400, 03,  UKM,  24, 254N, 1199E,  31,  995, TD,   0,    ,    0,    0,    0,    0,     ,     ,  29,    ,    ,   W,    ,    ,    ,    ,        24W,    0,   ,   0,    ,    0,    0,    0,    0, 
WP, 24, 2018082406, 01, CARQ, -12, 239N, 1201E,  25,  996, XX,  34, NEQ,    0,    0,    0,    0, 1000,  140,  30,   0,   0,   W,   0,   X, 345,   4,  TWENTY-FO, S,   ,    ,    ,    ,    ,    ,      TCGP EXTRA DATA, WP242018, JTWC, NCEP_TCVITALS, 
WP, 24, 2018082406, 01, CARQ,  -6, 243N, 1200E,  25,  996, XX,  34, NEQ,    0,    0,    0,    0, 1001,  150,  30,   0,   0,   W,   0,   X, 335,   3,  TWENTY-FO, S,   ,    ,    ,    ,    ,    ,      TCGP EXTRA DATA, WP242018, JTWC, NCEP_TCVITALS, 
WP, 24, 2018082406, 01, CARQ,   0, 246N, 1206E,  30,  997, XX,  34, NEQ,    0,    0,    0,    0, 1000,  180,  30,   0,   0,   W,   0,   X,  15,   3,  TWENTY-FO, S,   ,    ,    ,    ,    ,    ,      TCGP EXTRA DATA, WP242018, JTWC, NCEP_TCVITALS, 
WP, 24, 2018082406, 01, CARQ,   0, 246N, 1206E,  30,  997, XX,  50, NEQ,    0,    0,    0,    0, 1000,  180,  30,   0,   0,   W,   0,   X,  15,   3,  TWENTY-FO, S,   ,    ,    ,    ,    ,    ,      TCGP EXTRA DATA, WP242018, JTWC, NCEP_TCVITALS, 
WP, 24, 2018082406, 01, CARQ,   0, 246N, 1206E,  30,  997, XX,  64, NEQ,    0,    0,    0,    0, 1000,  180,  30,   0,   0,   W,   0,   X,  15,   3,  TWENTY-FO, S,   ,    ,    ,    ,    ,    ,      TCGP EXTRA DATA, WP242018, JTWC, NCEP_TCVITALS, 
WP, 24, 2018082406, 03, HWRF, 000, 247N, 1206E,  29,  999, XX,  34, NEQ, 0000, 0000, 0000, 0000,  -99,  -99, 137,   0,   0,    ,   0,    ,   0,   0,           ,  ,   ,    ,   0,   0,   0,   0,       THERMO PARAMS,   -9999,   -9999,   -9999, N, 10, DT, -999
WP, 24, 2018082406, 03, HWRF, 003, 249N, 1206E,  36,  998, XX,  34, NEQ, 0000, 0146, 0000, 0000,  -99,  -99, 143,   0,   0,    ,   0,    ,   0,   0,           ,  ,   ,    ,   0,   0,   0,   0,       THERMO PARAMS,      92,     208,      61, Y, 10, DT, -999
WP, 24, 2018082406, 03, HWRF, 006, 249N, 1204E,  35,  999, XX,  34, NEQ, 0000, 0146, 0000, 0000,  -99,  -99, 144,   0,   0,    ,   0,    ,   0,   0,           ,  ,   ,    ,   0,   0,   0,   0,       THERMO PARAMS,      28,      61,    -115, Y, 10, DT, -999
WP, 24, 2018082406, 03, HWRF, 009, 251N, 1203E,  30, 1000, XX,  34, NEQ, 0000, 0000, 0000, 0000,  -99,  -99, 162,   0,   0,    ,   0,    ,   0,   0,           ,  ,   ,    ,   0,   0,   0,   0,       THERMO PARAMS,      68,     -43,    -177, N, 10, DT, -999
WP, 24, 2018082406, 03, HWRF, 012, 250N, 1197E,  26,  997, XX,  34, NEQ, 0000, 0000, 0000, 0000,  -99,  -99, 162,   0,   0,    ,   0,    ,   0,   0,           ,  ,   ,    ,   0,   0,   0,   0,       THERMO PARAMS,     -15,    -152,    -291, N, 10, DT, -999
WP, 24, 2018082406, 03, HWRF, 015, 250N, 1196E,  27,  998, XX,  34, NEQ, 0000, 0000, 0000, 0000,  -99,  -99, 162,   0,   0,    ,   0,    ,   0,   0,           ,  ,   ,    ,   0,   0,   0,   0,       THERMO PARAMS,     -34,    -154,    -659, N, 10, DT, -999
WP, 24, 2018082406, 03, HWRF, 018, 250N, 1195E,  25,  999, XX,  34, NEQ, 0000, 0000, 0000, 0000,  -99,  -99,  42,   0,   0,    ,   0,    ,   0,   0,           ,  ,   ,    ,   0,   0,   0,   0,       THERMO PARAMS,      -6,      -9,    -293, N, 10, DT, -999
WP, 24, 2018082406, 03, HWRF, 021, 249N, 1195E,  24,  998, XX,  34, NEQ, 0000, 0000, 0000, 0000,  -99,  -99,  23,   0,   0,    ,   0,    ,   0,   0,           ,  ,   ,    ,   0,   0,   0,   0,       THERMO PARAMS,     -87,      99,    -385, N, 10, DT, -999
WP, 24, 2018082406, 03, HWRF, 024, 251N, 1193E,  23,  997, XX,  34, NEQ, 0000, 0000, 0000, 0000,  -99,  -99,  89,   0,   0,    ,   0,    ,   0,   0,           ,  ,   ,    ,   0,   0,   0,   0,       THERMO PARAMS,     125,     290,    -134, N, 10, DT, -999
WP, 24, 2018082406, 03, HWRF, 027, 251N, 1191E,  22,  998, XX,  34, NEQ, 0000, 0000, 0000, 0000,  -99,  -99,  85,   0,   0,    ,   0,    ,   0,   0,           ,  ,   ,    ,   0,   0,   0,   0,       THERMO PARAMS,      10,     294,    -266, N, 10, DT, -999
WP, 24, 2018082406, 03, HWRF, 030, 249N, 1187E,  20, 1000, XX,  34, NEQ, 0000, 0000, 0000, 0000,  -99,  -99,  79,   0,   0,    ,   0,    ,   0,   0,           ,  ,   ,    ,   0,   0,   0,   0,       THERMO PARAMS,     -18,      65,    -466, N, 10, DT, -999
WP, 24, 2018082406, 03, HWRF, 033, 248N, 1177E,  22, 1000, XX,  34, NEQ, 0000, 0000, 0000, 0000,  -99,  -99,  95,   0,   0,    ,   0,    ,   0,   0,           ,  ,   ,    ,   0,   0,   0,   0,       THERMO PARAMS,      37,      95,    -255, N, 10, DT, -999
WP, 24, 2018082406, 03, HWRF, 036, 245N, 1170E,  20,  999, XX,  34, NEQ, 0000, 0000, 0000, 0000,  -99,  -99, 162,   0,   0,    ,   0,    ,   0,   0,           ,  ,   ,    ,   0,   0,   0,   0,       THERMO PARAMS,       5,     138,    -784, N, 10, DT, -999
WP, 24, 2018082406, 03, HWRF, 039, 247N, 1164E,  19,  999, XX,  34, NEQ, 0000, 0000, 0000, 0000,  -99,  -99, 123,   0,   0,    ,   0,    ,   0,   0,           ,  ,   ,    ,   0,   0,   0,   0,       THERMO PARAMS,      69,     239,   -1120, N, 10, DT, -999
WP, 24, 2018082406, 03, HWRF, 042, 244N, 1161E,  18, 1001, XX,  34, NEQ, 0000, 0000, 0000, 0000,  -99,  -99, 151,   0,   0,    ,   0,    ,   0,   0,           ,  ,   ,    ,   0,   0,   0,   0,       THERMO PARAMS,     -17,     270,    -587, N, 10, DT, -999
WP, 24, 2018082406, 03, HWRF, 045, 240N, 1158E,  26, 1000, XX,  34, NEQ, 0000, 0000, 0000, 0000,  -99,  -99, 139,   0,   0,    ,   0,    ,   0,   0,           ,  ,   ,    ,   0,   0,   0,   0,       THERMO PARAMS,     -14,     117,    -397, N, 10, DT, -999
WP, 24, 2018082406, 03, HWRF, 048, 236N, 1158E,  17,  999, XX,  34, NEQ, 0000, 0000, 0000, 0000,  -99,  -99, 129,   0,   0,    ,   0,    ,   0,   0,           ,  ,   ,    ,   0,   0,   0,   0,       THERMO PARAMS,     -54,     106,    -704, N, 10, DT, -999
WP, 24, 2018082406, 03, HWRF, 051, 233N, 1156E,  18,  999, XX,  34, NEQ, 0000, 0000, 0000, 0000,  -99,  -99, 111,   0,   0,    ,   0,    ,   0,   0,           ,  ,   ,    ,   0,   0,   0,   0,       THERMO PARAMS,     -10,      34,    -895, N, 10, DT, -999
WP, 24, 2018082406, 03, HWRF, 054, 231N, 1156E,  19, 1000, XX,  34, NEQ, 0000, 0000, 0000, 0000,  -99,  -99, 107,   0,   0,    ,   0,    ,   0,   0,           ,  ,   ,    ,   0,   0,   0,   0,       THERMO PARAMS,     -42,      47,    -813, N, 10, DT, -999
WP, 24, 2018082406, 03, HWRF, 057, 230N, 1159E,  18, 1000, XX,  34, NEQ, 0000, 0000, 0000, 0000,  -99,  -99, 162,   0,   0,    ,   0,    ,   0,   0,           ,  ,   ,    ,   0,   0,   0,   0,       THERMO PARAMS,     -69,      97,    -772, N, 10, DT, -999
WP, 24, 2018082406, 03, HWRF, 060, 230N, 1162E,  18,  998, XX,  34, NEQ, 0000, 0000, 0000, 0000,  -99,  -99, 161,   0,   0,    ,   0,    ,   0,   0,           ,  ,   ,    ,   0,   0,   0,   0,       THERMO PARAMS,     -58,     542,    -690, N, 10, DT, -999
WP, 24, 2018082406, 03, HWRF, 063, 232N, 1164E,  21,  998, XX,  34, NEQ, 0000, 0000, 0000, 0000,  -99,  -99, 147,   0,   0,    ,   0,    ,   0,   0,           ,  ,   ,    ,   0,   0,   0,   0,       THERMO PARAMS,     -50,     573,    -725, N, 10, DT, -999
WP, 24, 2018082406, 03, HWRF, 066, 233N, 1169E,  22, 1000, XX,  34, NEQ, 0270, 0270, 0000, 0000,  -99,  -99, 162,   0,   0,    ,   0,    ,   0,   0,           ,  ,   ,    ,   0,   0,   0,   0,       THERMO PARAMS,     -62,     411,    -247, N, 10, DT, -999
WP, 24, 2018082406, 03, HWRF, 069, 234N, 1172E,  23,  999, XX,  34, NEQ, 0350, 0316, 0000, 0000,  -99,  -99, 162,   0,   0,    ,   0,    ,   0,   0,           ,  ,   ,    ,   0,   0,   0,   0,       THERMO PARAMS,     -62,     819,      59, N, 10, DT, -999
WP, 24, 2018082406, 03, HWRF, 069, 234N, 1172E,  23,  999, XX,  50, NEQ, 0351, 0000, 0000, 0000,  -99,  -99, 162,   0,   0,    ,   0,    ,   0,   0,           ,  ,   ,    ,   0,   0,   0,   0,       THERMO PARAMS,     -62,     819,      59, N, 10, DT, -999
WP, 24, 2018082406, 03, HWRF, 072, 240N, 1176E,  24,  997, XX,  34, NEQ, 0332, 0339, 0000, 0000,  -99,  -99, 159,   0,   0,    ,   0,    ,   0,   0,           ,  ,   ,    ,   0,   0,   0,   0,       THERMO PARAMS,     -48,    1433,     322, N, 10, DT, -999
WP, 24, 2018082406, 03, HWRF, 075, 243N, 1182E,  38,  996, XX,  34, NEQ, 0279, 0257, 0000, 0000,  -99,  -99, 162,   0,   0,    ,   0,    ,   0,   0,           ,  ,   ,    ,   0,   0,   0,   0,       THERMO PARAMS,     -88,    1456,     808, N, 10, DT, -999
WP, 24, 2018082406, 03, HWRF, 075, 243N, 1182E,  38,  996, XX,  50, NEQ, 0203, 0000, 0000, 0000,  -99,  -99, 162,   0,   0,    ,   0,    ,   0,   0,           ,  ,   ,    ,   0,   0,   0,   0,       THERMO PARAMS,     -88,    1456,     808, N, 10, DT, -999
WP, 24, 2018082406, 03, HWRF, 078, 253N, 1190E,  44,  995, XX,  34, NEQ, 0232, 0236, 0000, 0000,  -99,  -99, 161,   0,   0,    ,   0,    ,   0,   0,           ,  ,   ,    ,   0,   0,   0,   0,       THERMO PARAMS,     -58,    1046,     193, N, 10, DT, -999
WP, 24, 2018082406, 03, HWRF, 081, 273N, 1198E,  39,  989, XX,  34, NEQ, 0236, 0294, 0000, 0000,  -99,  -99,  60,   0,   0,    ,   0,    ,   0,   0,           ,  ,   ,    ,   0,   0,   0,   0,       THERMO PARAMS,     -29,    1075,      -6, N, 10, DT, -999
WP, 24, 2018082406, 03, HWRF, 084, 278N, 1192E,  35,  988, XX,  34, NEQ, 0397, 0101, 0000, 0000,  -99,  -99, 100,   0,   0,    ,   0,    ,   0,   0,           ,  ,   ,    ,   0,   0,   0,   0,       THERMO PARAMS,     -24,     876,     141, N, 10, DT, -999
WP, 24, 2018082406, 03, HWRF, 087, 278N, 1186E,  33,  987, XX,  34, NEQ, 0312, 0000, 0000, 0000,  -99,  -99, 135,   0,   0,    ,   0,    ,   0,   0,           ,  ,   ,    ,   0,   0,   0,   0,       THERMO PARAMS,     -21,     661,     -57, N, 10, DT, -999
WP, 24, 2018082406, 03, HWRF, 090, 276N, 1184E,  31,  990, XX,  34, NEQ, 0000, 0000, 0000, 0000,  994,   29,  55,   0,   0,    ,   0,    ,   0,   0,           ,  ,   ,    ,   0,   0,   0,   0,       THERMO PARAMS,     -34,     516,     166, N, 10, DT, -999
WP, 24, 2018082406, 03, HWRF, 093, 275N, 1184E,  32,  991, XX,  34, NEQ, 0000, 0208, 0000, 0000,  -99,  -99, 162,   0,   0,    ,   0,    ,   0,   0,           ,  ,   ,    ,   0,   0,   0,   0,       THERMO PARAMS,     -47,     496,     319, Y, 10, DT, -999
WP, 24, 2018082406, 03, HWRF, 096, 276N, 1185E,  31,  991, XX,  34, NEQ, 0000, 0000, 0000, 0000,  995,   55, 156,   0,   0,    ,   0,    ,   0,   0,           ,  ,   ,    ,   0,   0,   0,   0,       THERMO PARAMS,      15,     494,    -174, Y, 10, DT, -999
WP, 24, 2018082406, 03, HWRF, 099, 276N, 1186E,  30,  993, XX,  34, NEQ, 0000, 0000, 0000, 0000,  -99,  -99, 161,   0,   0,    ,   0,    ,   0,   0,           ,  ,   ,    ,   0,   0,   0,   0,       THERMO PARAMS,      -5,     446,     -37, N, 10, DT, -999
WP, 24, 2018082406, 03, HWRF, 102, 276N, 1187E,  30,  995, XX,  34, NEQ, 0000, 0000, 0000, 0000,  -99,  -99, 162,   0,   0,    ,   0,    ,   0,   0,           ,  ,   ,    ,   0,   0,   0,   0,       THERMO PARAMS,     -12,     516,     265, N, 10, DT, -999
WP, 24, 2018082406, 03, HWRF, 105, 276N, 1186E,  29,  995, XX,  34, NEQ, 0000, 0000, 0000, 0000,  -99,  -99, 162,   0,   0,    ,   0,    ,   0,   0,           ,  ,   ,    ,   0,   0,   0,   0,       THERMO PARAMS,      67,     416,     112, N, 10, DT, -999
WP, 24, 2018082406, 03, HWRF, 108, 275N, 1186E,  29,  994, XX,  34, NEQ, 0000, 0000, 0000, 0000,  -99,  -99, 146,   0,   0,    ,   0,    ,   0,   0,           ,  ,   ,    ,   0,   0,   0,   0,       THERMO PARAMS,     -77,     476,    -150, N, 10, DT, -999
WP, 24, 2018082406, 03, HWRF, 111, 272N, 1188E,  30,  995, XX,  34, NEQ, 0000, 0000, 0000, 0000,  -99,  -99, 161,   0,   0,    ,   0,    ,   0,   0,           ,  ,   ,    ,   0,   0,   0,   0,       THERMO PARAMS,     -79,     396,      63, N, 10, DT, -999
WP, 24, 2018082406, 03, HWRF, 114, 271N, 1193E,  30,  997, XX,  34, NEQ, 0000, 0000, 0000, 0000,  -99,  -99, 151,   0,   0,    ,   0,    ,   0,   0,           ,  ,   ,    ,   0,   0,   0,   0,       THERMO PARAMS,     -44,     543,    -334, N, 10, DT, -999
WP, 24, 2018082406, 03, HWRF, 117, 271N, 1196E,  30,  996, XX,  34, NEQ, 0000, 0000, 0000, 0000,  -99,  -99, 140,   0,   0,    ,   0,    ,   0,   0,           ,  ,   ,    ,   0,   0,   0,   0,       THERMO PARAMS,     -34,     500,    -342, N, 10, DT, -999
WP, 24, 2018082406, 03, HWRF, 120, 273N, 1200E,  30,  995, XX,  34, NEQ, 0000, 0000, 0000, 0000,  -99,  -99, 111,   0,   0,    ,   0,    ,   0,   0,           ,  ,   ,    ,   0,   0,   0,   0,       THERMO PARAMS,      -3,     438,    -248, N, 10, DT, -999
WP, 24, 2018082406, 03, HWRF, 123, 275N, 1204E,  30,  995, XX,  34, NEQ, 0000, 0000, 0000, 0000,  -99,  -99, 154,   0,   0,    ,   0,    ,   0,   0,           ,  ,   ,    ,   0,   0,   0,   0,       THERMO PARAMS,     -14,     442,    -220, N, 10, DT, -999
WP, 24, 2018082406, 03, HWRF, 126, 277N, 1206E,  30,  997, XX,  34, NEQ, 0000, 0000, 0000, 0000,  -99,  -99, 162,   0,   0,    ,   0,    ,   0,   0,           ,  ,   ,    ,   0,   0,   0,   0,       THERMO PARAMS,      -8,     411,    -576, N, 10, DT, -999
WP, 24, 2018082412, 01, CARQ, -18, 239N, 1201E,  25,  996, XX,  34, NEQ,    0,    0,    0,    0, 1000,  140,  30,   0,   0,   W,   0,   X, 345,   4,  TWENTY-FO, S,   ,    ,    ,    ,    ,    ,      TCGP EXTRA DATA, WP242018, JTWC, NCEP_TCVITALS, 
WP, 24, 2018082412, 01, CARQ, -12, 243N, 1200E,  25,  996, XX,  34, NEQ,    0,    0,    0,    0, 1001,  150,  30,   0,   0,   W,   0,   X, 335,   3,  TWENTY-FO, S,   ,    ,    ,    ,    ,    ,      TCGP EXTRA DATA, WP242018, JTWC, NCEP_TCVITALS, 
WP, 24, 2018082412, 01, CARQ,  -6, 246N, 1206E,  30,  997, XX,  34, NEQ,    0,    0,    0,    0, 1000,  180,  30,   0,   0,   W,   0,   X,  15,   3,  TWENTY-FO, S,   ,    ,    ,    ,    ,    ,      TCGP EXTRA DATA, WP242018, JTWC, NCEP_TCVITALS, 
WP, 24, 2018082412, 01, CARQ,   0, 254N, 1205E,  30,  997, XX,  34, NEQ,    0,    0,    0,    0, 1000,  180,  30,   0,   0,   W,   0,   X,  10,   5,  TWENTY-FO, S,   ,    ,    ,    ,    ,    ,      TCGP EXTRA DATA, WP242018, JTWC, NCEP_TCVITALS, 
WP, 24, 2018082412, 01, CARQ,   0, 254N, 1205E,  30,  997, XX,  50, NEQ,    0,    0,    0,    0, 1000,  180,  30,   0,   0,   W,   0,   X,  10,   5,  TWENTY-FO, S,   ,    ,    ,    ,    ,    ,      TCGP EXTRA DATA, WP242018, JTWC, NCEP_TCVITALS, 
WP, 24, 2018082412, 01, CARQ,   0, 254N, 1205E,  30,  997, XX,  64, NEQ,    0,    0,    0,    0, 1000,  180,  30,   0,   0,   W,   0,   X,  10,   5,  TWENTY-FO, S,   ,    ,    ,    ,    ,    ,      TCGP EXTRA DATA, WP242018, JTWC, NCEP_TCVITALS, 
WP, 24, 2018082412, 03, CTCX, 000, 251N, 1206E,  30,  986, XX,  34, NEQ, 0000, 0000, 0000, 0000,    0,    0, 033
WP, 24, 2018082412, 03, CTCX, 006, 259N, 1198E,  29,  996, XX,  34, NEQ, 0000, 0000, 0000, 0000,    0,    0, 045
WP, 24, 2018082412, 03, CTCX, 012, 262N, 1192E,  26,  997, XX,  34, NEQ, 0000, 0000, 0000, 0000,    0,    0, 080
WP, 24, 2018082412, 03, CTCX, 018, 262N, 1182E,  19,  997, XX,  34, NEQ, 0000, 0000, 0000, 0000,    0,    0, 090
WP, 24, 2018082412, 03, CTCX, 024, 256N, 1176E,  16,  998, XX,  34, NEQ, 0000, 0000, 0000, 0000,    0,    0, 098
WP, 24, 2018082412, 03, CTCX, 030, 246N, 1172E,  25,  999, XX,  34, NEQ, 0000, 0000, 0000, 0000,    0,    0, 104
WP, 24, 2018082412, 03, CTCX, 036, 243N, 1170E,  21,  999, XX,  34, NEQ, 0000, 0192, 0000, 0000,    0,    0, 107
WP, 24, 2018082412, 03, CTCX, 042, 241N, 1165E,  19,  998, XX,  34, NEQ, 0000, 0000, 0000, 0000,    0,    0, 094
WP, 24, 2018082412, 03, CTCX, 048, 239N, 1153E,  29,  998, XX,  34, NEQ, 0000, 0000, 0000, 0000,    0,    0, 092
WP, 24, 2018082412, 03, CTCX, 054, 237N, 1151E,  27, 1000, XX,  34, NEQ, 0000, 0000, 0000, 0000,    0,    0, 069
WP, 24, 2018082412, 03, CTCX, 060, 234N, 1146E,  27, 1001, XX,  34, NEQ, 0000, 0130, 0000, 0000,    0,    0, 095
WP, 24, 2018082412, 03, CTCX, 066, 231N, 1145E,  24, 1000, XX,  34, NEQ, 0000, 0000, 0000, 0000,    0,    0, 081
WP, 24, 2018082412, 03, CTCX, 072, 232N, 1142E,  26,  998, XX,  34, NEQ, 0000, 0000, 0000, 0000,    0,    0, 070
WP, 24, 2018082412, 03, CTCX, 078, 236N, 1138E,  24,  999, XX,  34, NEQ, 0000, 0000, 0000, 0000,    0,    0, 092
WP, 24, 2018082412, 03, CTCX, 084, 232N, 1131E,  28,  999, XX,  34, NEQ, 0000, 0000, 0000, 0000,    0,    0, 090
WP, 24, 2018082412, 03, CTCX, 090, 233N, 1129E,  34,  998, XX,  34, NEQ, 0000, 0201, 0000, 0000,    0,    0, 087
WP, 24, 2018082412, 03, CTCX, 096, 234N, 1125E,  36,  998, XX,  34, NEQ, 0000, 0109, 0000, 0000,    0,    0, 106
WP, 24, 2018082412, 03, CTCX, 102, 233N, 1122E,  27,  999, XX,  34, NEQ, 0000, 0000, 0000, 0000,    0,    0, 107
WP, 24, 2018082412, 03, CTCX, 108, 232N, 1126E,  36,  999, XX,  34, NEQ, 0000, 0121, 0000, 0000,    0,    0, 107
WP, 24, 2018082412, 03, CTCX, 114, 230N, 1121E,  32,  997, XX,  34, NEQ, 0000, 0121, 0000, 0000,    0,    0, 079
WP, 24, 2018082412, 03, CTCX, 120, 231N, 1115E,  24,  995, XX,  34, NEQ, 0000, 0000, 0000, 0000,    0,    0, 103
WP, 24, 2018082412, 03, CTCX, 126, 233N, 1114E,  32,  997, XX,  34, NEQ, 0000, 0170, 0000, 0000,    0,    0, 100
WP, 24, 2018082412, 03, HWRF, 000, 253N, 1205E,  34,  998, XX,  34, NEQ, 0000, 0000, 0000, 0000,  -99,  -99, 159,   0,   0,    ,   0,    ,   0,   0,           ,  ,   ,    ,   0,   0,   0,   0,       THERMO PARAMS,   -9999,   -9999,   -9999, N, 10, DT, -999
WP, 24, 2018082412, 03, HWRF, 003, 253N, 1201E,  25, 1000, XX,  34, NEQ, 0000, 0000, 0000, 0000,  -99,  -99, 136,   0,   0,    ,   0,    ,   0,   0,           ,  ,   ,    ,   0,   0,   0,   0,       THERMO PARAMS,     -19,      67,     124, N, 10, DT, -999
WP, 24, 2018082412, 03, HWRF, 006, 253N, 1198E,  24,  998, XX,  34, NEQ, 0000, 0000, 0000, 0000,  -99,  -99,  53,   0,   0,    ,   0,    ,   0,   0,           ,  ,   ,    ,   0,   0,   0,   0,       THERMO PARAMS,      24,      61,     -33, N, 10, DT, -999
WP, 24, 2018082412, 03, HWRF, 009, 255N, 1195E,  29,  997, XX,  34, NEQ, 0000, 0000, 0000, 0000,  -99,  -99,  72,   0,   0,    ,   0,    ,   0,   0,           ,  ,   ,    ,   0,   0,   0,   0,       THERMO PARAMS,      24,     184,    -574, N, 10, DT, -999
WP, 24, 2018082412, 03, HWRF, 012, 251N, 1192E,  25,  998, XX,  34, NEQ, 0000, 0000, 0000, 0000,  -99,  -99,  64,   0,   0,    ,   0,    ,   0,   0,           ,  ,   ,    ,   0,   0,   0,   0,       THERMO PARAMS,     -57,     548,    -568, N, 10, DT, -999
WP, 24, 2018082412, 03, HWRF, 015, 251N, 1192E,  24,  998, XX,  34, NEQ, 0000, 0000, 0000, 0000,  -99,  -99,  62,   0,   0,    ,   0,    ,   0,   0,           ,  ,   ,    ,   0,   0,   0,   0,       THERMO PARAMS,      35,     200,    -511, N, 10, DT, -999
WP, 24, 2018082412, 03, HWRF, 018, 250N, 1188E,  20,  998, XX,  34, NEQ, 0000, 0000, 0000, 0000,  -99,  -99, 107,   0,   0,    ,   0,    ,   0,   0,           ,  ,   ,    ,   0,   0,   0,   0,       THERMO PARAMS,     -10,      54,     -45, N, 10, DT, -999
WP, 24, 2018082412, 03, HWRF, 021, 248N, 1184E,  19,  999, XX,  34, NEQ, 0000, 0000, 0000, 0000,  -99,  -99,  87,   0,   0,    ,   0,    ,   0,   0,           ,  ,   ,    ,   0,   0,   0,   0,       THERMO PARAMS,      -6,      89,     -17, N, 10, DT, -999
WP, 24, 2018082412, 03, HWRF, 024, 245N, 1180E,  20, 1000, XX,  34, NEQ, 0000, 0000, 0000, 0000,  -99,  -99, 100,   0,   0,    ,   0,    ,   0,   0,           ,  ,   ,    ,   0,   0,   0,   0,       THERMO PARAMS,     -15,     -20,    -267, N, 10, DT, -999
WP, 24, 2018082412, 03, HWRF, 027, 243N, 1176E,  18, 1000, XX,  34, NEQ, 0000, 0000, 0000, 0000,  -99,  -99, 153,   0,   0,    ,   0,    ,   0,   0,           ,  ,   ,    ,   0,   0,   0,   0,       THERMO PARAMS,       3,      -4,    -669, N, 10, DT, -999
WP, 24, 2018082412, 03, HWRF, 030, 241N, 1170E,  21,  999, XX,  34, NEQ, 0000, 0000, 0000, 0000,  -99,  -99, 145,   0,   0,    ,   0,    ,   0,   0,           ,  ,   ,    ,   0,   0,   0,   0,       THERMO PARAMS,      14,     148,    -348, N, 10, DT, -999
WP, 24, 2018082412, 03, HWRF, 033, 239N, 1169E,  18,  999, XX,  34, NEQ, 0000, 0000, 0000, 0000,  -99,  -99,  94,   0,   0,    ,   0,    ,   0,   0,           ,  ,   ,    ,   0,   0,   0,   0,       THERMO PARAMS,     -24,     140,    -651, N, 10, DT, -999
WP, 24, 2018082412, 03, HWRF, 036, 237N, 1167E,  15, 1001, XX,  34, NEQ, 0000, 0000, 0000, 0000,  -99,  -99, 162,   0,   0,    ,   0,    ,   0,   0,           ,  ,   ,    ,   0,   0,   0,   0,       THERMO PARAMS,      -7,     188,    -221, N, 10, DT, -999
WP, 24, 2018082412, 03, HWRF, 039, 236N, 1168E,  16, 1000, XX,  34, NEQ, 0000, 0000, 0000, 0000,  -99,  -99, 128,   0,   0,    ,   0,    ,   0,   0,           ,  ,   ,    ,   0,   0,   0,   0,       THERMO PARAMS,     -51,     357,    -383, N, 10, DT, -999
WP, 24, 2018082412, 03, HWRF, 042, 233N, 1171E,  21,  999, XX,  34, NEQ, 0000, 0000, 0000, 0000,  -99,  -99, 136,   0,   0,    ,   0,    ,   0,   0,           ,  ,   ,    ,   0,   0,   0,   0,       THERMO PARAMS,     -61,     161,    -820, N, 10, DT, -999
WP, 24, 2018082412, 03, HWRF, 045, 234N, 1176E,  23,  999, XX,  34, NEQ, 0000, 0000, 0000, 0000,  -99,  -99, 161,   0,   0,    ,   0,    ,   0,   0,           ,  ,   ,    ,   0,   0,   0,   0,       THERMO PARAMS,     -53,      99,    -779, N, 10, DT, -999
WP, 24, 2018082412, 03, HWRF, 048, 234N, 1180E,  22, 1000, XX,  34, NEQ, 0000, 0000, 0000, 0000,  -99,  -99, 141,   0,   0,    ,   0,    ,   0,   0,           ,  ,   ,    ,   0,   0,   0,   0,       THERMO PARAMS,     -77,     426,    -992, N, 10, DT, -999
WP, 24, 2018082412, 03, HWRF, 051, 236N, 1180E,  28,  999, XX,  34, NEQ, 0248, 0000, 0000, 0000,  -99,  -99, 162,   0,   0,    ,   0,    ,   0,   0,           ,  ,   ,    ,   0,   0,   0,   0,       THERMO PARAMS,      -3,    1352,   -1064, N, 10, DT, -999
WP, 24, 2018082412, 03, HWRF, 054, 236N, 1181E,  38,  997, XX,  34, NEQ, 0219, 0000, 0000, 0000,  -99,  -99, 146,   0,   0,    ,   0,    ,   0,   0,           ,  ,   ,    ,   0,   0,   0,   0,       THERMO PARAMS,     -77,     994,    -190, N, 10, DT, -999
WP, 24, 2018082412, 03, HWRF, 057, 237N, 1184E,  33,  997, XX,  34, NEQ, 0214, 0201, 0000, 0000,  -99,  -99, 162,   0,   0,    ,   0,    ,   0,   0,           ,  ,   ,    ,   0,   0,   0,   0,       THERMO PARAMS,     -91,    1342,    -105, N, 10, DT, -999
WP, 24, 2018082412, 03, HWRF, 060, 245N, 1192E,  44,  998, XX,  34, NEQ, 0375, 0197, 0000, 0000,  -99,  -99, 149,   0,   0,    ,   0,    ,   0,   0,           ,  ,   ,    ,   0,   0,   0,   0,       THERMO PARAMS,     -46,    1600,    -343, N, 10, DT, -999
WP, 24, 2018082412, 03, HWRF, 063, 264N, 1204E,  43,  994, XX,  34, NEQ, 0232, 0350, 0000, 0000,  -99,  -99,  64,   0,   0,    ,   0,    ,   0,   0,           ,  ,   ,    ,   0,   0,   0,   0,       THERMO PARAMS,     -42,     911,    -605, Y, 10, DT, -999
WP, 24, 2018082412, 03, HWRF, 066, 275N, 1210E,  48,  991, XX,  34, NEQ, 0170, 0360, 0000, 0025,  -99,  -99,  32,   0,   0,    ,   0,    ,   0,   0,           ,  ,   ,    ,   0,   0,   0,   0,       THERMO PARAMS,     -82,     666,      79, N, 10, DT, -999
WP, 24, 2018082412, 03, HWRF, 069, 277N, 1197E,  34,  993, XX,  34, NEQ, 0226, 0000, 0000, 0000,  -99,  -99,  55,   0,   0,    ,   0,    ,   0,   0,           ,  ,   ,    ,   0,   0,   0,   0,       THERMO PARAMS,      46,     558,     449, Y, 10, DT, -999
WP, 24, 2018082412, 03, HWRF, 072, 277N, 1187E,  31,  993, XX,  34, NEQ, 0233, 0000, 0000, 0000,  -99,  -99,  62,   0,   0,    ,   0,    ,   0,   0,           ,  ,   ,    ,   0,   0,   0,   0,       THERMO PARAMS,      60,     767,      -7, N, 10, DT, -999
WP, 24, 2018082412, 03, HWRF, 075, 275N, 1182E,  29,  994, XX,  34, NEQ, 0000, 0000, 0000, 0000,  -99,  -99, 161,   0,   0,    ,   0,    ,   0,   0,           ,  ,   ,    ,   0,   0,   0,   0,       THERMO PARAMS,      53,     493,    -328, Y, 10, DT, -999
WP, 24, 2018082412, 03, HWRF, 078, 275N, 1177E,  29,  993, XX,  34, NEQ, 0000, 0000, 0000, 0000,  -99,  -99, 162,   0,   0,    ,   0,    ,   0,   0,           ,  ,   ,    ,   0,   0,   0,   0,       THERMO PARAMS,      35,     472,     212, N, 10, DT, -999
WP, 24, 2018082412, 03, HWRF, 081, 272N, 1176E,  30,  993, XX,  34, NEQ, 0000, 0000, 0000, 0000,  997,   86, 154,   0,   0,    ,   0,    ,   0,   0,           ,  ,   ,    ,   0,   0,   0,   0,       THERMO PARAMS,     -22,     428,     -14, N, 10, DT, -999
WP, 24, 2018082412, 03, HWRF, 084, 272N, 1174E,  31,  995, XX,  34, NEQ, 0000, 0000, 0000, 0000,  -99,  -99, 150,   0,   0,    ,   0,    ,   0,   0,           ,  ,   ,    ,   0,   0,   0,   0,       THERMO PARAMS,      15,     569,      67, N, 10, DT, -999
WP, 24, 2018082412, 03, HWRF, 087, 268N, 1174E,  27,  994, XX,  34, NEQ, 0000, 0000, 0000, 0000,  -99,  -99, 162,   0,   0,    ,   0,    ,   0,   0,           ,  ,   ,    ,   0,   0,   0,   0,       THERMO PARAMS,     -38,     660,    -294, N, 10, DT, -999
WP, 24, 2018082412, 03, HWRF, 090, 267N, 1179E,  29,  993, XX,  34, NEQ, 0000, 0000, 0000, 0000,  -99,  -99, 162,   0,   0,    ,   0,    ,   0,   0,           ,  ,   ,    ,   0,   0,   0,   0,       THERMO PARAMS,     -50,     452,     138, N, 10, DT, -999
WP, 24, 2018082412, 03, HWRF, 093, 268N, 1183E,  30,  995, XX,  34, NEQ, 0000, 0000, 0000, 0000,  -99,  -99, 152,   0,   0,    ,   0,    ,   0,   0,           ,  ,   ,    ,   0,   0,   0,   0,       THERMO PARAMS,     -22,     637,    -207, N, 10, DT, -999
WP, 24, 2018082412, 03, HWRF, 096, 271N, 1185E,  30,  996, XX,  34, NEQ, 0000, 0000, 0000, 0000,  -99,  -99, 161,   0,   0,    ,   0,    ,   0,   0,           ,  ,   ,    ,   0,   0,   0,   0,       THERMO PARAMS,      -3,     670,    -261, N, 10, DT, -999
WP, 24, 2018082412, 03, HWRF, 099, 272N, 1185E,  30,  996, XX,  34, NEQ, 0000, 0000, 0000, 0000,  -99,  -99, 162,   0,   0,    ,   0,    ,   0,   0,           ,  ,   ,    ,   0,   0,   0,   0,       THERMO PARAMS,       7,     764,    -243, N, 10, DT, -999
WP, 24, 2018082412, 03, HWRF, 102, 273N, 1184E,  29,  995, XX,  34, NEQ, 0000, 0000, 0000, 0000,  -99,  -99, 162,   0,   0,    ,   0,    ,   0,   0,           ,  ,   ,    ,   0,   0,   0,   0,       THERMO PARAMS,      30,     784,    -120, N, 10, DT, -999
WP, 24, 2018082412, 03, HWRF, 105, 273N, 1183E,  29,  995, XX,  34, NEQ, 0000, 0000, 0000, 0000,  -99,  -99, 162,   0,   0,    ,   0,    ,   0,   0,           ,  ,   ,    ,   0,   0,   0,   0,       THERMO PARAMS,      29,     802,    -628, N, 10, DT, -999
WP, 24, 2018082412, 03, HWRF, 108, 271N, 1182E,  30,  996, XX,  34, NEQ, 0000, 0220, 0000, 0000,  -99,  -99, 114,   0,   0,    ,   0,    ,   0,   0,           ,  ,   ,    ,   0,   0,   0,   0,       THERMO PARAMS,     -17,     803,    -297, N, 10, DT, -999
WP, 24, 2018082412, 03, HWRF, 111, 269N, 1181E,  30,  996, XX,  34, NEQ, 0000, 0000, 0000, 0000,  -99,  -99, 161,   0,   0,    ,   0,    ,   0,   0,           ,  ,   ,    ,   0,   0,   0,   0,       THERMO PARAMS,     -46,     840,    -366, N, 10, DT, -999
WP, 24, 2018082412, 03, HWRF, 114, 265N, 1181E,  29,  995, XX,  34, NEQ, 0000, 0000, 0000, 0000,  -99,  -99, 156,   0,   0,    ,   0,    ,   0,   0,           ,  ,   ,    ,   0,   0,   0,   0,       THERMO PARAMS,     -49,     614,    -297, N, 10, DT, -999
WP, 24, 2018082412, 03, HWRF, 117, 264N, 1185E,  30,  996, XX,  34, NEQ, 0000, 0000, 0000, 0000,  -99,  -99, 155,   0,   0,    ,   0,    ,   0,   0,           ,  ,   ,    ,   0,   0,   0,   0,       THERMO PARAMS,     -32,     572,    -239, N, 10, DT, -999
WP, 24, 2018082412, 03, HWRF, 120, 263N, 1187E,  27,  998, XX,  34, NEQ, 0000, 0000, 0000, 0000,  -99,  -99, 145,   0,   0,    ,   0,    ,   0,   0,           ,  ,   ,    ,   0,   0,   0,   0,       THERMO PARAMS,     -26,     518,    -334, N, 10, DT, -999
WP, 24, 2018082412, 03, HWRF, 123, 261N, 1185E,  26,  998, XX,  34, NEQ, 0000, 0000, 0000, 0000,  -99,  -99, 142,   0,   0,    ,   0,    ,   0,   0,           ,  ,   ,    ,   0,   0,   0,   0,       THERMO PARAMS,      -6,     474,    -502, N, 10, DT, -999
WP, 24, 2018082412, 03, HWRF, 126, 260N, 1183E,  26,  996, XX,  34, NEQ, 0000, 0000, 0000, 0000,  -99,  -99, 149,   0,   0,    ,   0,    ,   0,   0,           ,  ,   ,    ,   0,   0,   0,   0,       THERMO PARAMS,      -1,     440,    -406, N, 10, DT, -999
WP, 24, 2018082412, 03,  UKM,   0, 250N, 1202E,  33,  997, TD,   0,    ,    0,    0,    0,    0,     ,     ,  53,    ,    ,   W,    ,    ,    ,    ,        24W,    0,   ,   0,    ,    0,    0,    0,    0, 
WP, 24, 2018082412, 03,  UKM,   6, 250N, 1198E,  28,  994, TD,   0,    ,    0,    0,    0,    0,     ,     ,  43,    ,    ,   W,    ,    ,    ,    ,        24W,    0,   ,   0,    ,    0,    0,    0,    0, 
WP, 24, 2018082412, 03,  UKM,  12, 253N, 1196E,  28,  995, TD,   0,    ,    0,    0,    0,    0,     ,     , 321,    ,    ,   W,    ,    ,    ,    ,        24W,    0,   ,   0,    ,    0,    0,    0,    0, 
WP, 24, 2018082418, 01, CARQ, -24, 239N, 1201E,  25,  996, XX,  34, NEQ,    0,    0,    0,    0, 1000,  140,  30,   0,   0,   W,   0,   X, 345,   4,  TWENTY-FO, S,   ,    ,    ,    ,    ,    ,      TCGP EXTRA DATA, WP242018, JTWC, NCEP_TCVITALS, 
WP, 24, 2018082418, 01, CARQ, -18, 243N, 1200E,  25,  996, XX,  34, NEQ,    0,    0,    0,    0, 1001,  150,  30,   0,   0,   W,   0,   X, 335,   3,  TWENTY-FO, S,   ,    ,    ,    ,    ,    ,      TCGP EXTRA DATA, WP242018, JTWC, NCEP_TCVITALS, 
WP, 24, 2018082418, 01, CARQ, -12, 246N, 1206E,  30,  997, XX,  34, NEQ,    0,    0,    0,    0, 1000,  180,  30,   0,   0,   W,   0,   X,  15,   3,  TWENTY-FO, S,   ,    ,    ,    ,    ,    ,      TCGP EXTRA DATA, WP242018, JTWC, NCEP_TCVITALS, 
WP, 24, 2018082418, 01, CARQ,  -6, 254N, 1205E,  30,  997, XX,  34, NEQ,    0,    0,    0,    0, 1000,  180,  30,   0,   0,   W,   0,   X,  10,   5,  TWENTY-FO, S,   ,    ,    ,    ,    ,    ,      TCGP EXTRA DATA, WP242018, JTWC, NCEP_TCVITALS, 
WP, 24, 2018082418, 01, CARQ,   0, 250N, 1201E,  30,  987, XX,  34, NEQ,    0,    0,    0,    0, 1000,  180,  40,   0,   0,   W,   0,   X, 355,   2,  TWENTY-FO, M,   ,    ,    ,    ,    ,    ,      TCGP EXTRA DATA, WP242018, JTWC, NCEP_TCVITALS, 
WP, 24, 2018082418, 01, CARQ,   0, 250N, 1201E,  30,  987, XX,  50, NEQ,    0,    0,    0,    0, 1000,  180,  40,   0,   0,   W,   0,   X, 355,   2,  TWENTY-FO, M,   ,    ,    ,    ,    ,    ,      TCGP EXTRA DATA, WP242018, JTWC, NCEP_TCVITALS, 
WP, 24, 2018082418, 01, CARQ,   0, 250N, 1201E,  30,  987, XX,  64, NEQ,    0,    0,    0,    0, 1000,  180,  40,   0,   0,   W,   0,   X, 355,   2,  TWENTY-FO, M,   ,    ,    ,    ,    ,    ,      TCGP EXTRA DATA, WP242018, JTWC, NCEP_TCVITALS, 
WP, 24, 2018082418, 03, CTCX, 000, 249N, 1203E,  30,  986, XX,  34, NEQ, 0000, 0000, 0000, 0000,    0,    0, 040
WP, 24, 2018082418, 03, CTCX, 006, 255N, 1196E,  33,  995, XX,  34, NEQ, 0000, 0000, 0000, 0000,    0,    0, 043
WP, 24, 2018082418, 03, CTCX, 012, 258N, 1188E,  26,  995, XX,  34, NEQ, 0000, 0000, 0000, 0000,    0,    0, 076
WP, 24, 2018082418, 03, CTCX, 018, 257N, 1179E,  23,  994, XX,  34, NEQ, 0000, 0000, 0000, 0000,    0,    0, 097
WP, 24, 2018082418, 03, CTCX, 024, 259N, 1164E,  15,  997, XX,  34, NEQ, 0000, 0000, 0000, 0000,    0,    0, 099
WP, 24, 2018082418, 03, CTCX, 030, 261N, 1151E,  17,  998, XX,  34, NEQ, 0000, 0000, 0000, 0000,    0,    0, 058
WP, 24, 2018082418, 03, CTCX, 036, 254N, 1142E,  20,  997, XX,  34, NEQ, 0000, 0000, 0000, 0000,    0,    0, 068
WP, 24, 2018082418, 03, CTCX, 042, 247N, 1139E,  19,  996, XX,  34, NEQ, 0000, 0000, 0000, 0000,    0,    0, 065
WP, 24, 2018082418, 03, CTCX, 048, 239N, 1126E,  16,  999, XX,  34, NEQ, 0000, 0000, 0000, 0000,    0,    0, 081
WP, 24, 2018082418, 03, CTCX, 054, 232N, 1122E,  19, 1000, XX,  34, NEQ, 0000, 0000, 0000, 0000,    0,    0, 108
WP, 24, 2018082418, 03, CTCX, 060, 232N, 1118E,  20,  999, XX,  34, NEQ, 0000, 0000, 0000, 0000,    0,    0, 098
WP, 24, 2018082418, 03, CTCX, 066, 229N, 1116E,  35,  997, XX,  34, NEQ, 0000, 0082, 0000, 0000,    0,    0, 082
WP, 24, 2018082418, 03, CTCX, 072, 226N, 1117E,  25,  999, XX,  34, NEQ, 0000, 0000, 0000, 0000,    0,    0, 099
WP, 24, 2018082418, 03, CTCX, 078, 228N, 1119E,  25, 1000, XX,  34, NEQ, 0000, 0246, 0000, 0000,    0,    0, 107
WP, 24, 2018082418, 03, CTCX, 084, 229N, 1118E,  24,  998, XX,  34, NEQ, 0000, 0000, 0000, 0000,    0,    0, 102
WP, 24, 2018082418, 03, CTCX, 090, 229N, 1113E,  25,  997, XX,  34, NEQ, 0000, 0000, 0000, 0000,    0,    0, 105
WP, 24, 2018082418, 03, CTCX, 096, 232N, 1113E,  23,  998, XX,  34, NEQ, 0000, 0000, 0000, 0000,    0,    0, 106
WP, 24, 2018082418, 03, CTCX, 102, 229N, 1113E,  34,  997, XX,  34, NEQ, 0000, 0097, 0000, 0000,    0,    0, 097
WP, 24, 2018082418, 03, CTCX, 108, 226N, 1107E,  32,  996, XX,  34, NEQ, 0000, 0000, 0000, 0000,    0,    0, 107
WP, 24, 2018082418, 03, CTCX, 114, 225N, 1099E,  24,  995, XX,  34, NEQ, 0000, 0000, 0000, 0000,    0,    0, 083
WP, 24, 2018082418, 03, CTCX, 120, 225N, 1098E,  31,  996, XX,  34, NEQ, 0000, 0182, 0000, 0000,    0,    0, 106
WP, 24, 2018082418, 03, CTCX, 126, 219N, 1093E,  40,  995, XX,  34, NEQ, 0000, 0066, 0087, 0000,    0,    0, 073
WP, 24, 2018082418, 03, HWRF, 000, 250N, 1201E,  30,  987, XX,  34, NEQ, 0000, 0000, 0000, 0000,  995,   52,  56,   0,   0,    ,   0,    ,   0,   0,           ,  ,   ,    ,   0,   0,   0,   0,       THERMO PARAMS,   -9999,   -9999,   -9999, N, 10, DT, -999
WP, 24, 2018082418, 03, HWRF, 003, 253N, 1197E,  41,  990, XX,  34, NEQ, 0022, 0022, 0000, 0021,  998,   54,  11,   0,   0,    ,   0,    ,   0,   0,           ,  ,   ,    ,   0,   0,   0,   0,       THERMO PARAMS,      30,     641,     554, Y, 10, DT, -999
WP, 24, 2018082418, 03, HWRF, 006, 254N, 1190E,  35,  991, XX,  34, NEQ, 0000, 0055, 0000, 0000,  -99,  -99,  53,   0,   0,    ,   0,    ,   0,   0,           ,  ,   ,    ,   0,   0,   0,   0,       THERMO PARAMS,       2,     278,     230, N, 10, DT, -999
WP, 24, 2018082418, 03, HWRF, 009, 253N, 1184E,  29,  992, XX,  34, NEQ, 0000, 0000, 0000, 0000,  -99,  -99,  82,   0,   0,    ,   0,    ,   0,   0,           ,  ,   ,    ,   0,   0,   0,   0,       THERMO PARAMS,     -13,     344,      27, Y, 10, DT, -999
WP, 24, 2018082418, 03, HWRF, 012, 251N, 1181E,  24,  993, XX,  34, NEQ, 0000, 0000, 0000, 0000,  -99,  -99, 130,   0,   0,    ,   0,    ,   0,   0,           ,  ,   ,    ,   0,   0,   0,   0,       THERMO PARAMS,     -27,     239,     189, N, 10, DT, -999
WP, 24, 2018082418, 03, HWRF, 015, 249N, 1177E,  24,  995, XX,  34, NEQ, 0000, 0000, 0000, 0000,  -99,  -99, 125,   0,   0,    ,   0,    ,   0,   0,           ,  ,   ,    ,   0,   0,   0,   0,       THERMO PARAMS,       1,      48,    -367, N, 10, DT, -999
WP, 24, 2018082418, 03, HWRF, 018, 247N, 1173E,  20,  999, XX,  34, NEQ, 0000, 0000, 0000, 0000,  -99,  -99, 123,   0,   0,    ,   0,    ,   0,   0,           ,  ,   ,    ,   0,   0,   0,   0,       THERMO PARAMS,      25,    -149,     -87, N, 10, DT, -999
WP, 24, 2018082418, 03, HWRF, 021, 245N, 1167E,  20,  999, XX,  34, NEQ, 0000, 0000, 0000, 0000,  -99,  -99, 160,   0,   0,    ,   0,    ,   0,   0,           ,  ,   ,    ,   0,   0,   0,   0,       THERMO PARAMS,      43,    -200,    -244, N, 10, DT, -999
WP, 24, 2018082418, 03, HWRF, 024, 244N, 1162E,  19,  998, XX,  34, NEQ, 0000, 0000, 0000, 0000,  -99,  -99, 162,   0,   0,    ,   0,    ,   0,   0,           ,  ,   ,    ,   0,   0,   0,   0,       THERMO PARAMS,      32,    -171,    -236, N, 10, DT, -999
WP, 24, 2018082418, 03, HWRF, 027, 244N, 1158E,  20,  999, XX,  34, NEQ, 0000, 0000, 0000, 0000,  -99,  -99, 141,   0,   0,    ,   0,    ,   0,   0,           ,  ,   ,    ,   0,   0,   0,   0,       THERMO PARAMS,      44,     -82,    -283, N, 10, DT, -999
WP, 24, 2018082418, 03, HWRF, 030, 242N, 1156E,  19, 1000, XX,  34, NEQ, 0000, 0000, 0000, 0000,  -99,  -99, 137,   0,   0,    ,   0,    ,   0,   0,           ,  ,   ,    ,   0,   0,   0,   0,       THERMO PARAMS,      -1,    -107,    -212, N, 10, DT, -999
WP, 24, 2018082418, 03, HWRF, 033, 243N, 1153E,  20, 1000, XX,  34, NEQ, 0000, 0000, 0000, 0000,  -99,  -99, 162,   0,   0,    ,   0,    ,   0,   0,           ,  ,   ,    ,   0,   0,   0,   0,       THERMO PARAMS,      54,    -166,    -250, N, 10, DT, -999
WP, 24, 2018082418, 03, HWRF, 036, 241N, 1149E,  19,  999, XX,  34, NEQ, 0000, 0000, 0000, 0000,  -99,  -99, 161,   0,   0,    ,   0,    ,   0,   0,           ,  ,   ,    ,   0,   0,   0,   0,       THERMO PARAMS,       9,    -166,    -280, N, 10, DT, -999
WP, 24, 2018082418, 03, HWRF, 039, 239N, 1145E,  19, 1000, XX,  34, NEQ, 0000, 0000, 0000, 0000,  -99,  -99, 142,   0,   0,    ,   0,    ,   0,   0,           ,  ,   ,    ,   0,   0,   0,   0,       THERMO PARAMS,      -6,     -21,    -206, N, 10, DT, -999
WP, 24, 2018082418, 03, HWRF, 042, 236N, 1146E,  23, 1001, XX,  34, NEQ, 0000, 0000, 0000, 0000,  -99,  -99, 153,   0,   0,    ,   0,    ,   0,   0,           ,  ,   ,    ,   0,   0,   0,   0,       THERMO PARAMS,     -45,    -113,    -301, N, 10, DT, -999
WP, 24, 2018082418, 03, HWRF, 045, 236N, 1147E,  21, 1001, XX,  34, NEQ, 0000, 0000, 0000, 0000,  -99,  -99, 161,   0,   0,    ,   0,    ,   0,   0,           ,  ,   ,    ,   0,   0,   0,   0,       THERMO PARAMS,     -40,    -115,    -611, N, 10, DT, -999
WP, 24, 2018082418, 03, HWRF, 048, 237N, 1144E,  18, 1000, XX,  34, NEQ, 0000, 0000, 0000, 0000,  -99,  -99, 158,   0,   0,    ,   0,    ,   0,   0,           ,  ,   ,    ,   0,   0,   0,   0,       THERMO PARAMS,      43,     -53,    -391, N, 10, DT, -999
WP, 24, 2018082418, 03, HWRF, 051, 237N, 1143E,  17, 1001, XX,  34, NEQ, 0000, 0000, 0000, 0000,  -99,  -99, 162,   0,   0,    ,   0,    ,   0,   0,           ,  ,   ,    ,   0,   0,   0,   0,       THERMO PARAMS,      25,       9,    -439, N, 10, DT, -999
WP, 24, 2018082418, 03, HWRF, 054, 237N, 1148E,  15, 1003, XX,  34, NEQ, 0000, 0000, 0000, 0000,  -99,  -99, 161,   0,   0,    ,   0,    ,   0,   0,           ,  ,   ,    ,   0,   0,   0,   0,       THERMO PARAMS,     -40,      77,    -246, N, 10, DT, -999
WP, 24, 2018082418, 03, HWRF, 057, 238N, 1149E,  16, 1001, XX,  34, NEQ, 0000, 0000, 0000, 0000,  -99,  -99, 162,   0,   0,    ,   0,    ,   0,   0,           ,  ,   ,    ,   0,   0,   0,   0,       THERMO PARAMS,       7,     196,    -341, N, 10, DT, -999
WP, 24, 2018082418, 03, HWRF, 060, 235N, 1153E,  18, 1000, XX,  34, NEQ, 0000, 0000, 0000, 0000,  -99,  -99, 161,   0,   0,    ,   0,    ,   0,   0,           ,  ,   ,    ,   0,   0,   0,   0,       THERMO PARAMS,     -42,     185,    -490, N, 10, DT, -999
WP, 24, 2018082418, 03, HWRF, 063, 238N, 1153E,  20, 1000, XX,  34, NEQ, 0000, 0000, 0000, 0000,  -99,  -99, 162,   0,   0,    ,   0,    ,   0,   0,           ,  ,   ,    ,   0,   0,   0,   0,       THERMO PARAMS,      12,     223,    -558, N, 10, DT, -999
WP, 24, 2018082418, 03, HWRF, 066, 237N, 1160E,  19, 1002, XX,  34, NEQ, 0000, 0000, 0000, 0000,  -99,  -99, 144,   0,   0,    ,   0,    ,   0,   0,           ,  ,   ,    ,   0,   0,   0,   0,       THERMO PARAMS,     -62,     258,    -265, N, 10, DT, -999
WP, 24, 2018082418, 03, HWRF, 069, 240N, 1165E,  22, 1001, XX,  34, NEQ, 0000, 0000, 0000, 0000,  -99,  -99, 161,   0,   0,    ,   0,    ,   0,   0,           ,  ,   ,    ,   0,   0,   0,   0,       THERMO PARAMS,     -69,     580,    -359, N, 10, DT, -999
WP, 24, 2018082418, 03, HWRF, 072, 240N, 1169E,  23,  999, XX,  34, NEQ, 0000, 0000, 0000, 0000,  -99,  -99, 162,   0,   0,    ,   0,    ,   0,   0,           ,  ,   ,    ,   0,   0,   0,   0,       THERMO PARAMS,     -60,     598,    -566, N, 10, DT, -999
WP, 24, 2018082418, 03, HWRF, 075, 251N, 1179E,  26,  999, XX,  34, NEQ, 0000, 0000, 0000, 0000,  -99,  -99, 159,   0,   0,    ,   0,    ,   0,   0,           ,  ,   ,    ,   0,   0,   0,   0,       THERMO PARAMS,     -84,     546,    -781, N, 10, DT, -999
WP, 24, 2018082418, 03, HWRF, 078, 268N, 1179E,  26,  999, XX,  34, NEQ, 0000, 0000, 0000, 0000,  -99,  -99, 147,   0,   0,    ,   0,    ,   0,   0,           ,  ,   ,    ,   0,   0,   0,   0,       THERMO PARAMS,      -9,     450,    -620, N, 10, DT, -999
WP, 24, 2018082418, 03, HWRF, 081, 281N, 1177E,  26,  997, XX,  34, NEQ, 0000, 0000, 0000, 0000,  -99,  -99, 133,   0,   0,    ,   0,    ,   0,   0,           ,  ,   ,    ,   0,   0,   0,   0,       THERMO PARAMS,      29,     386,    -232, N, 10, DT, -999
WP, 24, 2018082418, 03, HWRF, 084, 280N, 1171E,  21,  995, XX,  34, NEQ, 0000, 0000, 0000, 0000,  -99,  -99,  41,   0,   0,    ,   0,    ,   0,   0,           ,  ,   ,    ,   0,   0,   0,   0,       THERMO PARAMS,      85,     137,     -77, N, 10, DT, -999
WP, 24, 2018082418, 03, HWRF, 087, 278N, 1168E,  24,  994, XX,  34, NEQ, 0000, 0000, 0000, 0000,  -99,  -99,  58,   0,   0,    ,   0,    ,   0,   0,           ,  ,   ,    ,   0,   0,   0,   0,       THERMO PARAMS,      36,     509,    -369, N, 10, DT, -999
WP, 24, 2018082418, 03, HWRF, 090, 275N, 1164E,  24,  995, XX,  34, NEQ, 0000, 0000, 0000, 0000,  999,   43,  81,   0,   0,    ,   0,    ,   0,   0,           ,  ,   ,    ,   0,   0,   0,   0,       THERMO PARAMS,      34,     504,    -289, Y, 10, DT, -999
WP, 24, 2018082418, 03, HWRF, 093, 272N, 1160E,  22,  994, XX,  34, NEQ, 0000, 0000, 0000, 0000, 1002,  200, 108,   0,   0,    ,   0,    ,   0,   0,           ,  ,   ,    ,   0,   0,   0,   0,       THERMO PARAMS,      27,     632,    -203, N, 10, DT, -999
WP, 24, 2018082418, 03, HWRF, 096, 269N, 1157E,  23,  991, XX,  34, NEQ, 0000, 0000, 0000, 0000,  995,   16,  11,   0,   0,    ,   0,    ,   0,   0,           ,  ,   ,    ,   0,   0,   0,   0,       THERMO PARAMS,      20,     581,      13, N, 10, DT, -999
WP, 24, 2018082418, 03, HWRF, 099, 269N, 1156E,  29,  991, XX,  34, NEQ, 0000, 0000, 0000, 0000,  -99,  -99,  16,   0,   0,    ,   0,    ,   0,   0,           ,  ,   ,    ,   0,   0,   0,   0,       THERMO PARAMS,      42,     877,    -112, N, 10, DT, -999
WP, 24, 2018082418, 03, HWRF, 102, 267N, 1152E,  24,  993, XX,  34, NEQ, 0000, 0000, 0000, 0000,  997,   14,  12,   0,   0,    ,   0,    ,   0,   0,           ,  ,   ,    ,   0,   0,   0,   0,       THERMO PARAMS,      15,     846,      40, N, 10, DT, -999
WP, 24, 2018082418, 03, HWRF, 105, 264N, 1150E,  22,  994, XX,  34, NEQ, 0000, 0000, 0000, 0000,  -99,  -99,  17,   0,   0,    ,   0,    ,   0,   0,           ,  ,   ,    ,   0,   0,   0,   0,       THERMO PARAMS,     -10,     819,    -231, N, 10, DT, -999
WP, 24, 2018082418, 03, HWRF, 108, 260N, 1147E,  24,  993, XX,  34, NEQ, 0000, 0000, 0000, 0000,  -99,  -99,  22,   0,   0,    ,   0,    ,   0,   0,           ,  ,   ,    ,   0,   0,   0,   0,       THERMO PARAMS,     -22,     618,    -293, N, 10, DT, -999
WP, 24, 2018082418, 03, HWRF, 111, 256N, 1145E,  22,  995, XX,  34, NEQ, 0000, 0000, 0000, 0000,  -99,  -99,  17,   0,   0,    ,   0,    ,   0,   0,           ,  ,   ,    ,   0,   0,   0,   0,       THERMO PARAMS,     -22,     460,    -379, N, 10, DT, -999
WP, 24, 2018082418, 03, HWRF, 114, 253N, 1144E,  20,  996, XX,  34, NEQ, 0000, 0000, 0000, 0000, 1000,   66,  18,   0,   0,    ,   0,    ,   0,   0,           ,  ,   ,    ,   0,   0,   0,   0,       THERMO PARAMS,     -17,     494,    -150, N, 10, DT, -999
WP, 24, 2018082418, 03, HWRF, 117, 250N, 1142E,  24,  996, XX,  34, NEQ, 0000, 0000, 0000, 0000, 1000,   49,  16,   0,   0,    ,   0,    ,   0,   0,           ,  ,   ,    ,   0,   0,   0,   0,       THERMO PARAMS,     -19,     568,    -359, N, 10, DT, -999
WP, 24, 2018082418, 03, HWRF, 120, 247N, 1140E,  23,  995, XX,  34, NEQ, 0000, 0000, 0000, 0000,  -99,  -99, 160,   0,   0,    ,   0,    ,   0,   0,           ,  ,   ,    ,   0,   0,   0,   0,       THERMO PARAMS,     -20,     577,      65, N, 10, DT, -999
WP, 24, 2018082418, 03, HWRF, 123, 246N, 1140E,  23,  995, XX,  34, NEQ, 0000, 0000, 0000, 0000,  -99,  -99, 162,   0,   0,    ,   0,    ,   0,   0,           ,  ,   ,    ,   0,   0,   0,   0,       THERMO PARAMS,     -28,     620,    -166, Y, 10, DT, -999
WP, 24, 2018082418, 03, HWRF, 126, 244N, 1139E,  24,  996, XX,  34, NEQ, 0000, 0000, 0000, 0000, 1000,   33, 162,   0,   0,    ,   0,    ,   0,   0,           ,  ,   ,    ,   0,   0,   0,   0,       THERMO PARAMS,     -55,     577,    -336, Y, 10, DT, -999
WP, 24, 2018082500, 01, CARQ, -24, 243N, 1200E,  25,  996, XX,  34, NEQ,    0,    0,    0,    0, 1001,  150,  30,   0,   0,   W,   0,   X, 335,   3,  TWENTY-FO, S,   ,    ,    ,    ,    ,    ,      TCGP EXTRA DATA, WP242018, JTWC, NCEP_TCVITALS, 
WP, 24, 2018082500, 01, CARQ, -18, 246N, 1206E,  30,  997, XX,  34, NEQ,    0,    0,    0,    0, 1000,  180,  30,   0,   0,   W,   0,   X,  15,   3,  TWENTY-FO, S,   ,    ,    ,    ,    ,    ,      TCGP EXTRA DATA, WP242018, JTWC, NCEP_TCVITALS, 
WP, 24, 2018082500, 01, CARQ, -12, 254N, 1205E,  30,  997, XX,  34, NEQ,    0,    0,    0,    0, 1000,  180,  30,   0,   0,   W,   0,   X,  10,   5,  TWENTY-FO, S,   ,    ,    ,    ,    ,    ,      TCGP EXTRA DATA, WP242018, JTWC, NCEP_TCVITALS, 
WP, 24, 2018082500, 01, CARQ,  -6, 250N, 1201E,  30,  987, XX,  34, NEQ,    0,    0,    0,    0, 1000,  180,  40,   0,   0,   W,   0,   X, 355,   2,  TWENTY-FO, M,   ,    ,    ,    ,    ,    ,      TCGP EXTRA DATA, WP242018, JTWC, NCEP_TCVITALS, 
WP, 24, 2018082500, 01, CARQ,   0, 249N, 1194E,  25,  995, XX,  34, NEQ,    0,    0,    0,    0, 1000,  100,  40,   0,   0,   W,   0,   X, 285,   4,  TWENTY-FO, M,   ,    ,    ,    ,    ,    ,      TCGP EXTRA DATA, WP242018, JTWC, NCEP_TCVITALS, 
WP, 24, 2018082500, 01, CARQ,   0, 249N, 1194E,  25,  995, XX,  50, NEQ,    0,    0,    0,    0, 1000,  100,  40,   0,   0,   W,   0,   X, 285,   4,  TWENTY-FO, M,   ,    ,    ,    ,    ,    ,      TCGP EXTRA DATA, WP242018, JTWC, NCEP_TCVITALS, 
WP, 24, 2018082500, 01, CARQ,   0, 249N, 1194E,  25,  995, XX,  64, NEQ,    0,    0,    0,    0, 1000,  100,  40,   0,   0,   W,   0,   X, 285,   4,  TWENTY-FO, M,   ,    ,    ,    ,    ,    ,      TCGP EXTRA DATA, WP242018, JTWC, NCEP_TCVITALS, 
WP, 24, 2018082500, 03, CTCX, 000, 246N, 1198E,  25,  987, XX,  34, NEQ, 0000, 0000, 0000, 0000,    0,    0, 062
WP, 24, 2018082500, 03, CTCX, 006, 250N, 1189E,  19,  996, XX,  34, NEQ, 0000, 0000, 0000, 0000,    0,    0, 086
WP, 24, 2018082500, 03, CTCX, 012, 252N, 1176E,  14,  997, XX,  34, NEQ, 0000, 0000, 0000, 0000,    0,    0, 096
WP, 24, 2018082500, 03, CTCX, 018, 249N, 1161E,  12,  998, XX,  34, NEQ, 0000, 0000, 0000, 0000,    0,    0, 088
WP, 24, 2018082500, 03, CTCX, 024, 245N, 1152E,  13,  998, XX,  34, NEQ, 0000, 0000, 0000, 0000,    0,    0, 106
WP, 24, 2018082500, 03, CTCX, 030, 241N, 1149E,  17,  997, XX,  34, NEQ, 0000, 0000, 0000, 0000,    0,    0, 106
WP, 24, 2018082500, 03, CTCX, 036, 238N, 1141E,  27,  996, XX,  34, NEQ, 0000, 0000, 0000, 0000,    0,    0, 090
WP, 24, 2018082500, 03, CTCX, 042, 237N, 1133E,  18,  998, XX,  34, NEQ, 0000, 0000, 0000, 0000,    0,    0, 104
WP, 24, 2018082500, 03, CTCX, 048, 236N, 1129E,  19,  999, XX,  34, NEQ, 0000, 0000, 0000, 0000,    0,    0, 107
WP, 24, 2018082500, 03, CTCX, 054, 233N, 1127E,  27,  997, XX,  34, NEQ, 0000, 0000, 0000, 0000,    0,    0, 075
WP, 24, 2018082500, 03, CTCX, 060, 233N, 1118E,  23,  997, XX,  34, NEQ, 0000, 0000, 0000, 0000,    0,    0, 107
WP, 24, 2018082500, 03, CTCX, 066, 234N, 1112E,  17,  999, XX,  34, NEQ, 0000, 0000, 0000, 0000,    0,    0, 108
WP, 24, 2018082500, 03, CTCX, 072, 237N, 1110E,  13,  999, XX,  34, NEQ, 0000, 0000, 0000, 0000,    0,    0, 093
WP, 24, 2018082500, 03, CTCX, 078, 233N, 1104E,  22,  998, XX,  34, NEQ, 0000, 0000, 0000, 0000,    0,    0, 060
WP, 24, 2018082500, 03, CTCX, 084, 234N, 1101E,  15,  996, XX,  34, NEQ, 0000, 0000, 0000, 0000,    0,    0, 104
WP, 24, 2018082500, 03, CTCX, 090, 235N, 1095E,  21,  998, XX,  34, NEQ, 0000, 0000, 0000, 0000,    0,    0, 031
WP, 24, 2018082500, 03, CTCX, 096, 233N, 1091E,  17,  997, XX,  34, NEQ, 0000, 0000, 0000, 0000,    0,    0, 102
WP, 24, 2018082500, 03, CTCX, 102, 231N, 1087E,  22,  996, XX,  34, NEQ, 0000, 0000, 0000, 0000,    0,    0, 108
WP, 24, 2018082500, 03, CTCX, 108, 229N, 1079E,  23,  995, XX,  34, NEQ, 0000, 0000, 0000, 0000,    0,    0, 081
WP, 24, 2018082500, 03, CTCX, 114, 224N, 1071E,  31,  996, XX,  34, NEQ, 0000, 0000, 0000, 0000,    0,    0, 072
WP, 24, 2018082500, 03, CTCX, 120, 222N, 1067E,  18,  996, XX,  34, NEQ, 0000, 0000, 0000, 0000,    0,    0, 090
WP, 24, 2018082500, 03, CTCX, 126, 218N, 1053E,  20,  996, XX,  34, NEQ, 0000, 0000, 0000, 0000,    0,    0, 097
WP, 24, 2018082500, 03, HWRF, 000, 249N, 1194E,  25,  995, XX,  34, NEQ, 0000, 0000, 0000, 0000,  -99,  -99,  40,   0,   0,    ,   0,    ,   0,   0,           ,  ,   ,    ,   0,   0,   0,   0,       THERMO PARAMS,   -9999,   -9999,   -9999, N, 10, DT, -999
WP, 24, 2018082500, 03, HWRF, 003, 251N, 1193E,  21,  997, XX,  34, NEQ, 0000, 0000, 0000, 0000,  -99,  -99,  17,   0,   0,    ,   0,    ,   0,   0,           ,  ,   ,    ,   0,   0,   0,   0,       THERMO PARAMS,      71,     212,     375, N, 10, DT, -999
WP, 24, 2018082500, 03, HWRF, 006, 251N, 1189E,  23,  998, XX,  34, NEQ, 0000, 0000, 0000, 0000,  -99,  -99,  60,   0,   0,    ,   0,    ,   0,   0,           ,  ,   ,    ,   0,   0,   0,   0,       THERMO PARAMS,      18,     196,      95, N, 10, DT, -999
WP, 24, 2018082500, 03, HWRF, 009, 249N, 1182E,  23,  998, XX,  34, NEQ, 0000, 0000, 0000, 0000,  -99,  -99, 153,   0,   0,    ,   0,    ,   0,   0,           ,  ,   ,    ,   0,   0,   0,   0,       THERMO PARAMS,      20,      64,    -547, N, 10, DT, -999
WP, 24, 2018082500, 03, HWRF, 012, 245N, 1179E,  16, 1000, XX,  34, NEQ, 0000, 0000, 0000, 0000,  -99,  -99, 162,   0,   0,    ,   0,    ,   0,   0,           ,  ,   ,    ,   0,   0,   0,   0,       THERMO PARAMS,       0,    -154,    -892, N, 10, DT, -999
WP, 24, 2018082500, 03, HWRF, 015, 238N, 1174E,  18, 1001, XX,  34, NEQ, 0000, 0000, 0000, 0000,  -99,  -99, 162,   0,   0,    ,   0,    ,   0,   0,           ,  ,   ,    ,   0,   0,   0,   0,       THERMO PARAMS,      26,    -355,    -552, N, 10, DT, -999
WP, 24, 2018082500, 03, HWRF, 018, 236N, 1170E,  18,  999, XX,  34, NEQ, 0000, 0000, 0000, 0000,  -99,  -99, 109,   0,   0,    ,   0,    ,   0,   0,           ,  ,   ,    ,   0,   0,   0,   0,       THERMO PARAMS,      57,    -327,    -403, N, 10, DT, -999
WP, 24, 2018082500, 03, HWRF, 021, 241N, 1165E,  16,  999, XX,  34, NEQ, 0000, 0000, 0000, 0000,  -99,  -99, 161,   0,   0,    ,   0,    ,   0,   0,           ,  ,   ,    ,   0,   0,   0,   0,       THERMO PARAMS,      72,     -85,    -296, N, 10, DT, -999
WP, 24, 2018082500, 03, HWRF, 024, 242N, 1161E,  15, 1001, XX,  34, NEQ, 0000, 0000, 0000, 0000,  -99,  -99, 159,   0,   0,    ,   0,    ,   0,   0,           ,  ,   ,    ,   0,   0,   0,   0,       THERMO PARAMS,      63,     -62,    -202, N, 10, DT, -999
WP, 24, 2018082500, 03, HWRF, 027, 240N, 1162E,  14, 1001, XX,  34, NEQ, 0000, 0000, 0000, 0000,  -99,  -99, 161,   0,   0,    ,   0,    ,   0,   0,           ,  ,   ,    ,   0,   0,   0,   0,       THERMO PARAMS,     -41,    -172,    -477, N, 10, DT, -999
WP, 24, 2018082500, 03, HWRF, 030, 239N, 1163E,  13, 1000, XX,  34, NEQ, 0000, 0000, 0000, 0000,  -99,  -99, 162,   0,   0,    ,   0,    ,   0,   0,           ,  ,   ,    ,   0,   0,   0,   0,       THERMO PARAMS,     -77,    -134,    -568, N, 10, DT, -999
WP, 24, 2018082500, 03, HWRF, 033, 239N, 1163E,  17,  999, XX,  34, NEQ, 0000, 0320, 0000, 0000,  -99,  -99, 161,   0,   0,    ,   0,    ,   0,   0,           ,  ,   ,    ,   0,   0,   0,   0,       THERMO PARAMS,      -8,      57,    -654, N, 10, DT, -999
WP, 24, 2018082500, 03, HWRF, 036, 239N, 1160E,  20, 1001, XX,  34, NEQ, 0000, 0000, 0000, 0000,  -99,  -99, 162,   0,   0,    ,   0,    ,   0,   0,           ,  ,   ,    ,   0,   0,   0,   0,       THERMO PARAMS,      93,    -141,    -625, N, 10, DT, -999
WP, 24, 2018082500, 03, HWRF, 039, 235N, 1148E,  18, 1001, XX,  34, NEQ, 0000, 0000, 0000, 0000,  -99,  -99, 162,   0,   0,    ,   0,    ,   0,   0,           ,  ,   ,    ,   0,   0,   0,   0,       THERMO PARAMS,      67,       1,    -706, N, 10, DT, -999
WP, 24, 2018082500, 03, HWRF, 042, 232N, 1140E,  19, 1000, XX,  34, NEQ, 0000, 0000, 0000, 0000,  -99,  -99, 162,   0,   0,    ,   0,    ,   0,   0,           ,  ,   ,    ,   0,   0,   0,   0,       THERMO PARAMS,      49,      95,    -752, N, 10, DT, -999
WP, 24, 2018082500, 03, HWRF, 045, 233N, 1140E,  18, 1001, XX,  34, NEQ, 0000, 0000, 0000, 0000,  -99,  -99, 151,   0,   0,    ,   0,    ,   0,   0,           ,  ,   ,    ,   0,   0,   0,   0,       THERMO PARAMS,      22,     251,    -741, N, 10, DT, -999
WP, 24, 2018082500, 03, HWRF, 048, 231N, 1137E,  18, 1003, XX,  34, NEQ, 0000, 0000, 0000, 0000,  -99,  -99, 149,   0,   0,    ,   0,    ,   0,   0,           ,  ,   ,    ,   0,   0,   0,   0,       THERMO PARAMS,      23,     183,    -757, N, 10, DT, -999
WP, 24, 2018082500, 03, HWRF, 051, 233N, 1138E,  17, 1002, XX,  34, NEQ, 0000, 0000, 0000, 0000,  -99,  -99, 140,   0,   0,    ,   0,    ,   0,   0,           ,  ,   ,    ,   0,   0,   0,   0,       THERMO PARAMS,       2,     191,    -785, N, 10, DT, -999
WP, 24, 2018082500, 03, HWRF, 054, 235N, 1139E,  18, 1001, XX,  34, NEQ, 0000, 0000, 0000, 0000,  -99,  -99, 135,   0,   0,    ,   0,    ,   0,   0,           ,  ,   ,    ,   0,   0,   0,   0,       THERMO PARAMS,      13,      43,    -566, N, 10, DT, -999
WP, 24, 2018082500, 03, HWRF, 057, 236N, 1142E,  19, 1001, XX,  34, NEQ, 0000, 0000, 0000, 0000,  -99,  -99, 141,   0,   0,    ,   0,    ,   0,   0,           ,  ,   ,    ,   0,   0,   0,   0,       THERMO PARAMS,     -28,      69,    -677, N, 10, DT, -999
WP, 24, 2018082500, 03, HWRF, 060, 236N, 1140E,  18, 1003, XX,  34, NEQ, 0000, 0000, 0000, 0000,  -99,  -99, 133,   0,   0,    ,   0,    ,   0,   0,           ,  ,   ,    ,   0,   0,   0,   0,       THERMO PARAMS,      33,     -10,    -757, N, 10, DT, -999
WP, 24, 2018082500, 03, HWRF, 063, 231N, 1143E,  19, 1003, XX,  34, NEQ, 0000, 0000, 0000, 0000,  -99,  -99, 119,   0,   0,    ,   0,    ,   0,   0,           ,  ,   ,    ,   0,   0,   0,   0,       THERMO PARAMS,     -38,     -26,    -810, N, 10, DT, -999
WP, 24, 2018082500, 03, HWRF, 066, 231N, 1145E,  21, 1001, XX,  34, NEQ, 0000, 0000, 0000, 0000,  -99,  -99, 126,   0,   0,    ,   0,    ,   0,   0,           ,  ,   ,    ,   0,   0,   0,   0,       THERMO PARAMS,     -15,      88,    -787, N, 10, DT, -999
WP, 24, 2018082500, 03, HWRF, 069, 237N, 1153E,  22, 1002, XX,  34, NEQ, 0000, 0000, 0000, 0000,  -99,  -99, 134,   0,   0,    ,   0,    ,   0,   0,           ,  ,   ,    ,   0,   0,   0,   0,       THERMO PARAMS,      -8,     115,    -612, N, 10, DT, -999
WP, 24, 2018082500, 03, HWRF, 072, 238N, 1159E,  21, 1004, XX,  34, NEQ, 0000, 0000, 0000, 0000,  -99,  -99, 162,   0,   0,    ,   0,    ,   0,   0,           ,  ,   ,    ,   0,   0,   0,   0,       THERMO PARAMS,     -25,     121,    -494, N, 10, DT, -999
WP, 24, 2018082500, 03, HWRF, 075, 240N, 1161E,  21, 1002, XX,  34, NEQ, 0000, 0000, 0000, 0000,  -99,  -99, 161,   0,   0,    ,   0,    ,   0,   0,           ,  ,   ,    ,   0,   0,   0,   0,       THERMO PARAMS,     -11,     114,    -453, N, 10, DT, -999
WP, 24, 2018082500, 03, HWRF, 078, 241N, 1168E,  21, 1000, XX,  34, NEQ, 0000, 0000, 0000, 0000,  -99,  -99, 162,   0,   0,    ,   0,    ,   0,   0,           ,  ,   ,    ,   0,   0,   0,   0,       THERMO PARAMS,     -14,     103,    -411, N, 10, DT, -999
WP, 24, 2018082500, 03, HWRF, 081, 246N, 1174E,  21, 1001, XX,  34, NEQ, 0000, 0000, 0000, 0000,  -99,  -99, 162,   0,   0,    ,   0,    ,   0,   0,           ,  ,   ,    ,   0,   0,   0,   0,       THERMO PARAMS,     -25,       8,    -536, N, 10, DT, -999
WP, 24, 2018082500, 03, HWRF, 084, 249N, 1174E,  21, 1002, XX,  34, NEQ, 0000, 0000, 0000, 0000,  -99,  -99, 162,   0,   0,    ,   0,    ,   0,   0,           ,  ,   ,    ,   0,   0,   0,   0,       THERMO PARAMS,     -12,     176,    -761, Y, 10, DT, -999
WP, 24, 2018082500, 03, HWRF, 087, 249N, 1173E,  22, 1002, XX,  34, NEQ, 0000, 0000, 0000, 0000,  -99,  -99, 162,   0,   0,    ,   0,    ,   0,   0,           ,  ,   ,    ,   0,   0,   0,   0,       THERMO PARAMS,      -3,     159,    -485, N, 10, DT, -999
WP, 24, 2018082500, 03, HWRF, 090, 250N, 1175E,  22, 1000, XX,  34, NEQ, 0000, 0000, 0000, 0000,  -99,  -99, 161,   0,   0,    ,   0,    ,   0,   0,           ,  ,   ,    ,   0,   0,   0,   0,       THERMO PARAMS,     -12,     306,    -506, N, 10, DT, -999
WP, 24, 2018082500, 03, HWRF, 093, 247N, 1180E,  24, 1000, XX,  34, NEQ, 0000, 0000, 0000, 0000,  -99,  -99, 136,   0,   0,    ,   0,    ,   0,   0,           ,  ,   ,    ,   0,   0,   0,   0,       THERMO PARAMS,     -17,     343,    -193, N, 10, DT, -999
WP, 24, 2018082500, 03, HWRF, 096, 252N, 1185E,  24, 1001, XX,  34, NEQ, 0000, 0000, 0000, 0000,  -99,  -99, 121,   0,   0,    ,   0,    ,   0,   0,           ,  ,   ,    ,   0,   0,   0,   0,       THERMO PARAMS,     -16,     409,    -171, N, 10, DT, -999
WP, 24, 2018082500, 03, HWRF, 099, 258N, 1189E,  23, 1000, XX,  34, NEQ, 0000, 0000, 0000, 0000,  -99,  -99, 114,   0,   0,    ,   0,    ,   0,   0,           ,  ,   ,    ,   0,   0,   0,   0,       THERMO PARAMS,     -15,     418,     144, N, 10, DT, -999
WP, 24, 2018082500, 03, HWRF, 102, 262N, 1194E,  23,  999, XX,  34, NEQ, 0000, 0000, 0000, 0000,  -99,  -99, 114,   0,   0,    ,   0,    ,   0,   0,           ,  ,   ,    ,   0,   0,   0,   0,       THERMO PARAMS,     -16,     274,    -432, N, 10, DT, -999
WP, 24, 2018082500, 03, HWRF, 105, 267N, 1197E,  22,  999, XX,  34, NEQ, 0000, 0000, 0000, 0000,  -99,  -99, 134,   0,   0,    ,   0,    ,   0,   0,           ,  ,   ,    ,   0,   0,   0,   0,       THERMO PARAMS,     -12,      61,    -629, N, 10, DT, -999
WP, 24, 2018082500, 03, HWRF, 108, 270N, 1200E,  20, 1001, XX,  34, NEQ, 0000, 0000, 0000, 0000,  -99,  -99, 148,   0,   0,    ,   0,    ,   0,   0,           ,  ,   ,    ,   0,   0,   0,   0,       THERMO PARAMS,      -4,     249,    -309, N, 10, DT, -999
WP, 24, 2018082500, 03, HWRF, 111, 273N, 1201E,  19, 1001, XX,  34, NEQ, 0000, 0000, 0000, 0000,  -99,  -99, 161,   0,   0,    ,   0,    ,   0,   0,           ,  ,   ,    ,   0,   0,   0,   0,       THERMO PARAMS,      -5,     218,    -159, N, 10, DT, -999
WP, 24, 2018082500, 03, HWRF, 114, 274N, 1200E,  18,  999, XX,  34, NEQ, 0000, 0000, 0000, 0000,  -99,  -99, 162,   0,   0,    ,   0,    ,   0,   0,           ,  ,   ,    ,   0,   0,   0,   0,       THERMO PARAMS,      11,     229,    -341, N, 10, DT, -999
WP, 24, 2018082500, 03, HWRF, 117, 269N, 1198E,  20, 1000, XX,  34, NEQ, 0000, 0000, 0000, 0000,  -99,  -99, 142,   0,   0,    ,   0,    ,   0,   0,           ,  ,   ,    ,   0,   0,   0,   0,       THERMO PARAMS,     -13,     229,    -389, N, 10, DT, -999
WP, 24, 2018082500, 03, HWRF, 120, 271N, 1199E,  21, 1002, XX,  34, NEQ, 0000, 0000, 0000, 0000,  -99,  -99, 154,   0,   0,    ,   0,    ,   0,   0,           ,  ,   ,    ,   0,   0,   0,   0,       THERMO PARAMS,      12,     162,    -702, N, 10, DT, -999
WP, 24, 2018082500, 03,  UKM,   0, 251N, 1195E,  27,  995, TD,   0,    ,    0,    0,    0,    0,     ,     , 309,    ,    ,   W,    ,    ,    ,    ,        24W,    0,   ,   0,    ,    0,    0,    0,    0, 
WP, 24, 2018082506, 01, CARQ, -24, 246N, 1206E,  30,  997, XX,  34, NEQ,    0,    0,    0,    0, 1000,  180,  30,   0,   0,   W,   0,   X,  15,   3,  TWENTY-FO, S,   ,    ,    ,    ,    ,    ,      TCGP EXTRA DATA, WP242018, JTWC, NCEP_TCVITALS, 
WP, 24, 2018082506, 01, CARQ, -18, 254N, 1205E,  30,  997, XX,  34, NEQ,    0,    0,    0,    0, 1000,  180,  30,   0,   0,   W,   0,   X,  10,   5,  TWENTY-FO, S,   ,    ,    ,    ,    ,    ,      TCGP EXTRA DATA, WP242018, JTWC, NCEP_TCVITALS, 
WP, 24, 2018082506, 01, CARQ, -12, 250N, 1201E,  30,  987, XX,  34, NEQ,    0,    0,    0,    0, 1000,  180,  40,   0,   0,   W,   0,   X, 355,   2,  TWENTY-FO, M,   ,    ,    ,    ,    ,    ,      TCGP EXTRA DATA, WP242018, JTWC, NCEP_TCVITALS, 
WP, 24, 2018082506, 01, CARQ,  -6, 249N, 1194E,  25,  995, XX,  34, NEQ,    0,    0,    0,    0, 1000,  100,  40,   0,   0,   W,   0,   X, 285,   4,  TWENTY-FO, M,   ,    ,    ,    ,    ,    ,      TCGP EXTRA DATA, WP242018, JTWC, NCEP_TCVITALS, 
WP, 24, 2018082506, 01, CARQ,   0, 247N, 1177E,  25,  997, XX,  34, NEQ,    0,    0,    0,    0, 1000,  225,  30,   0,   0,   W,   0,   X, 265,   9,  TWENTY-FO, M,   ,    ,    ,    ,    ,    ,      TCGP EXTRA DATA, WP242018, JTWC, NCEP_TCVITALS, 
WP, 24, 2018082506, 01, CARQ,   0, 247N, 1177E,  25,  997, XX,  50, NEQ,    0,    0,    0,    0, 1000,  225,  30,   0,   0,   W,   0,   X, 265,   9,  TWENTY-FO, M,   ,    ,    ,    ,    ,    ,      TCGP EXTRA DATA, WP242018, JTWC, NCEP_TCVITALS, 
WP, 24, 2018082506, 01, CARQ,   0, 247N, 1177E,  25,  997, XX,  64, NEQ,    0,    0,    0,    0, 1000,  225,  30,   0,   0,   W,   0,   X, 265,   9,  TWENTY-FO, M,   ,    ,    ,    ,    ,    ,      TCGP EXTRA DATA, WP242018, JTWC, NCEP_TCVITALS, 
WP, 24, 2018082506, 03, CTCX, 000, 248N, 1177E,  25,  992, XX,  34, NEQ, 0000, 0000, 0000, 0000,    0,    0, 025
WP, 24, 2018082506, 03, CTCX, 006, 243N, 1168E,  13,  998, XX,  34, NEQ, 0000, 0000, 0000, 0000,    0,    0, 087
WP, 24, 2018082506, 03, CTCX, 012, 242N, 1157E,  18,  998, XX,  34, NEQ, 0000, 0000, 0000, 0000,    0,    0, 101
WP, 24, 2018082506, 03, CTCX, 018, 243N, 1154E,  15,  999, XX,  34, NEQ, 0000, 0146, 0000, 0000,    0,    0, 106
WP, 24, 2018082506, 03, CTCX, 024, 240N, 1147E,  15,  998, XX,  34, NEQ, 0000, 0000, 0000, 0000,    0,    0, 107
WP, 24, 2018082506, 03, CTCX, 030, 235N, 1137E,  27,  997, XX,  34, NEQ, 0000, 0000, 0000, 0000,    0,    0, 080
WP, 24, 2018082506, 03, CTCX, 036, 233N, 1126E,  12,  999, XX,  34, NEQ, 0000, 0000, 0000, 0000,    0,    0, 094
WP, 24, 2018082506, 03, CTCX, 042, 230N, 1126E,  20, 1000, XX,  34, NEQ, 0000, 0000, 0000, 0000,    0,    0, 106
WP, 24, 2018082506, 03, CTCX, 048, 229N, 1121E,  25,  999, XX,  34, NEQ, 0000, 0000, 0000, 0000,    0,    0, 100
WP, 24, 2018082506, 03, CTCX, 054, 231N, 1116E,  23,  998, XX,  34, NEQ, 0000, 0000, 0000, 0000,    0,    0, 098
WP, 24, 2018082506, 03, CTCX, 060, 230N, 1112E,  23, 1000, XX,  34, NEQ, 0000, 0000, 0000, 0000,    0,    0, 103
WP, 24, 2018082506, 03, CTCX, 066, 228N, 1109E,  21, 1000, XX,  34, NEQ, 0000, 0000, 0000, 0000,    0,    0, 098
WP, 24, 2018082506, 03, CTCX, 072, 226N, 1104E,  25,  999, XX,  34, NEQ, 0000, 0000, 0000, 0000,    0,    0, 093
WP, 24, 2018082506, 03, CTCX, 078, 227N, 1098E,  18,  997, XX,  34, NEQ, 0000, 0000, 0000, 0000,    0,    0, 107
WP, 24, 2018082506, 03, CTCX, 084, 226N, 1096E,  23,  999, XX,  34, NEQ, 0000, 0000, 0000, 0000,    0,    0, 073
WP, 24, 2018082506, 03, CTCX, 090, 227N, 1093E,  23,  997, XX,  34, NEQ, 0000, 0000, 0000, 0000,    0,    0, 101
WP, 24, 2018082506, 03, CTCX, 096, 223N, 1087E,  22,  996, XX,  34, NEQ, 0000, 0000, 0000, 0000,    0,    0, 094
WP, 24, 2018082506, 03, CTCX, 102, 223N, 1081E,  22,  995, XX,  34, NEQ, 0000, 0000, 0000, 0000,    0,    0, 102
WP, 24, 2018082506, 03, CTCX, 108, 223N, 1075E,  35,  996, XX,  34, NEQ, 0000, 0000, 0100, 0000,    0,    0, 100
WP, 24, 2018082506, 03, CTCX, 114, 218N, 1067E,  20,  996, XX,  34, NEQ, 0000, 0000, 0000, 0000,    0,    0, 082
WP, 24, 2018082506, 03, CTCX, 120, 216N, 1055E,  19,  996, XX,  34, NEQ, 0000, 0000, 0000, 0000,    0,    0, 107
WP, 24, 2018082506, 03, CTCX, 126, 212N, 1046E,  18,  996, XX,  34, NEQ, 0000, 0000, 0000, 0000,    0,    0, 013
WP, 24, 2018082506, 03, HWRF, 000, 249N, 1179E,  25,  999, XX,  34, NEQ, 0000, 0000, 0000, 0000,  -99,  -99, 133,   0,   0,    ,   0,    ,   0,   0,           ,  ,   ,    ,   0,   0,   0,   0,       THERMO PARAMS,   -9999,   -9999,   -9999, N, 10, DT, -999
WP, 24, 2018082506, 03, HWRF, 003, 245N, 1174E,  22,  998, XX,  34, NEQ, 0000, 0000, 0000, 0000,  -99,  -99, 161,   0,   0,    ,   0,    ,   0,   0,           ,  ,   ,    ,   0,   0,   0,   0,       THERMO PARAMS,      -5,     176,    -497, N, 10, DT, -999
WP, 24, 2018082506, 03, HWRF, 006, 239N, 1169E,  22, 1000, XX,  34, NEQ, 0000, 0000, 0000, 0000,  -99,  -99, 141,   0,   0,    ,   0,    ,   0,   0,           ,  ,   ,    ,   0,   0,   0,   0,       THERMO PARAMS,       9,     154,    -258, N, 10, DT, -999
WP, 24, 2018082506, 03, HWRF, 009, 237N, 1164E,  19, 1001, XX,  34, NEQ, 0000, 0000, 0000, 0000,  -99,  -99, 160,   0,   0,    ,   0,    ,   0,   0,           ,  ,   ,    ,   0,   0,   0,   0,       THERMO PARAMS,      33,      79,    -212, N, 10, DT, -999
WP, 24, 2018082506, 03, HWRF, 012, 235N, 1163E,  22,  999, XX,  34, NEQ, 0000, 0000, 0000, 0000,  -99,  -99, 156,   0,   0,    ,   0,    ,   0,   0,           ,  ,   ,    ,   0,   0,   0,   0,       THERMO PARAMS,      -6,     -11,    -449, N, 10, DT, -999
WP, 24, 2018082506, 03, HWRF, 015, 233N, 1168E,  21,  999, XX,  34, NEQ, 0000, 0000, 0000, 0000,  -99,  -99,  80,   0,   0,    ,   0,    ,   0,   0,           ,  ,   ,    ,   0,   0,   0,   0,       THERMO PARAMS,     -84,      52,    -881, N, 10, DT, -999
WP, 24, 2018082506, 03, HWRF, 018, 231N, 1170E,  27, 1000, XX,  34, NEQ, 0000, 0000, 0000, 0000,  -99,  -99,  72,   0,   0,    ,   0,    ,   0,   0,           ,  ,   ,    ,   0,   0,   0,   0,       THERMO PARAMS,     -72,     -17,    -595, N, 10, DT, -999
WP, 24, 2018082506, 03, HWRF, 021, 231N, 1175E,  27, 1000, XX,  34, NEQ, 0000, 0000, 0000, 0000,  -99,  -99,  84,   0,   0,    ,   0,    ,   0,   0,           ,  ,   ,    ,   0,   0,   0,   0,       THERMO PARAMS,     -69,     136,    -569, N, 10, DT, -999
WP, 24, 2018082506, 03, HWRF, 024, 231N, 1177E,  24,  998, XX,  34, NEQ, 0000, 0219, 0000, 0000,  -99,  -99, 115,   0,   0,    ,   0,    ,   0,   0,           ,  ,   ,    ,   0,   0,   0,   0,       THERMO PARAMS,     -71,     -63,    -691, N, 10, DT, -999
WP, 24, 2018082506, 03, HWRF, 027, 232N, 1182E,  27,  999, XX,  34, NEQ, 0000, 0247, 0000, 0000,  -99,  -99, 133,   0,   0,    ,   0,    ,   0,   0,           ,  ,   ,    ,   0,   0,   0,   0,       THERMO PARAMS,     -85,     257,    -838, N, 10, DT, -999
WP, 24, 2018082506, 03, HWRF, 030, 232N, 1183E,  27, 1000, XX,  34, NEQ, 0000, 0257, 0000, 0000,  -99,  -99, 162,   0,   0,    ,   0,    ,   0,   0,           ,  ,   ,    ,   0,   0,   0,   0,       THERMO PARAMS,     -82,     351,    -657, N, 10, DT, -999
WP, 24, 2018082506, 03, HWRF, 033, 234N, 1184E,  33, 1000, XX,  34, NEQ, 0000, 0329, 0000, 0000,  -99,  -99, 162,   0,   0,    ,   0,    ,   0,   0,           ,  ,   ,    ,   0,   0,   0,   0,       THERMO PARAMS,     -52,     281,    -635, N, 10, DT, -999
WP, 24, 2018082506, 03, HWRF, 036, 236N, 1188E,  31,  998, XX,  34, NEQ, 0388, 0318, 0000, 0000,  -99,  -99,   8,   0,   0,    ,   0,    ,   0,   0,           ,  ,   ,    ,   0,   0,   0,   0,       THERMO PARAMS,     -78,     532,    -652, Y, 10, DT, -999
WP, 24, 2018082506, 03, HWRF, 039, 238N, 1190E,  30,  996, XX,  34, NEQ, 0359, 0234, 0000, 0000,  -99,  -99, 162,   0,   0,    ,   0,    ,   0,   0,           ,  ,   ,    ,   0,   0,   0,   0,       THERMO PARAMS,     -52,     789,    -346, N, 10, DT, -999
WP, 24, 2018082506, 03, HWRF, 042, 238N, 1190E,  34,  998, XX,  34, NEQ, 0358, 0000, 0000, 0000,  -99,  -99,  33,   0,   0,    ,   0,    ,   0,   0,           ,  ,   ,    ,   0,   0,   0,   0,       THERMO PARAMS,     -72,     771,    -611, N, 10, DT, -999
WP, 24, 2018082506, 03, HWRF, 045, 239N, 1192E,  37,  998, XX,  34, NEQ, 0000, 0160, 0000, 0000,  -99,  -99,  80,   0,   0,    ,   0,    ,   0,   0,           ,  ,   ,    ,   0,   0,   0,   0,       THERMO PARAMS,     -91,     680,    -172, Y, 10, DT, -999
WP, 24, 2018082506, 03, HWRF, 048, 243N, 1197E,  38,  997, XX,  34, NEQ, 0328, 0191, 0000, 0000,  -99,  -99,  27,   0,   0,    ,   0,    ,   0,   0,           ,  ,   ,    ,   0,   0,   0,   0,       THERMO PARAMS,     -78,     701,    -312, N, 10, DT, -999
WP, 24, 2018082506, 03, HWRF, 051, 247N, 1201E,  36,  996, XX,  34, NEQ, 0253, 0294, 0000, 0000,  -99,  -99, 128,   0,   0,    ,   0,    ,   0,   0,           ,  ,   ,    ,   0,   0,   0,   0,       THERMO PARAMS,     -89,     373,    -617, N, 10, DT, -999
WP, 24, 2018082506, 03, HWRF, 054, 252N, 1203E,  38,  997, XX,  34, NEQ, 0276, 0277, 0151, 0000,  -99,  -99, 159,   0,   0,    ,   0,    ,   0,   0,           ,  ,   ,    ,   0,   0,   0,   0,       THERMO PARAMS,     -67,     407,    -463, N, 10, DT, -999
WP, 24, 2018082506, 03, HWRF, 057, 256N, 1204E,  38,  995, XX,  34, NEQ, 0230, 0247, 0000, 0000,  -99,  -99, 150,   0,   0,    ,   0,    ,   0,   0,           ,  ,   ,    ,   0,   0,   0,   0,       THERMO PARAMS,     -76,     969,    -882, N, 10, DT, -999
WP, 24, 2018082506, 03, HWRF, 060, 261N, 1208E,  45,  994, XX,  34, NEQ, 0275, 0232, 0025, 0000,  998,   68, 157,   0,   0,    ,   0,    ,   0,   0,           ,  ,   ,    ,   0,   0,   0,   0,       THERMO PARAMS,     -90,     651,    -791, N, 10, DT, -999
WP, 24, 2018082506, 03, HWRF, 063, 265N, 1209E,  51,  995, XX,  34, NEQ, 0247, 0254, 0274, 0000,  -99,  -99, 148,   0,   0,    ,   0,    ,   0,   0,           ,  ,   ,    ,   0,   0,   0,   0,       THERMO PARAMS,     -88,     891,    -461, N, 10, DT, -999
WP, 24, 2018082506, 03, HWRF, 063, 265N, 1209E,  51,  995, XX,  50, NEQ, 0150, 0000, 0000, 0000,  -99,  -99, 148,   0,   0,    ,   0,    ,   0,   0,           ,  ,   ,    ,   0,   0,   0,   0,       THERMO PARAMS,     -88,     891,    -461, N, 10, DT, -999
WP, 24, 2018082506, 03, HWRF, 066, 270N, 1211E,  45,  996, XX,  34, NEQ, 0183, 0283, 0000, 0000, 1000,   34, 158,   0,   0,    ,   0,    ,   0,   0,           ,  ,   ,    ,   0,   0,   0,   0,       THERMO PARAMS,    -104,     979,    -602, N, 10, DT, -999
WP, 24, 2018082506, 03, HWRF, 069, 276N, 1211E,  42,  995, XX,  34, NEQ, 0191, 0300, 0000, 0000,  -99,  -99,  16,   0,   0,    ,   0,    ,   0,   0,           ,  ,   ,    ,   0,   0,   0,   0,       THERMO PARAMS,     -86,     899,    -432, N, 10, DT, -999
WP, 24, 2018082506, 03, HWRF, 072, 285N, 1210E,  37,  994, XX,  34, NEQ, 0105, 0265, 0000, 0000,  -99,  -99, 119,   0,   0,    ,   0,    ,   0,   0,           ,  ,   ,    ,   0,   0,   0,   0,       THERMO PARAMS,     -93,     950,    -583, N, 10, DT, -999
WP, 24, 2018082506, 03, HWRF, 075, 293N, 1204E,  39,  998, XX,  34, NEQ, 0161, 0273, 0000, 0000,  -99,  -99, 161,   0,   0,    ,   0,    ,   0,   0,           ,  ,   ,    ,   0,   0,   0,   0,       THERMO PARAMS,     -41,     626,    -175, N, 10, DT, -999
WP, 24, 2018082506, 03, HWRF, 078, 300N, 1196E,  36,  998, XX,  34, NEQ, 0158, 0233, 0000, 0000, 1002,  204, 154,   0,   0,    ,   0,    ,   0,   0,           ,  ,   ,    ,   0,   0,   0,   0,       THERMO PARAMS,     -27,     416,      51, N, 10, DT, -999
WP, 24, 2018082506, 03, HWRF, 081, 301N, 1184E,  31,  999, XX,  34, NEQ, 0000, 0287, 0000, 0000,  -99,  -99, 161,   0,   0,    ,   0,    ,   0,   0,           ,  ,   ,    ,   0,   0,   0,   0,       THERMO PARAMS,      18,     409,    -388, N, 10, DT, -999
WP, 24, 2018082506, 03, HWRF, 084, 298N, 1172E,  26,  997, XX,  34, NEQ, 0000, 0000, 0000, 0000,  -99,  -99, 139,   0,   0,    ,   0,    ,   0,   0,           ,  ,   ,    ,   0,   0,   0,   0,       THERMO PARAMS,      10,     446,    -550, N, 10, DT, -999
WP, 24, 2018082506, 03, HWRF, 087, 286N, 1164E,  26,  997, XX,  34, NEQ, 0000, 0000, 0000, 0000,  -99,  -99, 140,   0,   0,    ,   0,    ,   0,   0,           ,  ,   ,    ,   0,   0,   0,   0,       THERMO PARAMS,       6,     524,    -432, N, 10, DT, -999
WP, 24, 2018082506, 03, HWRF, 090, 280N, 1160E,  24,  999, XX,  34, NEQ, 0000, 0000, 0000, 0000,  -99,  -99, 128,   0,   0,    ,   0,    ,   0,   0,           ,  ,   ,    ,   0,   0,   0,   0,       THERMO PARAMS,     -10,     560,    -384, N, 10, DT, -999
WP, 24, 2018082506, 03, HWRF, 093, 281N, 1157E,  24,  998, XX,  34, NEQ, 0000, 0000, 0000, 0000,  -99,  -99, 160,   0,   0,    ,   0,    ,   0,   0,           ,  ,   ,    ,   0,   0,   0,   0,       THERMO PARAMS,      51,     736,    -394, N, 10, DT, -999
WP, 24, 2018082506, 03, HWRF, 096, 278N, 1154E,  26,  997, XX,  34, NEQ, 0000, 0000, 0000, 0000,  -99,  -99, 162,   0,   0,    ,   0,    ,   0,   0,           ,  ,   ,    ,   0,   0,   0,   0,       THERMO PARAMS,      -8,     631,    -574, N, 10, DT, -999
WP, 24, 2018082506, 03, HWRF, 099, 273N, 1153E,  22,  997, XX,  34, NEQ, 0000, 0000, 0000, 0000,  -99,  -99, 107,   0,   0,    ,   0,    ,   0,   0,           ,  ,   ,    ,   0,   0,   0,   0,       THERMO PARAMS,      -7,     677,    -353, N, 10, DT, -999
WP, 24, 2018082506, 03, HWRF, 102, 270N, 1151E,  22,  999, XX,  34, NEQ, 0000, 0000, 0000, 0000,  -99,  -99, 131,   0,   0,    ,   0,    ,   0,   0,           ,  ,   ,    ,   0,   0,   0,   0,       THERMO PARAMS,       1,     551,    -585, N, 10, DT, -999
WP, 24, 2018082506, 03, HWRF, 105, 271N, 1155E,  22,  999, XX,  34, NEQ, 0000, 0000, 0000, 0000,  -99,  -99, 148,   0,   0,    ,   0,    ,   0,   0,           ,  ,   ,    ,   0,   0,   0,   0,       THERMO PARAMS,     -21,     553,    -572, Y, 10, DT, -999
WP, 24, 2018082506, 03, HWRF, 108, 272N, 1153E,  20,  997, XX,  34, NEQ, 0000, 0000, 0000, 0000,  -99,  -99, 142,   0,   0,    ,   0,    ,   0,   0,           ,  ,   ,    ,   0,   0,   0,   0,       THERMO PARAMS,      21,     742,    -438, N, 10, DT, -999
WP, 24, 2018082506, 03, HWRF, 111, 270N, 1154E,  21,  998, XX,  34, NEQ, 0000, 0000, 0000, 0000,  -99,  -99, 145,   0,   0,    ,   0,    ,   0,   0,           ,  ,   ,    ,   0,   0,   0,   0,       THERMO PARAMS,     -14,     709,    -247, N, 10, DT, -999
WP, 24, 2018082506, 03, HWRF, 114, 269N, 1154E,  22, 1000, XX,  34, NEQ, 0000, 0000, 0000, 0000,  -99,  -99, 150,   0,   0,    ,   0,    ,   0,   0,           ,  ,   ,    ,   0,   0,   0,   0,       THERMO PARAMS,     -15,     631,    -143, N, 10, DT, -999
WP, 24, 2018082506, 03, HWRF, 117, 270N, 1153E,  21,  999, XX,  34, NEQ, 0000, 0000, 0000, 0000,  -99,  -99, 161,   0,   0,    ,   0,    ,   0,   0,           ,  ,   ,    ,   0,   0,   0,   0,       THERMO PARAMS,      14,     645,    -368, N, 10, DT, -999
WP, 24, 2018082506, 03, HWRF, 120, 271N, 1152E,  20,  998, XX,  34, NEQ, 0000, 0000, 0000, 0000,  -99,  -99, 133,   0,   0,    ,   0,    ,   0,   0,           ,  ,   ,    ,   0,   0,   0,   0,       THERMO PARAMS,      21,     578,    -296, N, 10, DT, -999
WP, 24, 2018082506, 03, HWRF, 123, 270N, 1151E,  21,  999, XX,  34, NEQ, 0000, 0000, 0000, 0000,  -99,  -99, 131,   0,   0,    ,   0,    ,   0,   0,           ,  ,   ,    ,   0,   0,   0,   0,       THERMO PARAMS,     -34,     476,    -285, N, 10, DT, -999
WP, 24, 2018082506, 03, HWRF, 126, 267N, 1148E,  21, 1002, XX,  34, NEQ, 0000, 0000, 0000, 0000,  -99,  -99, 120,   0,   0,    ,   0,    ,   0,   0,           ,  ,   ,    ,   0,   0,   0,   0,       THERMO PARAMS,     -31,     463,    -390, N, 10, DT, -999
WP, 24, 2018082512, 03,  UKM,   0, 228N, 1156E,  23,  998, TD,   0,    ,    0,    0,    0,    0,     ,     , 200,    ,    ,   W,    ,    ,    ,    ,        24W,    0,   ,   0,    ,    0,    0,    0,    0, 
