NHC  90C INVEST    20160106 0000 020N 1717W 110 015 1006 1008 0334 13 111 -999 -999 -999 -999 S -999 -999 -999 -999 -9 -99N -999W -999 -999 -999 -999 
NHC  90C INVEST    20160106 0600 024N 1719W 075 015 1003 1008 0556 13 167 -999 -999 -999 -999 M -999 -999 -999 -999 -9 -99N -999W -999 -999 -999 -999 
NHC  90C INVEST    20160106 1200 032N 1726W 020 015 1004 1008 0445 13 167 -999 -999 -999 -999 M -999 -999 -999 -999 -9 -99N -999W -999 -999 -999 -999 
NHC  90C INVEST    20160106 1800 033N 1714W 065 026 1004 1008 0445 13 167 -999 -999 -999 -999 M -999 -999 -999 -999 -9 -99N -999W -999 -999 -999 -999 
NHC  90C INVEST    20160107 0000 032N 1710W 080 026 1005 1008 0445 13 167 -999 -999 -999 -999 M -999 -999 -999 -999 -9 -99N -999W -999 -999 -999 -999 
NHC  90C INVEST    20160107 0600 035N 1713W 050 015 1004 1008 0426 15 167 -999 -999 -999 -999 M -999 -999 -999 -999 -9 -99N -999W -999 -999 -999 -999 
NHC  90C INVEST    20160107 1200 037N 1713W 025 015 1004 1009 0500 15 167 -999 -999 -999 -999 D -999 -999 -999 -999 -9 -99N -999W -999 -999 -999 -999 
NHC  01C ONE       20160107 1200 037N 1713W 025 015 1004 1009 0500 15 167 -999 -999 -999 -999 D -999 -999 -999 -999 -9 -99N -999W -999 -999 -999 -999 
NHC  01C PALI      20160107 1800 044N 1711W 005 026 1000 1008 0463 23 139 0167 0111 0167 0148 D -999 -999 -999 -999 72  75N 1735W -999 -999 -999 -999 
NHC  01C ONE       20160107 1800 044N 1714W 360 021 1004 1009 0500 15 167 -999 -999 -999 -999 D -999 -999 -999 -999 72  75N 1735W -999 -999 -999 -999 
NHC  01C PALI      20160108 0000 049N 1712W 005 026 0997 1008 0556 23 139 0167 0111 0167 0148 D -999 -999 -999 -999 72  72N 1734W -999 -999 -999 -999 
NHC  01C PALI      20160108 0600 056N 1716W 330 036 0997 1008 0556 23 139 0167 0222 0167 0185 D -999 -999 -999 -999 72  82N 1745W -999 -999 -999 -999 
NHC  01C PALI      20160108 1200 070N 1719W 340 046 0994 1010 0510 28 056 0167 0222 0148 0148 D 0074 0074 -999 -999 72  83N 1750W -999 -999 -999 -999 
NHC  01C PALI      20160108 1200 069N 1718W 340 046 0994 1010 0510 28 056 0167 0222 0148 0148 D 0074 0074 -999 -999 72  83N 1750W -999 -999 -999 -999 
NHC  01C PALI      20160108 1800 070N 1727W 320 046 0994 1010 0510 28 056 0167 0222 0148 0148 D 0074 0074 -999 -999 72  88N 1747W -999 -999 -999 -999 
NHC  01C PALI      20160109 0000 075N 1728W 320 036 0996 1010 0510 28 056 0167 0222 0259 0167 D 0056 0111 0111 0056 72  79N 1753W -999 -999 -999 -999 
NHC  01C PALI      20160109 0000 075N 1728W 320 036 0996 1010 0510 28 056 0167 0222 0148 0148 D 0074 0074 0056 0056 72  79N 1753W -999 -999 -999 -999 
NHC  01C PALI      20160109 0600 079N 1732W 310 026 0997 1009 0463 26 056 0185 0241 0222 0148 D 0019 0111 0111 -999 72  77N 1754W -999 -999 -999 -999 
NHC  01C PALI      20160109 0600 078N 1732W 310 026 0997 1009 0463 26 056 0185 0241 0222 0148 D 0019 0111 0111 -999 72  77N 1754W -999 -999 -999 -999 
NHC  01C PALI      20160109 1200 080N 1737W 295 026 0998 1009 0463 23 056 0167 0222 0222 0148 D -999 -999 -999 -999 72  75N 1751W -999 -999 -999 -999 
NHC  01C PALI      20160109 1200 080N 1736W 300 026 0998 1009 0463 23 056 0167 0222 0222 0148 D -999 -999 -999 -999 72  75N 1751W -999 -999 -999 -999 
NHC  01C PALI      20160109 1800 077N 1741W 275 021 0999 1009 0463 21 056 0185 0222 0222 0167 D -999 -999 -999 -999 72  75N 1752W -999 -999 -999 -999 
NHC  01C PALI      20160110 0000 077N 1744W 270 021 1000 1009 0463 18 056 0185 0222 0222 0167 D -999 -999 -999 -999 72  67N 1756W -999 -999 -999 -999 
NHC  01C PALI      20160110 0600 077N 1745W 270 010 1000 1009 0463 18 056 0185 0222 0222 0167 D -999 -999 -999 -999 72  63N 1759W -999 -999 -999 -999 
NHC  01C PALI      20160110 1200 076N 1743W 135 005 1000 1009 0463 18 074 0185 0222 0222 0167 D -999 -999 -999 -999 72  52N 1743W -999 -999 -999 -999 
NHC  01C PALI      20160110 1800 078N 1740W 075 005 0996 1009 0426 23 074 0185 0222 0222 0167 D -999 -999 -999 -999 72  44N 1742W -999 -999 -999 -999 
NHC  01C PALI      20160111 0000 077N 1743W 090 000 0995 1008 0408 23 074 0185 0222 0222 0167 D -999 -999 -999 -999 72  45N 1725W -999 -999 -999 -999 
NHC  01C PALI      20160111 0000 074N 1740W 125 010 0993 1008 0408 26 056 0185 0222 0222 0167 D 0056 0056 0056 0056 72  45N 1725W -999 -999 -999 -999 
NHC  01C PALI      20160111 0600 079N 1735W 080 015 0990 1007 0315 28 046 0185 0222 0222 0167 D 0056 0056 0056 0056 72  45N 1725W -999 -999 -999 -999 
NHC  01C PALI      20160111 1200 082N 1731W 060 021 0993 1008 0324 26 046 0204 0222 0204 0167 D 0056 0056 0056 0046 72  44N 1724W -999 -999 -999 -999 
NHC  01C PALI      20160111 1800 083N 1726W 090 010 0990 1008 0324 28 037 0204 0222 0204 0185 D 0056 0056 0056 0056 72  40N 1730W -999 -999 -999 -999 
NHC  01C PALI      20160112 0000 083N 1720W 076 021 0982 1008 0324 39 019 0204 0167 0074 0185 D 0074 0056 0037 0056 72  34N 1742W 0019 0019 -999 -999 
NHC  01C PALI      20160112 0600 078N 1717W 115 021 0982 1008 0324 39 046 0167 0130 0074 0167 D 0074 0056 0046 0074 72  32N 1741W 0046 -999 -999 0046 
NHC  90L INVEST    20160112 1200 248N 0379W 140 113 0990 1012 0741 23 093 0741 0445 0445 0741 M -999 -999 -999 -999 -9 -99N -999W -999 -999 -999 -999 
NHC  01C PALI      20160112 1200 071N 1715W 160 031 0979 1009 0324 41 037 0167 0111 0074 0167 D 0074 0056 0046 0074 72  28N 1748W 0037 -999 -999 0037 
NHC  90L INVEST    20160112 1800 250N 0357W 090 103 0988 1010 0927 26 093 0185 0185 0185 0185 M -999 0111 -999 -999 -9 -99N -999W -999 -999 -999 -999 
NHC  01C PALI      20160112 1800 065N 1712W 155 036 0977 1009 0324 44 037 0167 0111 0111 0167 D 0074 0056 0056 0074 72  25N 1759W 0037 -999 -999 0037 
NHC  90L INVEST    20160113 0000 255N 0347W 075 077 0988 1010 0927 26 093 0185 0185 0185 0185 M -999 0111 -999 -999 -9 -99N -999W -999 -999 -999 -999 
NHC  01C PALI      20160113 0000 057N 1710W 160 036 0977 1009 0324 44 037 0167 0111 0111 0167 D 0074 0056 0056 0074 72  30N 1767W 0037 -999 -999 0037 
NHC  90L INVEST    20160113 0600 256N 0337W 075 067 0991 1012 0890 23 093 0111 0222 0222 0111 M -999 -999 -999 -999 -9 -99N -999W -999 -999 -999 -999 
NHC  01C PALI      20160113 0600 051N 1711W 190 031 0979 1008 0334 41 019 0167 0130 0130 0167 D 0093 0074 0074 0093 72  28N 1775W 0037 0037 0037 0037 
NHC  90L INVEST    20160113 1200 260N 0325W 070 051 0989 1012 0927 23 093 0111 0222 0222 0111 M -999 -999 -999 -999 -9 -99N -999W -999 -999 -999 -999 
NHC  01C PALI      20160113 1200 044N 1716W 200 041 0984 1009 0278 36 019 0167 0130 0130 0167 D 0093 0074 0074 0093 72  26N 1776W 0019 0019 0019 0019 
NHC  90L INVEST    20160113 1800 267N 0314W 060 062 0990 1012 0927 23 074 0111 0222 0222 -999 M -999 -999 -999 -999 -9 -99N -999W -999 -999 -999 -999 
NHC  01C PALI      20160113 1800 036N 1716W 195 036 0985 1009 0278 36 019 0167 0130 0130 0167 D 0093 0074 0074 0093 72  24N 1787W 0019 0019 0019 0019 
NHC  01L ALEX      20160114 0000 279N 0304W 045 067 0988 1012 0927 26 056 0111 0222 0222 -999 M -999 0056 -999 -999 72 560N  340W -999 -999 -999 -999 
NHC  01C PALI      20160114 0000 029N 1719W 200 041 0993 1009 0278 28 019 0167 0130 0130 0167 D 0074 0037 0037 0074 72  20N 1788W -999 -999 -999 -999 
NHC  01L ALEX      20160114 0600 293N 0296W 030 082 0986 1012 0927 28 037 0222 0241 0185 0056 D 0056 0056 -999 -999 72 580N  370W -999 -999 -999 -999 
NHC  01C PALI      20160114 0600 024N 1722W 205 031 1000 1007 0278 21 037 0111 0074 0074 0111 M -999 -999 -999 -999 72  17N 1795E -999 -999 -999 -999 
NHC  01L ALEX      20160114 1200 308N 0287W 030 088 0981 1012 0556 39 028 0222 0241 0185 0056 D 0056 0056 -999 -999 72 600N  400W 0037 0037 -999 -999 
NHC  01C PALI      20160114 1200 026N 1727W 230 026 1003 1008 0334 15 111 -999 -999 -999 -999 M -999 -999 -999 -999 72  15N 1795W -999 -999 -999 -999 
NHC  01L ALEX      20160114 1800 326N 0280W 015 098 0981 1012 0556 39 028 0278 0278 0185 0185 D 0074 0111 0056 0074 48 530N  315W 0037 0037 -999 -999 
NHC  01C PALI      20160114 1800 021N 1728W 220 026 1003 1008 0334 15 111 -999 -999 -999 -999 M -999 -999 -999 -999 12  22N 1739W -999 -999 -999 -999 
NHC  01L ALEX      20160115 0000 338N 0278W 010 082 0982 1012 0556 39 028 0278 0278 0185 0185 D 0074 0111 0056 0074 48 565N  340W 0037 0037 -999 -999 
NHC  01C PALI      20160115 0000 017N 1732W 220 026 1005 1008 0334 13 111 -999 -999 -999 -999 S -999 -999 -999 -999 12  18N 1734W -999 -999 -999 -999 
NHC  01L ALEX      20160115 0600 358N 0271W 010 098 0984 1012 0556 36 028 0334 0278 0185 0185 D 0093 0093 0056 0074 48 590N  370W 0037 0037 -999 -999 
NHC  01C PALI      20160115 0600 012N 1733W 210 026 1005 1007 0334 10 111 -999 -999 -999 -999 S -999 -999 -999 -999 -9 -99N -999W -999 -999 -999 -999 
NHC  01L ALEX      20160115 1200 384N 0269W 010 113 0991 1010 0556 28 028 0334 0278 0185 0185 D 0093 0093 0056 0074 48 565N  470W -999 -999 -999 -999 
NHC  01L ALEX      20160115 1200 384N 0269W 010 113 0988 1010 0556 33 028 0334 0278 0185 0185 D 0093 0093 0056 0074 48 565N  470W 0037 0037 -999 -999 
NHC  01C PALI      20160115 1200 010N 1737W 220 026 1005 1007 0334 10 111 -999 -999 -999 -999 S -999 -999 -999 -999 -9 -99N -999W -999 -999 -999 -999 
NHC  01L ALEX      20160115 1800 415N 0277W 360 180 0986 1002 0371 31 167 0741 0556 0334 0278 D 0278 0278 0056 0074 36 570N  400W -999 -999 -999 -999 
NHC  90E INVEST    20160515 1800 098N 1157W 285 021 1010 1012 0278 10 111 -999 -999 -999 -999 S -999 -999 -999 -999 -9 -99N -999W -999 -999 -999 -999 
NHC  90E INVEST    20160516 0000 100N 1161W 285 021 1009 1012 0278 13 111 -999 -999 -999 -999 M -999 -999 -999 -999 -9 -99N -999W -999 -999 -999 -999 
NHC  90E INVEST    20160516 0600 101N 1165W 285 021 1009 1012 0278 13 111 -999 -999 -999 -999 M -999 -999 -999 -999 -9 -99N -999W -999 -999 -999 -999 
NHC  90E INVEST    20160516 1200 107N 1169W 305 026 1009 1012 0278 13 111 -999 -999 -999 -999 M -999 -999 -999 -999 -9 -99N -999W -999 -999 -999 -999 
NHC  91L INVEST    20160525 1200 250N 0680W 025 015 1018 1019 0195 10 185 -999 -999 -999 -999 S -999 -999 -999 -999 -9 -99N -999W -999 -999 -999 -999 
NHC  91L INVEST    20160525 1800 260N 0678W 010 036 1017 1019 0222 13 204 -999 -999 -999 -999 S -999 -999 -999 -999 -9 -99N -999W -999 -999 -999 -999 
NHC  91L INVEST    20160526 0000 266N 0677W 010 036 1015 1017 0259 13 185 -999 -999 -999 -999 S -999 -999 -999 -999 -9 -99N -999W -999 -999 -999 -999 
NHC  91L INVEST    20160526 1200 266N 0695W 290 026 1014 1017 0259 13 185 -999 -999 -999 -999 M -999 -999 -999 -999 -9 -99N -999W -999 -999 -999 -999 
NHC  91L INVEST    20160526 1800 271N 0701W 300 041 1013 1017 0259 13 185 -999 -999 -999 -999 M -999 -999 -999 -999 -9 -99N -999W -999 -999 -999 -999 
NHC  91L INVEST    20160527 0000 274N 0709W 295 041 1013 1017 0259 15 185 -999 -999 -999 -999 M -999 -999 -999 -999 -9 -99N -999W -999 -999 -999 -999 
NHC  91L INVEST    20160527 0000 274N 0709W 295 041 1013 1017 0259 13 185 -999 -999 -999 -999 M -999 -999 -999 -999 -9 -99N -999W -999 -999 -999 -999 
NHC  91L INVEST    20160527 0600 270N 0720W 280 041 1010 1014 0185 15 130 -999 -999 -999 -999 M -999 -999 -999 -999 -9 -99N -999W -999 -999 -999 -999 
JTWC 90W INVEST    20160527 0600 213N 1126E 330 042 1004 1004 0158 10 101 -999 -999 -999 -999 S
NHC  91L INVEST    20160527 1200 276N 0729W 295 046 1009 1014 0204 15 093 -999 -999 -999 -999 M -999 -999 -999 -999 -9 -99N -999W -999 -999 -999 -999 
NHC  91L INVEST    20160527 1800 283N 0742W 300 057 1009 1014 0204 15 093 -999 -999 -999 -999 M -999 -999 -999 -999 -9 -99N -999W -999 -999 -999 -999 
NHC  91L INVEST    20160527 1800 282N 0742W 300 051 1009 1014 0204 15 093 -999 -999 -999 -999 M -999 -999 -999 -999 -9 -99N -999W -999 -999 -999 -999 
NHC  02L TWO       20160527 1800 282N 0742W 295 057 1010 1014 0204 15 093 -999 -999 -999 -999 M -999 -999 -999 -999 -9 -99N -999W -999 -999 -999 -999 
NHC  02L TWO       20160528 0000 288N 0752W 300 051 1009 1014 0222 15 093 -999 -999 -999 -999 M -999 -999 -999 -999 72 336N  787W -999 -999 -999 -999 
NHC  02L TWO       20160528 0600 295N 0765W 300 062 1009 1014 0222 15 093 -999 -999 -999 -999 M -999 -999 -999 -999 72 335N  782W -999 -999 -999 -999 
NHC  02L TWO       20160528 1200 300N 0780W 300 067 1009 1014 0222 15 093 -999 -999 -999 -999 M -999 -999 -999 -999 72 335N  780W -999 -999 -999 -999 
NHC  02L TWO       20160528 1800 308N 0791W 310 057 1009 1014 0222 15 065 -999 -999 -999 -999 M -999 -999 -999 -999 72 336N  780W -999 -999 -999 -999 
NHC  02L BONNIE    20160529 0000 309N 0794W 300 026 1007 1016 0222 18 093 -999 -999 -999 0111 M -999 -999 -999 -999 72 345N  778W -999 -999 -999 -999 
NHC  02L BONNIE    20160529 0000 309N 0794W 300 026 1007 1016 0222 18 093 -999 -999 0037 0111 M -999 -999 -999 -999 72 345N  778W -999 -999 -999 -999 
NHC  02L BONNIE    20160529 0600 315N 0794W 360 031 1009 1016 0222 18 093 -999 -999 -999 0093 M -999 -999 -999 -999 72 343N  774W -999 -999 -999 -999 
NHC  02L BONNIE    20160529 1200 327N 0797W 355 046 1009 1016 0222 15 046 -999 -999 -999 -999 S -999 -999 -999 -999 72 345N  767W -999 -999 -999 -999 
NHC  02L BONNIE    20160529 1800 331N 0804W 330 010 1010 1016 0204 15 148 -999 -999 -999 -999 M -999 -999 -999 -999 72 353N  764W -999 -999 -999 -999 
NHC  02L BONNIE    20160530 0000 329N 0803W 160 005 1011 1015 0204 13 148 -999 -999 -999 -999 M -999 -999 -999 -999 72 354N  764W -999 -999 -999 -999 
NHC  02L BONNIE    20160530 0600 329N 0796W 085 026 1012 1015 0204 13 148 -999 -999 -999 -999 M -999 -999 -999 -999 72 354N  762W -999 -999 -999 -999 
NHC  02L BONNIE    20160530 0600 329N 0796W 085 026 1011 1015 0204 13 148 -999 -999 -999 -999 M -999 -999 -999 -999 72 354N  762W -999 -999 -999 -999 
NHC  02L BONNIE    20160530 1200 335N 0797W 055 010 1012 1015 0204 10 148 -999 -999 -999 -999 M -999 -999 -999 -999 72 357N  756W -999 -999 -999 -999 
NHC  91E INVEST    20160530 1800 087N 1096W 275 031 1009 1011 0278 10 130 -999 -999 -999 -999 S -999 -999 -999 -999 -9 -99N -999W -999 -999 -999 -999 
NHC  91E INVEST    20160531 0000 088N 1098W 285 015 1009 1011 0278 10 167 -999 -999 -999 -999 S -999 -999 -999 -999 -9 -99N -999W -999 -999 -999 -999 
NHC  91E INVEST    20160531 0600 088N 1099W 280 005 1009 1011 0278 10 167 -999 -999 -999 -999 S -999 -999 -999 -999 -9 -99N -999W -999 -999 -999 -999 
NHC  02L BONNIE    20160531 0600 329N 0790W 120 015 1010 1012 0222 10 130 -999 -999 -999 -999 M -999 -999 -999 -999 -9 -99N -999W -999 -999 -999 -999 
NHC  02L BONNIE    20160531 0600 329N 0790W 120 015 1008 1012 0222 13 130 -999 -999 -999 -999 M -999 -999 -999 -999 -9 -99N -999W -999 -999 -999 -999 
NHC  92L BONNIE    20160531 1200 332N 0783W 065 036 1009 1014 0278 13 130 -999 -999 -999 -999 S -999 -999 -999 -999 -9 -99N -999W -999 -999 -999 -999 
NHC  92L BONNIE    20160531 1200 332N 0783W 065 031 1009 1014 0278 13 130 -999 -999 -999 -999 M -999 -999 -999 -999 -9 -99N -999W -999 -999 -999 -999 
NHC  91E INVEST    20160531 1200 092N 1109W 290 021 1009 1011 0278 10 167 -999 -999 -999 -999 S -999 -999 -999 -999 -9 -99N -999W -999 -999 -999 -999 
NHC  92L BONNIE    20160531 1800 334N 0779W 060 026 1008 1014 0278 13 130 -999 -999 -999 -999 M -999 -999 -999 -999 -9 -99N -999W -999 -999 -999 -999 
NHC  91E INVEST    20160531 1800 093N 1106W 300 015 1009 1011 0278 10 167 -999 -999 -999 -999 S -999 -999 -999 -999 -9 -99N -999W -999 -999 -999 -999 
NHC  92L BONNIE    20160601 0000 334N 0778W 065 021 1009 1012 0167 10 111 -999 -999 -999 -999 S -999 -999 -999 -999 -9 -99N -999W -999 -999 -999 -999 
NHC  91E INVEST    20160601 0000 092N 1102W 315 005 1008 1010 0278 10 167 -999 -999 -999 -999 S -999 -999 -999 -999 -9 -99N -999W -999 -999 -999 -999 
NHC  92L BONNIE    20160601 1200 335N 0771W 070 015 1009 1012 0167 10 111 -999 -999 -999 -999 S -999 -999 -999 -999 -9 -99N -999W -999 -999 -999 -999 
NHC  91E INVEST    20160601 1200 093N 1117W 275 026 1007 1008 0334 13 278 -999 -999 -999 -999 S -999 -999 -999 -999 -9 -99N -999W -999 -999 -999 -999 
NHC  92L BONNIE    20160601 1800 335N 0764W 090 026 1010 1012 0167 10 111 -999 -999 -999 -999 S -999 -999 -999 -999 -9 -99N -999W -999 -999 -999 -999 
NHC  91E INVEST    20160601 1800 090N 1139W 265 067 1007 1008 0334 13 278 -999 -999 -999 -999 S -999 -999 -999 -999 -9 -99N -999W -999 -999 -999 -999 
NHC  92L BONNIE    20160602 0000 341N 0760W 060 026 1011 1014 0167 10 074 -999 -999 -999 -999 S -999 -999 -999 -999 -9 -99N -999W -999 -999 -999 -999 
NHC  91E INVEST    20160602 0000 088N 1142W 260 051 1007 1008 0334 13 185 -999 -999 -999 -999 S -999 -999 -999 -999 -9 -99N -999W -999 -999 -999 -999 
NHC  92L BONNIE    20160602 0600 347N 0757W 045 031 1011 1016 0222 13 056 -999 -999 -999 -999 S -999 -999 -999 -999 -9 -99N -999W -999 -999 -999 -999 
NHC  91E INVEST    20160602 0600 087N 1144W 260 041 1007 1008 0334 13 185 -999 -999 -999 -999 S -999 -999 -999 -999 -9 -99N -999W -999 -999 -999 -999 
NHC  91E INVEST    20160602 1200 093N 1129W 275 010 1007 1008 0334 13 185 -999 -999 -999 -999 S -999 -999 -999 -999 -9 -99N -999W -999 -999 -999 -999 
NHC  02L BONNIE    20160602 1200 349N 0754W 060 036 1009 1017 0222 13 056 -999 -999 -999 -999 M -999 -999 -999 -999 -9 -99N -999W -999 -999 -999 -999 
NHC  91E INVEST    20160602 1800 093N 1130W 270 005 1007 1008 0334 13 185 -999 -999 -999 -999 S -999 -999 -999 -999 -9 -99N -999W -999 -999 -999 -999 
NHC  02L BONNIE    20160602 1800 353N 0751W 045 026 1008 1017 0222 15 028 -999 -999 -999 -999 M -999 -999 -999 -999 48 361N  662W -999 -999 -999 -999 
NHC  91E INVEST    20160603 0000 092N 1132W 270 021 1007 1008 0334 13 185 -999 -999 -999 -999 S -999 -999 -999 -999 -9 -99N -999W -999 -999 -999 -999 
NHC  02L BONNIE    20160603 0000 356N 0746W 045 021 1006 1017 0222 15 028 -999 -999 -999 -999 M -999 -999 -999 -999 72 360N  555W -999 -999 -999 -999 
NHC  91E INVEST    20160603 0600 099N 1156W 280 036 1007 1009 0334 13 185 -999 -999 -999 -999 S -999 -999 -999 -999 -9 -99N -999W -999 -999 -999 -999 
NHC  02L BONNIE    20160603 0600 357N 0737W 070 031 1006 1017 0222 15 056 -999 -999 -999 -999 M -999 -999 -999 -999 72 350N  545W -999 -999 -999 -999 
NHC  91E INVEST    20160603 1200 097N 1149W 280 031 1007 1009 0334 13 185 -999 -999 -999 -999 S -999 -999 -999 -999 -9 -99N -999W -999 -999 -999 -999 
NHC  02L BONNIE    20160603 1200 359N 0725W 080 041 1006 1017 0222 15 056 -999 -999 -999 -999 M -999 -999 -999 -999 48 356N  609W -999 -999 -999 -999 
NHC  93L INVEST    20160603 1800 166N 0835W 280 051 1012 1014 0371 13 167 -999 -999 -999 -999 S -999 -999 -999 -999 -9 -99N -999W -999 -999 -999 -999 
NHC  91E INVEST    20160603 1800 099N 1155W 285 036 1007 1009 0334 13 185 -999 -999 -999 -999 M -999 -999 -999 -999 -9 -99N -999W -999 -999 -999 -999 
NHC  02L BONNIE    20160603 1800 359N 0712W 085 051 1006 1017 0222 18 056 -999 0056 -999 -999 M -999 -999 -999 -999 48 352N  592W -999 -999 -999 -999 
NHC  02L BONNIE    20160603 1800 359N 0712W 085 051 1006 1017 0222 15 056 -999 -999 -999 -999 M -999 -999 -999 -999 48 352N  592W -999 -999 -999 -999 
NHC  93L INVEST    20160604 0000 168N 0843W 280 051 1010 1012 0463 13 167 -999 -999 -999 -999 S -999 -999 -999 -999 -9 -99N -999W -999 -999 -999 -999 
NHC  91E INVEST    20160604 0000 099N 1170W 275 046 1007 1009 0334 13 185 -999 -999 -999 -999 M -999 -999 -999 -999 -9 -99N -999W -999 -999 -999 -999 
NHC  02L BONNIE    20160604 0000 359N 0701W 090 051 1006 1017 0222 18 056 -999 0056 -999 -999 M -999 -999 -999 -999 48 346N  576W -999 -999 -999 -999 
NHC  93L INVEST    20160604 0600 170N 0851W 285 046 1010 1012 0463 13 167 -999 -999 -999 -999 S -999 -999 -999 -999 -9 -99N -999W -999 -999 -999 -999 
NHC  91E INVEST    20160604 0600 097N 1186W 270 062 1007 1009 0334 13 185 -999 -999 -999 -999 M -999 -999 -999 -999 -9 -99N -999W -999 -999 -999 -999 
NHC  02L BONNIE    20160604 0600 359N 0688W 090 051 1006 1017 0222 18 056 -999 0056 -999 -999 M -999 -999 -999 -999 48 343N  560W -999 -999 -999 -999 
NHC  02L BONNIE    20160604 0600 358N 0688W 090 051 1006 1017 0222 18 056 -999 0056 -999 -999 M -999 -999 -999 -999 48 343N  560W -999 -999 -999 -999 
NHC  93L INVEST    20160604 1200 166N 0866W 275 046 1008 1010 0463 15 222 -999 -999 -999 -999 S -999 -999 -999 -999 -9 -99N -999W -999 -999 -999 -999 
NHC  91E INVEST    20160604 1200 098N 1192W 275 051 1007 1009 0334 13 185 -999 -999 -999 -999 M -999 -999 -999 -999 -9 -99N -999W -999 -999 -999 -999 
NHC  02L BONNIE    20160604 1200 357N 0672W 095 062 1007 1015 0185 18 056 -999 0056 -999 -999 M -999 -999 -999 -999 36 344N  588W -999 -999 -999 -999 
NHC  93L INVEST    20160604 1800 175N 0873W 285 057 1007 1010 0463 15 222 -999 -999 -999 -999 S -999 -999 -999 -999 -9 -99N -999W -999 -999 -999 -999 
NHC  91E INVEST    20160604 1800 107N 1197W 285 041 1007 1009 0278 15 130 -999 -999 -999 -999 M -999 -999 -999 -999 -9 -99N -999W -999 -999 -999 -999 
NHC  91E INVEST    20160604 1800 107N 1194W 290 036 1007 1009 0278 13 185 -999 -999 -999 -999 M -999 -999 -999 -999 -9 -99N -999W -999 -999 -999 -999 
NHC  02L BONNIE    20160604 1800 351N 0659W 110 062 1008 1015 0185 15 056 -999 -999 -999 -999 M -999 -999 -999 -999 36 341N  570W -999 -999 -999 -999 
NHC  93L INVEST    20160605 0000 185N 0875W 312 046 1005 1010 0463 15 185 -999 -999 -999 -999 M -999 -999 -999 -999 -9 -99N -999W -999 -999 -999 -999 
NHC  91E INVEST    20160605 0000 110N 1195W 290 031 1007 1009 0278 15 130 -999 -999 -999 -999 M -999 -999 -999 -999 -9 -99N -999W -999 -999 -999 -999 
NHC  02L BONNIE    20160605 0000 348N 0645W 105 062 1009 1014 0204 15 056 -999 -999 -999 -999 M -999 -999 -999 -999 36 333N  550W -999 -999 -999 -999 
NHC  93L INVEST    20160605 0600 192N 0880W 327 046 1005 1010 0463 15 185 -999 -999 -999 -999 M -999 -999 -999 -999 -9 -99N -999W -999 -999 -999 -999 
NHC  91E INVEST    20160605 0600 112N 1200W 300 026 1007 1009 0278 15 130 -999 -999 -999 -999 M -999 -999 -999 -999 -9 -99N -999W -999 -999 -999 -999 
NHC  93L INVEST    20160605 1200 217N 0880W 355 062 1005 1008 0556 15 278 -999 -999 -999 -999 M -999 -999 -999 -999 -9 -99N -999W -999 -999 -999 -999 
NHC  92E INVEST    20160605 1200 109N 1005W 040 031 1007 1009 0371 13 185 -999 -999 -999 -999 S -999 -999 -999 -999 -9 -99N -999W -999 -999 -999 -999 
NHC  91E INVEST    20160605 1200 105N 1200W 250 015 1007 1009 0278 13 130 -999 -999 -999 -999 M -999 -999 -999 -999 -9 -99N -999W -999 -999 -999 -999 
NHC  03L THREE     20160605 1200 217N 0880W 355 062 1005 1008 0556 15 278 -999 -999 -999 -999 M -999 -999 -999 -999 -9 -99N -999W -999 -999 -999 -999 
NHC  92E INVEST    20160605 1800 115N 0999W 040 036 1007 1009 0371 13 185 -999 -999 -999 -999 S -999 -999 -999 -999 -9 -99N -999W -999 -999 -999 -999 
NHC  91E INVEST    20160605 1800 103N 1204W 235 021 1007 1009 0278 13 130 -999 -999 -999 -999 M -999 -999 -999 -999 -9 -99N -999W -999 -999 -999 -999 
NHC  03L THREE     20160605 1800 227N 0881W 360 051 1005 1008 0463 15 278 -999 -999 -999 -999 M -999 -999 -999 -999 72 400N  630W -999 -999 -999 -999 
NHC  92E INVEST    20160606 0000 123N 0998W 030 036 1007 1009 0334 13 130 -999 -999 -999 -999 S -999 -999 -999 -999 -9 -99N -999W -999 -999 -999 -999 
NHC  91E INVEST    20160606 0000 104N 1211W 275 026 1007 1009 0278 13 130 -999 -999 -999 -999 M -999 -999 -999 -999 -9 -99N -999W -999 -999 -999 -999 
NHC  03L COLIN     20160606 0000 232N 0878W 360 041 1003 1008 0463 18 278 0297 -999 -999 -999 M -999 -999 -999 -999 72 419N  582W -999 -999 -999 -999 
NHC  92E INVEST    20160606 0600 129N 0991W 035 041 1007 1009 0334 13 130 -999 -999 -999 -999 S -999 -999 -999 -999 -9 -99N -999W -999 -999 -999 -999 
NHC  91E INVEST    20160606 0600 102N 1221W 270 036 1007 1009 0278 13 130 -999 -999 -999 -999 M -999 -999 -999 -999 -9 -99N -999W -999 -999 -999 -999 
NHC  03L COLIN     20160606 0600 244N 0876W 010 051 1004 1009 0463 18 278 0297 0297 -999 -999 M -999 -999 -999 -999 72 433N  540W -999 -999 -999 -999 
NHC  92E INVEST    20160606 1200 135N 0985W 040 041 1007 1009 0334 13 130 -999 -999 -999 -999 M -999 -999 -999 -999 -9 -99N -999W -999 -999 -999 -999 
NHC  91E INVEST    20160606 1200 098N 1225W 255 036 1007 1009 0278 13 130 -999 -999 -999 -999 M -999 -999 -999 -999 -9 -99N -999W -999 -999 -999 -999 
NHC  03L COLIN     20160606 1200 264N 0873W 010 088 1004 1008 0556 23 278 -999 0371 -999 -999 M -999 -999 -999 -999 72 450N  500W -999 -999 -999 -999 
NHC  92E ONE       20160606 1800 143N 0972W 045 051 1006 1010 0222 15 074 -999 -999 -999 -999 M -999 -999 -999 -999 -9 -99N -999W -999 -999 -999 -999 
NHC  92E INVEST    20160606 1800 143N 0972W 045 051 1006 1010 0222 15 074 -999 -999 -999 -999 M -999 -999 -999 -999 -9 -99N -999W -999 -999 -999 -999 
NHC  91E INVEST    20160606 1800 099N 1232W 260 031 1007 1009 0278 13 130 -999 -999 -999 -999 M -999 -999 -999 -999 -9 -99N -999W -999 -999 -999 -999 
NHC  03L COLIN     20160606 1800 282N 0862W 020 103 1005 1009 0510 23 334 -999 0445 -999 -999 M -999 -999 -999 -999 72 455N  439W -999 -999 -999 -999 
NHC  01E ONE       20160606 1800 143N 0972W 045 051 1006 1010 0222 15 074 -999 -999 -999 -999 M -999 -999 -999 -999 -9 -99N -999W -999 -999 -999 -999 
NHC  91E INVEST    20160607 0000 102N 1244W 275 041 1007 1009 0278 13 130 -999 -999 -999 -999 M -999 -999 -999 -999 -9 -99N -999W -999 -999 -999 -999 
NHC  03L COLIN     20160607 0000 293N 0846W 040 098 1001 1009 0556 23 334 -999 0371 -999 -999 M -999 -999 -999 -999 72 485N  435W -999 -999 -999 -999 
NHC  01E ONE       20160607 0000 143N 0962W 065 051 1006 1009 0222 15 074 -999 -999 -999 -999 M -999 -999 -999 -999 36 165N  940W -999 -999 -999 -999 
NHC  91E INVEST    20160607 0600 100N 1257W 270 051 1007 1009 0278 13 130 -999 -999 -999 -999 M -999 -999 -999 -999 -9 -99N -999W -999 -999 -999 -999 
NHC  03L COLIN     20160607 0600 307N 0821W 055 124 1003 1009 0556 23 278 0185 0371 -999 -999 S -999 -999 -999 -999 72 490N  420W -999 -999 -999 -999 
NHC  01E ONE       20160607 0600 145N 0956W 070 051 1006 1009 0222 15 074 -999 -999 -999 -999 M -999 -999 -999 -999 36 155N  945W -999 -999 -999 -999 
NHC  91E INVEST    20160607 1200 103N 1263W 275 046 1007 1010 0278 15 111 -999 -999 -999 -999 M -999 -999 -999 -999 -9 -99N -999W -999 -999 -999 -999 
NHC  03L COLIN     20160607 1200 334N 0782W 055 149 1000 1004 0371 23 278 0185 0371 -999 -999 M -999 -999 -999 -999 72 505N  415W -999 -999 -999 -999 
NHC  01E ONE       20160607 1200 151N 0951W 060 041 1006 1010 0222 15 056 -999 -999 -999 -999 M -999 -999 -999 -999 24 153N  942W -999 -999 -999 -999 
NHC  91E INVEST    20160607 1800 103N 1272W 275 046 1008 1011 0278 15 111 -999 -999 -999 -999 M -999 -999 -999 -999 -9 -99N -999W -999 -999 -999 -999 
NHC  03L COLIN     20160607 1800 354N 0745W 050 180 0996 1000 0324 26 278 0167 0389 -999 -999 M -999 -999 -999 -999 72 515N  420W -999 -999 -999 -999 
NHC  01E ONE       20160607 1800 154N 0948W 050 031 1006 1010 0222 15 056 -999 -999 -999 -999 M -999 -999 -999 -999 24 160N  946W -999 -999 -999 -999 
NHC  91E INVEST    20160608 0000 108N 1278W 285 041 1008 1011 0278 13 111 -999 -999 -999 -999 M -999 -999 -999 -999 -9 -99N -999W -999 -999 -999 -999 
NHC  01E ONE       20160608 0000 158N 0947W 040 021 1006 1010 0222 13 056 -999 -999 -999 -999 M -999 -999 -999 -999 24 160N  943W -999 -999 -999 -999 
NHC  91E INVEST    20160608 0600 111N 1282W 295 036 1008 1011 0278 13 111 -999 -999 -999 -999 M -999 -999 -999 -999 -9 -99N -999W -999 -999 -999 -999 
NHC  01E ONE       20160608 0600 160N 0948W 360 010 1006 1010 0222 13 056 -999 -999 -999 -999 M -999 -999 -999 -999 24 165N  940W -999 -999 -999 -999 
NHC  01E ONE       20160608 1200 163N 0948W 360 015 1008 1010 0222 10 056 -999 -999 -999 -999 M -999 -999 -999 -999 12 164N  947W -999 -999 -999 -999 
NHC  93E INVEST    20160615 0000 135N 1036W 360 010 1009 1011 0371 10 204 -999 -999 -999 -999 S -999 -999 -999 -999 -9 -99N -999W -999 -999 -999 -999 
NHC  93E INVEST    20160615 1200 138N 1040W 350 010 1009 1011 0371 10 204 -999 -999 -999 -999 S -999 -999 -999 -999 -9 -99N -999W -999 -999 -999 -999 
NHC  93E INVEST    20160615 1800 144N 1053W 300 041 1009 1011 0371 13 204 -999 -999 -999 -999 S -999 -999 -999 -999 -9 -99N -999W -999 -999 -999 -999 
NHC  93E INVEST    20160616 0000 146N 1053W 300 031 1008 1011 0371 13 204 -999 -999 -999 -999 M -999 -999 -999 -999 -9 -99N -999W -999 -999 -999 -999 
NHC  93E INVEST    20160616 0000 146N 1053W 300 026 1008 1011 0371 13 204 -999 -999 -999 -999 M -999 -999 -999 -999 -9 -99N -999W -999 -999 -999 -999 
NHC  93E INVEST    20160616 1200 158N 1064W 315 036 1008 1011 0222 13 167 -999 -999 -999 -999 M -999 -999 -999 -999 -9 -99N -999W -999 -999 -999 -999 
NHC  93E INVEST    20160616 1800 166N 1070W 320 041 1008 1011 0222 15 185 -999 -999 -999 -999 M -999 -999 -999 -999 -9 -99N -999W -999 -999 -999 -999 
NHC  93E INVEST    20160617 0000 171N 1075W 310 041 1008 1011 0334 15 185 -999 -999 -999 -999 M -999 -999 -999 -999 -9 -99N -999W -999 -999 -999 -999 
NHC  93E INVEST    20160617 0600 174N 1082W 310 036 1008 1011 0334 15 158 -999 -999 -999 -999 M -999 -999 -999 -999 -9 -99N -999W -999 -999 -999 -999 
NHC  93E INVEST    20160617 1200 195N 1095W 320 067 1008 1011 0334 13 158 -999 -999 -999 -999 M -999 -999 -999 -999 -9 -99N -999W -999 -999 -999 -999 
NHC  93E INVEST    20160617 1800 195N 1105W 300 057 1008 1011 0334 13 158 -999 -999 -999 -999 M -999 -999 -999 -999 -9 -99N -999W -999 -999 -999 -999 
NHC  93E INVEST    20160618 0000 199N 1099W 335 031 1008 1011 0334 13 130 -999 -999 -999 -999 S -999 -999 -999 -999 -9 -99N -999W -999 -999 -999 -999 
NHC  94L INVEST    20160618 1200 196N 0905W 285 036 1010 1011 0278 10 074 -999 -999 -999 -999 S -999 -999 -999 -999 -9 -99N -999W -999 -999 -999 -999 
NHC  94L INVEST    20160618 1200 196N 0905W 285 036 1010 1011 0278 08 074 -999 -999 -999 -999 S -999 -999 -999 -999 -9 -99N -999W -999 -999 -999 -999 
NHC  94L INVEST    20160618 1800 197N 0914W 285 041 1010 1012 0278 10 074 -999 -999 -999 -999 S -999 -999 -999 -999 -9 -99N -999W -999 -999 -999 -999 
NHC  94L INVEST    20160619 0000 196N 0917W 290 036 1009 1012 0278 13 056 -999 -999 -999 -999 M -999 -999 -999 -999 -9 -99N -999W -999 -999 -999 -999 
NHC  94L INVEST    20160619 0600 199N 0930W 290 036 1009 1012 0278 13 056 -999 -999 -999 -999 M -999 -999 -999 -999 -9 -99N -999W -999 -999 -999 -999 
NHC  94L INVEST    20160619 1200 203N 0943W 290 051 1008 1012 0334 15 074 -999 -999 -999 -999 M -999 -999 -999 -999 -9 -99N -999W -999 -999 -999 -999 
NHC  94L INVEST    20160619 1800 200N 0947W 275 036 1008 1012 0278 15 074 -999 -999 -999 -999 M -999 -999 -999 -999 -9 -99N -999W -999 -999 -999 -999 
NHC  94L INVEST    20160619 1800 199N 0947W 270 036 1009 1012 0278 15 111 -999 -999 -999 -999 M -999 -999 -999 -999 -9 -99N -999W -999 -999 -999 -999 
NHC  04L FOUR      20160620 0000 200N 0951W 275 031 1009 1011 0222 15 130 -999 -999 -999 -999 M -999 -999 -999 -999 36 205N  980W -999 -999 -999 -999 
NHC  04L FOUR      20160620 0600 201N 0957W 275 031 1009 1011 0222 15 130 -999 -999 -999 -999 M -999 -999 -999 -999 36 205N  985W -999 -999 -999 -999 
NHC  04L FOUR      20160620 1200 206N 0960W 285 026 1008 1012 0222 18 065 0065 0056 0056 0065 M -999 -999 -999 -999 24 200N  980W -999 -999 -999 -999 
NHC  04L DANIELLE  20160620 1200 206N 0960W 285 026 1008 1012 0222 18 065 0065 0056 0056 0065 M -999 -999 -999 -999 24 200N  980W -999 -999 -999 -999 
NHC  04L DANIELLE  20160620 1800 212N 0967W 310 041 1007 1012 0222 21 065 0093 0093 0056 0130 M -999 -999 -999 -999 24 208N  981W -999 -999 -999 -999 
NHC  04L DANIELLE  20160620 1800 207N 0966W 275 026 1007 1012 0222 21 065 0093 0093 0056 0130 M -999 -999 -999 -999 24 208N  981W -999 -999 -999 -999 
NHC  04L DANIELLE  20160621 0000 212N 0975W 280 036 1010 1014 0167 18 074 0093 0093 -999 0093 M -999 -999 -999 -999 24 213N  987W -999 -999 -999 -999 
NHC  04L DANIELLE  20160621 0600 208N 0987W 250 051 1013 1017 0167 10 148 -999 -999 -999 -999 S -999 -999 -999 -999 12 212N  985W -999 -999 -999 -999 
NHC  95L INVEST    20160623 1200 173N 0872W 285 051 1013 1015 0185 13 167 -999 -999 -999 -999 S -999 -999 -999 -999 -9 -99N -999W -999 -999 -999 -999 
NHC  95L INVEST    20160623 1800 180N 0888W 285 057 1015 1017 0185 13 167 -999 -999 -999 -999 S -999 -999 -999 -999 -9 -99N -999W -999 -999 -999 -999 
NHC  95L INVEST    20160624 0000 185N 0902W 295 072 1013 1015 0222 13 167 -999 -999 -999 -999 S -999 -999 -999 -999 -9 -99N -999W -999 -999 -999 -999 
NHC  95L INVEST    20160624 1200 186N 0932W 280 072 1013 1014 0222 13 185 -999 -999 -999 -999 S -999 -999 -999 -999 -9 -99N -999W -999 -999 -999 -999 
JTWC 97W INVEST    20160625 0000 088N 1321E 285 088 1007 1009 0185 10 074 -999 -999 -999 -999 S
JTWC 97W INVEST    20160625 1200 088N 1317E 285 047 1007 1008 0333 10 074 -999 -999 -999 -999 S
JTWC 97W INVEST    20160625 1800 120N 1296E 310 088 1007 1009 0278 10 074 -999 -999 -999 -999 S
JTWC 97W INVEST    20160626 0000 145N 1259E 305 144 1006 1008 0296 10 074 -999 -999 -999 -999 S
JTWC 97W INVEST    20160626 0600 145N 1248E 300 123 1006 1008 0296 10 074 -999 -999 -999 -999 S
JTWC 97W INVEST    20160626 1200 153N 1232E 300 113 1006 1008 0296 10 074 -999 -999 -999 -999 S
JTWC 97W INVEST    20160626 1800 162N 1209E 300 108 1006 1008 0296 10 074 -999 -999 -999 -999 S
JTWC 93A INVEST    20160626 1800 219N 0664E 260 016 0997 0999 0185 15 046 -999 -999 -999 -999 S
JTWC 02A TWO       20160627 0000 219N 0656E 255 021 0996 0999 0296 18 046 -999 -999 -999 -999 S
JTWC 02A TWO       20160627 0600 218N 0647E 265 032 0996 0999 0296 18 046 -999 -999 -999 -999 S
JTWC 02A TWO       20160627 1200 217N 0640E 265 037 0996 0997 0296 18 046 -999 -999 -999 -999 S
JTWC 02A TWO       20160627 1800 215N 0632E 260 042 0996 0997 0278 18 064 -999 -999 -999 -999 M
JTWC 02A TWO       20160628 0000 213N 0624E 255 037 0996 0997 0278 18 064 -999 -999 -999 -999 M
JTWC 02A TWO       20160628 0600 209N 0635E 220 016 0996 0999 0278 18 074 -999 -999 -999 -999 M
JTWC 02A TWO       20160628 1200 205N 0633E 210 021 0996 0998 0278 18 083 -999 -999 -999 -999 M
NHC  94E INVEST    20160630 1800 090N 1030W 280 077 1008 1009 0371 10 185 -999 -999 -999 -999 S -999 -999 -999 -999 -9 -99N -999W -999 -999 -999 -999 
NHC  94E INVEST    20160701 0000 093N 1038W 285 057 1008 1010 0371 10 185 -999 -999 -999 -999 S -999 -999 -999 -999 -9 -99N -999W -999 -999 -999 -999 
NHC  94E INVEST    20160701 1200 096N 1045W 290 041 1008 1010 0371 10 185 -999 -999 -999 -999 S -999 -999 -999 -999 -9 -99N -999W -999 -999 -999 -999 
NHC  95E INVEST    20160701 1800 141N 1160W 290 041 1008 1010 0222 13 056 -999 -999 -999 -999 S -999 -999 -999 -999 -9 -99N -999W -999 -999 -999 -999 
NHC  94E INVEST    20160701 1800 099N 1049W 295 026 1008 1010 0371 10 185 -999 -999 -999 -999 S -999 -999 -999 -999 -9 -99N -999W -999 -999 -999 -999 
JTWC 99W INVEST    20160701 1800 075N 1431E 270 052 1008 1008 0296 08 111 -999 -999 -999 -999 S
NHC  95E INVEST    20160702 0000 145N 1166W 300 041 1007 1010 0408 13 093 -999 -999 -999 -999 S -999 -999 -999 -999 -9 -99N -999W -999 -999 -999 -999 
NHC  94E INVEST    20160702 0000 105N 1065W 295 041 1008 1010 0371 13 148 -999 -999 -999 -999 S -999 -999 -999 -999 -9 -99N -999W -999 -999 -999 -999 
NHC  94E INVEST    20160702 0000 101N 1054W 300 026 1008 1010 0371 13 148 -999 -999 -999 -999 S -999 -999 -999 -999 -9 -99N -999W -999 -999 -999 -999 
NHC  02E TWO       20160702 0000 145N 1166W 300 041 1007 1010 0408 13 093 -999 -999 -999 -999 S -999 -999 -999 -999 -9 -99N -999W -999 -999 -999 -999 
JTWC 99W INVEST    20160702 0000 075N 1434E 270 032 1008 1009 0259 08 101 -999 -999 -999 -999 S
NHC  94E INVEST    20160702 0600 106N 1066W 295 041 1008 1010 0371 13 148 -999 -999 -999 -999 S -999 -999 -999 -999 -9 -99N -999W -999 -999 -999 -999 
NHC  02E TWO       20160702 0600 148N 1174W 300 041 1006 1010 0408 15 093 -999 -999 -999 -999 S -999 -999 -999 -999 72 177N 1281W -999 -999 -999 -999 
JTWC 99W INVEST    20160702 0600 079N 1437E 285 021 1007 1009 0259 10 101 -999 -999 -999 -999 M
NHC  94E INVEST    20160702 1200 108N 1057W 285 031 1007 1010 0371 13 130 -999 -999 -999 -999 S -999 -999 -999 -999 -9 -99N -999W -999 -999 -999 -999 
NHC  94E INVEST    20160702 1200 106N 1057W 285 031 1007 1011 0371 13 130 -999 -999 -999 -999 S -999 -999 -999 -999 -9 -99N -999W -999 -999 -999 -999 
NHC  02E TWO       20160702 1200 154N 1185W 295 051 1006 1010 0408 15 093 -999 -999 -999 -999 M -999 -999 -999 -999 72 175N 1290W -999 -999 -999 -999 
JTWC 99W INVEST    20160702 1200 081N 1439E 305 011 1007 1009 0259 10 101 -999 -999 -999 -999 M
NHC  94E INVEST    20160702 1800 107N 1063W 280 031 1007 1011 0371 13 111 -999 -999 -999 -999 S -999 -999 -999 -999 -9 -99N -999W -999 -999 -999 -999 
NHC  02E AGATHA    20160702 1800 158N 1196W 295 051 1005 1010 0408 18 074 0074 -999 -999 0056 M -999 -999 -999 -999 72 180N 1305W -999 -999 -999 -999 
JTWC 99W INVEST    20160702 1800 083N 1451E 045 011 1007 1008 0352 10 111 -999 -999 -999 -999 S
NHC  94E INVEST    20160703 0000 109N 1078W 280 057 1007 1012 0334 15 111 -999 -999 -999 -999 S -999 -999 -999 -999 -9 -99N -999W -999 -999 -999 -999 
NHC  70L NONAME    20160703 0000 100N 0425W 280 077 1015 1017 0222 10 111 -999 -999 -999 -999 S -999 -999 -999 -999 -9 -99N -999W -999 -999 -999 -999 
NHC  03E THREE     20160703 0000 109N 1078W 280 057 1007 1012 0334 15 111 -999 -999 -999 -999 S -999 -999 -999 -999 -9 -99N -999W -999 -999 -999 -999 
NHC  02E AGATHA    20160703 0000 164N 1211W 290 067 1005 1010 0278 18 074 0074 -999 -999 0056 M -999 -999 -999 -999 72 180N 1315W -999 -999 -999 -999 
JTWC 02W TWO       20160703 0000 087N 1452E 035 016 1004 1009 0306 13 111 -999 -999 -999 -999 M
NHC  70L NONAME    20160703 0600 105N 0440W 285 077 1014 1017 0222 13 111 -999 -999 -999 -999 S -999 -999 -999 -999 -9 -99N -999W -999 -999 -999 -999 
NHC  03E THREE     20160703 0600 115N 1091W 285 072 1005 1012 0334 18 056 0056 -999 -999 0074 M -999 -999 -999 -999 72 138N 1205W -999 -999 -999 -999 
NHC  02E AGATHA    20160703 0600 168N 1222W 290 062 1003 1010 0241 21 056 0074 0056 -999 0056 D -999 -999 -999 -999 72 193N 1331W -999 -999 -999 -999 
JTWC 02W NEPARTAK  20160703 0600 092N 1450E 010 016 1000 1007 0296 15 111 -999 -999 -999 -999 M
NHC  03E BLAS      20160703 1200 116N 1098W 285 057 1003 1011 0389 26 056 0093 0056 0037 0093 M -999 -999 -999 -999 72 146N 1221W -999 -999 -999 -999 
NHC  03E BLAS      20160703 1200 116N 1098W 285 057 1003 1011 0389 23 056 0093 0056 0037 0093 M -999 -999 -999 -999 72 146N 1221W -999 -999 -999 -999 
NHC  03E BLAS      20160703 1200 115N 1098W 285 057 1001 1011 0389 26 056 0111 0074 0037 0093 M 0056 -999 -999 0056 72 146N 1221W -999 -999 -999 -999 
NHC  02E AGATHA    20160703 1200 171N 1231W 290 057 1003 1010 0241 21 056 0074 0056 -999 0056 D -999 -999 -999 -999 72 194N 1341W -999 -999 -999 -999 
JTWC 02W NEPARTAK  20160703 1200 100N 1443E 340 026 0993 1008 0287 20 092 0158 0158 0139 0139 M
NHC  03E BLAS      20160703 1800 121N 1109W 285 057 1001 1012 0408 28 056 0111 0074 0056 0093 M 0056 -999 -999 0056 72 146N 1233W -999 -999 -999 -999 
NHC  02E AGATHA    20160703 1800 176N 1245W 290 062 1003 1010 0241 21 056 0074 0056 -999 0056 D -999 -999 -999 -999 72 193N 1347W -999 -999 -999 -999 
JTWC 02W NEPARTAK  20160703 1800 108N 1429E 315 052 0989 1007 0343 23 092 0158 0158 0139 0139 M
NHC  03E BLAS      20160704 0000 122N 1117W 280 051 1001 1012 0463 28 056 0111 0074 0056 0093 M 0056 -999 -999 0056 72 155N 1243W -999 -999 -999 -999 
NHC  02E AGATHA    20160704 0000 178N 1253W 285 051 1005 1011 0222 18 056 0074 -999 -999 0056 M -999 -999 -999 -999 72 190N 1365W -999 -999 -999 -999 
JTWC 02W NEPARTAK  20160704 0000 118N 1419E 310 062 0989 1008 0333 23 092 0158 0158 0139 0139 M
NHC  03E BLAS      20160704 0600 125N 1125W 285 046 1001 1012 0463 28 056 0130 0130 0074 0093 D 0074 0074 -999 0037 72 159N 1257W -999 -999 -999 -999 
NHC  02E AGATHA    20160704 0600 179N 1267W 280 057 1006 1012 0222 18 056 0074 -999 -999 0056 M -999 -999 -999 -999 72 185N 1370W -999 -999 -999 -999 
NHC  02E AGATHA    20160704 0600 179N 1267W 280 057 1003 1012 0222 21 056 0074 -999 -999 0056 M -999 -999 -999 -999 72 185N 1370W -999 -999 -999 -999 
JTWC 02W NEPARTAK  20160704 0600 127N 1408E 310 067 0989 1006 0315 23 092 0158 0158 0139 0139 M
NHC  03E BLAS      20160704 1200 130N 1138W 285 057 0994 1011 0463 33 037 0130 0130 0074 0093 D 0074 0074 -999 0056 72 161N 1265W 0037 -999 -999 0019 
NHC  03E BLAS      20160704 1200 129N 1138W 285 057 0994 1011 0463 33 037 0130 0130 0074 0093 D 0074 0074 -999 0056 72 161N 1265W 0037 -999 -999 0019 
NHC  02E AGATHA    20160704 1200 183N 1276W 280 057 1005 1012 0222 18 056 0074 -999 -999 0056 M -999 -999 -999 -999 48 187N 1344W -999 -999 -999 -999 
JTWC 02W NEPARTAK  20160704 1200 135N 1397E 310 072 0985 1008 0324 26 092 0167 0167 0148 0148 D
NHC  03E BLAS      20160704 1800 136N 1151W 290 062 0994 1012 0463 33 037 0130 0130 0074 0093 D 0074 0074 -999 0056 72 163N 1276W 0037 -999 -999 0019 
NHC  03E BLAS      20160704 1800 135N 1151W 290 062 0994 1012 0463 33 037 0185 0241 0074 0130 D 0074 0074 -999 -999 72 163N 1276W 0037 0037 -999 -999 
NHC  02E AGATHA    20160704 1800 187N 1288W 280 057 1006 1013 0185 15 056 -999 -999 -999 -999 M -999 -999 -999 -999 48 189N 1354W -999 -999 -999 -999 
JTWC 02W NEPARTAK  20160704 1800 148N 1383E 310 077 0978 1007 0278 31 064 0176 0130 0111 0176 M
NHC  03E BLAS      20160705 0000 139N 1162W 290 062 0989 1011 0445 36 046 0222 0241 0074 0148 D 0093 0093 -999 -999 72 168N 1286W 0046 0046 -999 -999 
NHC  02E AGATHA    20160705 0000 192N 1299W 285 057 1008 1012 0167 15 056 -999 -999 -999 -999 S -999 -999 -999 -999 48 196N 1367W -999 -999 -999 -999 
JTWC 02W NEPARTAK  20160705 0000 154N 1367E 305 083 0974 1007 0306 33 064 0204 0139 0111 0204 D
NHC  03E BLAS      20160705 0600 141N 1175W 290 062 0981 1011 0445 41 028 0222 0241 0093 0148 D 0111 0111 0056 0074 72 171N 1290W 0046 0037 -999 0037 
JTWC 02W NEPARTAK  20160705 0600 163N 1351E 305 093 0963 1008 0324 41 037 0259 0222 0176 0241 D
NHC  03E BLAS      20160705 1200 141N 1191W 280 067 0978 1011 0463 44 028 0222 0241 0093 0148 D 0111 0111 0056 0074 72 172N 1298W 0046 0037 -999 0037 
JTWC 02W NEPARTAK  20160705 1200 172N 1335E 300 088 0933 1006 0352 61 018 0296 0241 0195 0259 D
NHC  96E INVEST    20160705 1800 115N 1060W 275 036 1009 1011 0278 10 037 -999 -999 -999 -999 S -999 -999 -999 -999 -9 -99N -999W -999 -999 -999 -999 
NHC  03E BLAS      20160705 1800 142N 1203W 275 072 0958 1011 0463 54 028 0222 0241 0093 0148 D 0111 0111 0056 0074 72 174N 1309W 0056 0037 0037 0037 
JTWC 02W NEPARTAK  20160705 1800 180N 1318E 300 093 0926 1006 0370 66 022 0315 0259 0213 0278 D
NHC  96E INVEST    20160706 0000 123N 1069W 295 041 1008 1011 0278 13 037 -999 -999 -999 -999 S -999 -999 -999 -999 -9 -99N -999W -999 -999 -999 -999 
NHC  03E BLAS      20160706 0000 143N 1212W 275 057 0952 1011 0463 59 037 0241 0241 0130 0167 D 0130 0111 0056 0074 72 175N 1315W 0056 0046 0037 0037 
JTWC 02W NEPARTAK  20160706 0000 187N 1301E 295 093 0918 1006 0343 71 022 0315 0259 0213 0278 D
NHC  96E INVEST    20160706 0600 123N 1070W 280 031 1008 1011 0278 13 056 -999 -999 -999 -999 S -999 -999 -999 -999 -9 -99N -999W -999 -999 -999 -999 
NHC  03E BLAS      20160706 0600 145N 1221W 280 046 0951 1011 0463 59 037 0241 0241 0130 0167 D 0130 0111 0056 0074 72 182N 1321W 0056 0046 0037 0037 
JTWC 02W NEPARTAK  20160706 0600 195N 1284E 295 093 0911 1007 0343 76 018 0296 0241 0222 0259 D
NHC  96E INVEST    20160706 1200 118N 1083W 275 041 1007 1011 0278 13 056 -999 -999 -999 -999 S -999 -999 -999 -999 -9 -99N -999W -999 -999 -999 -999 
NHC  03E BLAS      20160706 1200 149N 1231W 285 051 0956 1010 0463 57 037 0241 0241 0130 0167 D 0130 0111 0056 0074 72 188N 1326W 0065 0056 0037 0046 
JTWC 02W NEPARTAK  20160706 1200 202N 1269E 295 088 0911 1005 0361 76 018 0278 0241 0213 0259 D
NHC  04E FOUR      20160706 1800 122N 1088W 280 041 1007 1011 0278 13 056 -999 -999 -999 -999 M -999 -999 -999 -999 -9 -99N -999W -999 -999 -999 -999 
NHC  03E BLAS      20160706 1800 151N 1242W 285 057 0956 1012 0510 57 037 0241 0241 0130 0167 D 0130 0111 0056 0074 72 196N 1333W 0065 0056 0037 0046 
JTWC 02W NEPARTAK  20160706 1800 207N 1256E 295 083 0911 1004 0343 76 012 0278 0241 0213 0259 D
NHC  04E FOUR      20160707 0000 123N 1096W 285 036 1006 1011 0278 15 056 -999 -999 -999 -999 M -999 -999 -999 -999 72 125N 1175W -999 -999 -999 -999 
NHC  03E BLAS      20160707 0000 155N 1250W 290 051 0956 1012 0510 57 037 0241 0259 0130 0167 D 0130 0111 0056 0074 72 202N 1340W 0065 0056 0037 0046 
JTWC 02W NEPARTAK  20160707 0000 213N 1243E 295 072 0911 1004 0343 76 018 0296 0241 0259 0278 D
NHC  04E FOUR      20160707 0600 124N 1098W 285 036 1006 1010 0278 15 111 -999 -999 -999 -999 M -999 -999 -999 -999 72 125N 1190W -999 -999 -999 -999 
NHC  03E BLAS      20160707 0600 158N 1259W 290 046 0956 1012 0510 57 037 0241 0259 0130 0167 D 0130 0111 0056 0074 72 208N 1341W 0065 0056 0037 0046 
JTWC 02W NEPARTAK  20160707 0600 216N 1234E 295 062 0914 1004 0361 74 027 0278 0259 0241 0278 D
NHC  04E FOUR      20160707 1200 126N 1105W 280 036 1006 1010 0408 15 111 -999 -999 -999 -999 M -999 -999 -999 -999 72 131N 1194W -999 -999 -999 -999 
NHC  03E BLAS      20160707 1200 161N 1267W 290 046 0958 1010 0510 54 037 0241 0259 0130 0167 D 0130 0111 0056 0074 72 215N 1350W 0065 0056 0037 0046 
JTWC 02W NEPARTAK  20160707 1200 220N 1226E 295 052 0918 1003 0352 71 022 0269 0259 0250 0269 D
