CP, 89, 2013071518, 01, CARQ, -24, 205N, 1404W,  25,    0, TD,  34, AAA,    0,    0,    0,    0,    0,    0,   0,   0,   0,   C,   0,   X,   0,   0,     NONAME,  , 
CP, 89, 2013071518, 01, CARQ, -18, 203N, 1428W,  25,    0, TD,  34, AAA,    0,    0,    0,    0,    0,    0,   0,   0,   0,   C,   0,   X,   0,   0,     NONAME,  , 
CP, 89, 2013071518, 01, CARQ, -12, 202N, 1452W,  25,    0, TD,  34, AAA,    0,    0,    0,    0,    0,    0,   0,   0,   0,   C,   0,   X, 268,  21,     NONAME,  , 
CP, 89, 2013071518, 01, CARQ,  -6, 201N, 1473W,  25,    0, TD,  34, AAA,    0,    0,    0,    0,    0,    0,   0,   0,   0,   C,   0,   X,   0,   0,     NONAME,  , 
CP, 89, 2013071518, 01, CARQ,   0, 200N, 1500W,  25, 1009, TD,  34, NEQ,    0,    0,    0,    0, 1010,  125,   0,   0,   0,   C,   0,   X, 270,  23,     NONAME, S , 
CP, 89, 2013071518, 01, CARQ,   0, 200N, 1500W,  25, 1009, TD,  50, NEQ,    0,    0,    0,    0, 1010,  125,   0,   0,   0,   C,   0,   X, 270,  23,     NONAME, S , 
CP, 89, 2013071518, 01, CARQ,   0, 200N, 1500W,  25, 1009, TD,  64, NEQ,    0,    0,    0,    0, 1010,  125,   0,   0,   0,   C,   0,   X, 270,  23,     NONAME, S , 
CP, 89, 2013071518, 03, BAMD,  12, 217N, 1504W,   0,    0,   ,   0,    ,    0,    0,    0,    0, 
CP, 89, 2013071518, 03, BAMD,  24, 232N, 1506W,   0,    0,   ,   0,    ,    0,    0,    0,    0, 
CP, 89, 2013071518, 03, BAMD,  36, 246N, 1506W,   0,    0,   ,   0,    ,    0,    0,    0,    0, 
CP, 89, 2013071518, 03, BAMD,  48, 256N, 1505W,   0,    0,   ,   0,    ,    0,    0,    0,    0, 
CP, 89, 2013071518, 03, BAMD,  60, 265N, 1505W,   0,    0,   ,   0,    ,    0,    0,    0,    0, 
CP, 89, 2013071518, 03, BAMD,  72, 273N, 1503W,   0,    0,   ,   0,    ,    0,    0,    0,    0, 
CP, 89, 2013071518, 03, BAMD,  84, 281N, 1496W,   0,    0,   ,   0,    ,    0,    0,    0,    0, 
CP, 89, 2013071518, 03, BAMD,  96, 289N, 1482W,   0,    0,   ,   0,    ,    0,    0,    0,    0, 
CP, 89, 2013071518, 03, BAMD, 108, 307N, 1461W,   0,    0,   ,   0,    ,    0,    0,    0,    0, 
CP, 89, 2013071518, 03, BAMD, 120, 334N, 1444W,   0,    0,   ,   0,    ,    0,    0,    0,    0, 
CP, 89, 2013071518, 03, BAMD, 132, 370N, 1445W,   0,    0,   ,   0,    ,    0,    0,    0,    0, 
CP, 89, 2013071518, 03, BAMD, 144, 401N, 1465W,   0,    0,   ,   0,    ,    0,    0,    0,    0, 
CP, 89, 2013071518, 03, BAMD, 156, 421N, 1494W,   0,    0,   ,   0,    ,    0,    0,    0,    0, 
CP, 89, 2013071518, 03, BAMD, 168, 431N, 1529W,   0,    0,   ,   0,    ,    0,    0,    0,    0, 
CP, 89, 2013071518, 03, BAMM,  12, 209N, 1517W,   0,    0,   ,   0,    ,    0,    0,    0,    0, 
CP, 89, 2013071518, 03, BAMM,  24, 216N, 1530W,   0,    0,   ,   0,    ,    0,    0,    0,    0, 
CP, 89, 2013071518, 03, BAMM,  36, 221N, 1542W,   0,    0,   ,   0,    ,    0,    0,    0,    0, 
CP, 89, 2013071518, 03, BAMM,  48, 225N, 1552W,   0,    0,   ,   0,    ,    0,    0,    0,    0, 
CP, 89, 2013071518, 03, BAMM,  60, 228N, 1560W,   0,    0,   ,   0,    ,    0,    0,    0,    0, 
CP, 89, 2013071518, 03, BAMM,  72, 229N, 1570W,   0,    0,   ,   0,    ,    0,    0,    0,    0, 
CP, 89, 2013071518, 03, BAMM,  84, 229N, 1580W,   0,    0,   ,   0,    ,    0,    0,    0,    0, 
CP, 89, 2013071518, 03, BAMM,  96, 228N, 1591W,   0,    0,   ,   0,    ,    0,    0,    0,    0, 
CP, 89, 2013071518, 03, BAMM, 108, 227N, 1604W,   0,    0,   ,   0,    ,    0,    0,    0,    0, 
CP, 89, 2013071518, 03, BAMM, 120, 225N, 1616W,   0,    0,   ,   0,    ,    0,    0,    0,    0, 
CP, 89, 2013071518, 03, BAMM, 132, 222N, 1629W,   0,    0,   ,   0,    ,    0,    0,    0,    0, 
CP, 89, 2013071518, 03, BAMM, 144, 219N, 1640W,   0,    0,   ,   0,    ,    0,    0,    0,    0, 
CP, 89, 2013071518, 03, BAMM, 156, 217N, 1650W,   0,    0,   ,   0,    ,    0,    0,    0,    0, 
CP, 89, 2013071518, 03, BAMM, 168, 217N, 1659W,   0,    0,   ,   0,    ,    0,    0,    0,    0, 
CP, 89, 2013071518, 03, BAMS,  12, 206N, 1519W,   0,    0,   ,   0,    ,    0,    0,    0,    0, 
CP, 89, 2013071518, 03, BAMS,  24, 208N, 1537W,   0,    0,   ,   0,    ,    0,    0,    0,    0, 
CP, 89, 2013071518, 03, BAMS,  36, 209N, 1553W,   0,    0,   ,   0,    ,    0,    0,    0,    0, 
CP, 89, 2013071518, 03, BAMS,  48, 209N, 1570W,   0,    0,   ,   0,    ,    0,    0,    0,    0, 
CP, 89, 2013071518, 03, BAMS,  60, 209N, 1585W,   0,    0,   ,   0,    ,    0,    0,    0,    0, 
CP, 89, 2013071518, 03, BAMS,  72, 209N, 1602W,   0,    0,   ,   0,    ,    0,    0,    0,    0, 
CP, 89, 2013071518, 03, BAMS,  84, 208N, 1619W,   0,    0,   ,   0,    ,    0,    0,    0,    0, 
CP, 89, 2013071518, 03, BAMS,  96, 209N, 1639W,   0,    0,   ,   0,    ,    0,    0,    0,    0, 
CP, 89, 2013071518, 03, BAMS, 108, 209N, 1659W,   0,    0,   ,   0,    ,    0,    0,    0,    0, 
CP, 89, 2013071518, 03, BAMS, 120, 209N, 1682W,   0,    0,   ,   0,    ,    0,    0,    0,    0, 
CP, 89, 2013071518, 03, BAMS, 132, 208N, 1704W,   0,    0,   ,   0,    ,    0,    0,    0,    0, 
CP, 89, 2013071518, 03, BAMS, 144, 207N, 1727W,   0,    0,   ,   0,    ,    0,    0,    0,    0, 
CP, 89, 2013071518, 03, BAMS, 156, 207N, 1748W,   0,    0,   ,   0,    ,    0,    0,    0,    0, 
CP, 89, 2013071518, 03, BAMS, 168, 208N, 1770W,   0,    0,   ,   0,    ,    0,    0,    0,    0, 
CP, 89, 2013071518, 03, CLIP,  12, 201N, 1546W,   0,    0,   ,   0,    ,    0,    0,    0,    0, 
CP, 89, 2013071518, 03, CLIP,  24, 201N, 1588W,   0,    0,   ,   0,    ,    0,    0,    0,    0, 
CP, 89, 2013071518, 03, CLIP,  36, 202N, 1620W,   0,    0,   ,   0,    ,    0,    0,    0,    0, 
CP, 89, 2013071518, 03, CLIP,  48, 204N, 1645W,   0,    0,   ,   0,    ,    0,    0,    0,    0, 
CP, 89, 2013071518, 03, CLIP,  60, 218N, 1673W,   0,    0,   ,   0,    ,    0,    0,    0,    0, 
CP, 89, 2013071518, 03, CLIP,  72, 222N, 1704W,   0,    0,   ,   0,    ,    0,    0,    0,    0, 
CP, 89, 2013071518, 03, CLP5,  12, 200N, 1545W,   0,    0,   ,   0,    ,    0,    0,    0,    0, 
CP, 89, 2013071518, 03, CLP5,  24, 201N, 1587W,   0,    0,   ,   0,    ,    0,    0,    0,    0, 
CP, 89, 2013071518, 03, CLP5,  36, 203N, 1626W,   0,    0,   ,   0,    ,    0,    0,    0,    0, 
CP, 89, 2013071518, 03, CLP5,  48, 205N, 1664W,   0,    0,   ,   0,    ,    0,    0,    0,    0, 
CP, 89, 2013071518, 03, CLP5,  60, 208N, 1695W,   0,    0,   ,   0,    ,    0,    0,    0,    0, 
CP, 89, 2013071518, 03, CLP5,  72, 213N, 1725W,   0,    0,   ,   0,    ,    0,    0,    0,    0, 
CP, 89, 2013071518, 03, CLP5,  84, 217N, 1754W,   0,    0,   ,   0,    ,    0,    0,    0,    0, 
CP, 89, 2013071518, 03, CLP5,  96, 223N, 1778W,   0,    0,   ,   0,    ,    0,    0,    0,    0, 
CP, 89, 2013071518, 03, CLP5, 108, 230N, 1795E,   0,    0,   ,   0,    ,    0,    0,    0,    0, 
CP, 89, 2013071518, 03, CLP5, 120, 237N, 1767E,   0,    0,   ,   0,    ,    0,    0,    0,    0, 
CP, 89, 2013071518, 03, DSHP,   0, 200N, 1500W,  25,    0, TD,   0,    ,    0,    0,    0,    0, 
CP, 89, 2013071518, 03, DSHP,  12, 209N, 1517W,  27,    0, TD,   0,    ,    0,    0,    0,    0, 
CP, 89, 2013071518, 03, DSHP,  24, 216N, 1530W,  31,    0, TD,   0,    ,    0,    0,    0,    0, 
CP, 89, 2013071518, 03, DSHP,  36, 221N, 1542W,  28,    0, TD,   0,    ,    0,    0,    0,    0, 
CP, 89, 2013071518, 03, DSHP,  48, 225N, 1552W,  22,    0, TD,   0,    ,    0,    0,    0,    0, 
CP, 89, 2013071518, 03, LBAR,   0, 200N, 1500W,  25,    0,   ,   0,    ,    0,    0,    0,    0, 
CP, 89, 2013071518, 03, LBAR,  12, 214N, 1523W,   0,    0,   ,   0,    ,    0,    0,    0,    0, 
CP, 89, 2013071518, 03, LBAR,  24, 229N, 1540W,   0,    0,   ,   0,    ,    0,    0,    0,    0, 
CP, 89, 2013071518, 03, LBAR,  36, 248N, 1554W,   0,    0,   ,   0,    ,    0,    0,    0,    0, 
CP, 89, 2013071518, 03, LBAR,  48, 269N, 1567W,   0,    0,   ,   0,    ,    0,    0,    0,    0, 
CP, 89, 2013071518, 03, LBAR,  60, 286N, 1577W,   0,    0,   ,   0,    ,    0,    0,    0,    0, 
CP, 89, 2013071518, 03, LBAR,  72, 299N, 1591W,   0,    0,   ,   0,    ,    0,    0,    0,    0, 
CP, 89, 2013071518, 03, LBAR,  84, 300N, 1590W,   0,    0,   ,   0,    ,    0,    0,    0,    0, 
CP, 89, 2013071518, 03, LBAR,  96, 295N, 1585W,   0,    0,   ,   0,    ,    0,    0,    0,    0, 
CP, 89, 2013071518, 03, LBAR, 108, 284N, 1581W,   0,    0,   ,   0,    ,    0,    0,    0,    0, 
CP, 89, 2013071518, 03, LBAR, 120, 276N, 1575W,   0,    0,   ,   0,    ,    0,    0,    0,    0, 
CP, 89, 2013071518, 03, LGEM,   0, 200N, 1500W,  25,    0, TD,   0,    ,    0,    0,    0,    0, 
CP, 89, 2013071518, 03, LGEM,  12, 209N, 1517W,  24,    0, TD,   0,    ,    0,    0,    0,    0, 
CP, 89, 2013071518, 03, LGEM,  24, 216N, 1530W,  22,    0, TD,   0,    ,    0,    0,    0,    0, 
CP, 89, 2013071518, 03, LGEM,  36, 221N, 1542W,  20,    0, TD,   0,    ,    0,    0,    0,    0, 
CP, 89, 2013071518, 03, LGEM,  48, 225N, 1552W,  19,    0, TD,   0,    ,    0,    0,    0,    0, 
CP, 89, 2013071518, 03, LGEM,  60, 228N, 1560W,  18,    0, TD,   0,    ,    0,    0,    0,    0, 
CP, 89, 2013071518, 03, LGEM,  72, 229N, 1570W,  18,    0, TD,   0,    ,    0,    0,    0,    0, 
CP, 89, 2013071518, 03, LGEM,  84, 229N, 1580W,  18,    0, TD,   0,    ,    0,    0,    0,    0, 
CP, 89, 2013071518, 03, LGEM,  96, 228N, 1591W,  18,    0, TD,   0,    ,    0,    0,    0,    0, 
CP, 89, 2013071518, 03, LGEM, 108, 227N, 1604W,  18,    0, TD,   0,    ,    0,    0,    0,    0, 
CP, 89, 2013071518, 03, LGEM, 120, 225N, 1616W,  18,    0, TD,   0,    ,    0,    0,    0,    0, 
CP, 89, 2013071518, 03, SHF5,   0,   0N,    0W,  25,    0,   ,   0,    ,    0,    0,    0,    0, 
CP, 89, 2013071518, 03, SHF5,  12,   0N,    0W,  22,    0,   ,   0,    ,    0,    0,    0,    0, 
CP, 89, 2013071518, 03, SHF5,  24,   0N,    0W,  18,    0,   ,   0,    ,    0,    0,    0,    0, 
CP, 89, 2013071518, 03, SHF5,  36,   0N,    0W,  15,    0,   ,   0,    ,    0,    0,    0,    0, 
CP, 89, 2013071518, 03, SHF5,  48,   0N,    0W,  16,    0,   ,   0,    ,    0,    0,    0,    0, 
CP, 89, 2013071518, 03, SHF5,  60,   0N,    0W,   7,    0,   ,   0,    ,    0,    0,    0,    0, 
CP, 89, 2013071518, 03, SHF5,  72,   0N,    0W,   6,    0,   ,   0,    ,    0,    0,    0,    0, 
CP, 89, 2013071518, 03, SHF5,  84,   0N,    0W,  11,    0,   ,   0,    ,    0,    0,    0,    0, 
CP, 89, 2013071518, 03, SHF5,  96,   0N,    0W,   9,    0,   ,   0,    ,    0,    0,    0,    0, 
CP, 89, 2013071518, 03, SHF5, 108,   0N,    0W,  14,    0,   ,   0,    ,    0,    0,    0,    0, 
CP, 89, 2013071518, 03, SHF5, 120,   0N,    0W,  24,    0,   ,   0,    ,    0,    0,    0,    0, 
CP, 89, 2013071518, 03, SHFR,  12,   0N,    0W,  25,    0,   ,   0,    ,    0,    0,    0,    0, 
CP, 89, 2013071518, 03, SHFR,  24,   0N,    0W,  27,    0,   ,   0,    ,    0,    0,    0,    0, 
CP, 89, 2013071518, 03, SHFR,  36,   0N,    0W,  28,    0,   ,   0,    ,    0,    0,    0,    0, 
CP, 89, 2013071518, 03, SHFR,  48,   0N,    0W,  30,    0,   ,   0,    ,    0,    0,    0,    0, 
CP, 89, 2013071518, 03, SHFR,  60,   0N,    0W,  30,    0,   ,   0,    ,    0,    0,    0,    0, 
CP, 89, 2013071518, 03, SHFR,  72,   0N,    0W,  29,    0,   ,   0,    ,    0,    0,    0,    0, 
CP, 89, 2013071518, 03, SHIP,   0, 200N, 1500W,  25,    0, TD,   0,    ,    0,    0,    0,    0, 
CP, 89, 2013071518, 03, SHIP,  12, 209N, 1517W,  27,    0, TD,   0,    ,    0,    0,    0,    0, 
CP, 89, 2013071518, 03, SHIP,  24, 216N, 1530W,  31,    0, TD,   0,    ,    0,    0,    0,    0, 
CP, 89, 2013071518, 03, SHIP,  36, 221N, 1542W,  28,    0, TD,   0,    ,    0,    0,    0,    0, 
CP, 89, 2013071518, 03, SHIP,  48, 225N, 1552W,  22,    0, TD,   0,    ,    0,    0,    0,    0, 
CP, 89, 2013071518, 03, XTRP,   0, 200N, 1500W,   0,    0,   ,   0,    ,    0,    0,    0,    0, 
CP, 89, 2013071518, 03, XTRP,  12, 198N, 1547W,   0,    0,   ,   0,    ,    0,    0,    0,    0, 
CP, 89, 2013071518, 03, XTRP,  24, 195N, 1595W,   0,    0,   ,   0,    ,    0,    0,    0,    0, 
CP, 89, 2013071518, 03, XTRP,  36, 193N, 1643W,   0,    0,   ,   0,    ,    0,    0,    0,    0, 
CP, 89, 2013071518, 03, XTRP,  48, 191N, 1690W,   0,    0,   ,   0,    ,    0,    0,    0,    0, 
CP, 89, 2013071518, 03, XTRP,  60, 188N, 1738W,   0,    0,   ,   0,    ,    0,    0,    0,    0, 
CP, 89, 2013071518, 03, XTRP,  72, 186N, 1785W,   0,    0,   ,   0,    ,    0,    0,    0,    0, 
CP, 89, 2013071518, 03, XTRP,  84, 183N, 1767E,   0,    0,   ,   0,    ,    0,    0,    0,    0, 
CP, 89, 2013071518, 03, XTRP,  96, 181N, 1720E,   0,    0,   ,   0,    ,    0,    0,    0,    0, 
CP, 89, 2013071518, 03, XTRP, 108, 179N, 1672E,   0,    0,   ,   0,    ,    0,    0,    0,    0, 
CP, 89, 2013071518, 03, XTRP, 120, 176N, 1625E,   0,    0,   ,   0,    ,    0,    0,    0,    0, 
CP, 89, 2013071518, 03, XTRP, 132, 174N, 1578E,   0,    0,   ,   0,    ,    0,    0,    0,    0, 
CP, 89, 2013071518, 03, XTRP, 144, 172N, 1531E,   0,    0,   ,   0,    ,    0,    0,    0,    0, 
CP, 89, 2013071518, 03, XTRP, 156, 169N, 1483E,   0,    0,   ,   0,    ,    0,    0,    0,    0, 
CP, 89, 2013071518, 03, XTRP, 168, 167N, 1436E,   0,    0,   ,   0,    ,    0,    0,    0,    0, 
CP, 89, 2013071600, 01, CARQ, -24, 201N, 1403W,  25,    0, DB,  34, AAA,    0,    0,    0,    0,    0,    0,   0,   0,   0,   C,   0,   X,   0,   0,     NONAME,  , 
CP, 89, 2013071600, 01, CARQ, -18, 202N, 1452W,  25,    0, DB,  34, AAA,    0,    0,    0,    0,    0,    0,   0,   0,   0,   C,   0,   X,   0,   0,     NONAME,  , 
CP, 89, 2013071600, 01, CARQ, -12, 201N, 1473W,  25,    0, DB,  34, AAA,    0,    0,    0,    0,    0,    0,   0,   0,   0,   C,   0,   X, 268,  23,     NONAME,  , 
CP, 89, 2013071600, 01, CARQ,  -6, 200N, 1500W,  25,    0, DB,  34, AAA,    0,    0,    0,    0,    0,    0,   0,   0,   0,   C,   0,   X,   0,   0,     NONAME,  , 
CP, 89, 2013071600, 01, CARQ,   0, 203N, 1522W,  25, 1008, DB,  34, NEQ,    0,    0,    0,    0, 1010,   90,  70,   0,   0,   C,   0,   X, 270,  22,     NONAME, S , 
CP, 89, 2013071600, 01, CARQ,   0, 203N, 1522W,  25, 1008, DB,  50, NEQ,    0,    0,    0,    0, 1010,   90,  70,   0,   0,   C,   0,   X, 270,  22,     NONAME, S , 
CP, 89, 2013071600, 01, CARQ,   0, 203N, 1522W,  25, 1008, DB,  64, NEQ,    0,    0,    0,    0, 1010,   90,  70,   0,   0,   C,   0,   X, 270,  22,     NONAME, S , 
CP, 89, 2013071600, 03, BAMD,  12, 222N, 1520W,   0,    0,   ,   0,    ,    0,    0,    0,    0, 
CP, 89, 2013071600, 03, BAMD,  24, 237N, 1517W,   0,    0,   ,   0,    ,    0,    0,    0,    0, 
CP, 89, 2013071600, 03, BAMD,  36, 248N, 1514W,   0,    0,   ,   0,    ,    0,    0,    0,    0, 
CP, 89, 2013071600, 03, BAMD,  48, 258N, 1511W,   0,    0,   ,   0,    ,    0,    0,    0,    0, 
CP, 89, 2013071600, 03, BAMD,  60, 266N, 1507W,   0,    0,   ,   0,    ,    0,    0,    0,    0, 
CP, 89, 2013071600, 03, BAMD,  72, 275N, 1502W,   0,    0,   ,   0,    ,    0,    0,    0,    0, 
CP, 89, 2013071600, 03, BAMD,  84, 282N, 1491W,   0,    0,   ,   0,    ,    0,    0,    0,    0, 
CP, 89, 2013071600, 03, BAMD,  96, 291N, 1475W,   0,    0,   ,   0,    ,    0,    0,    0,    0, 
CP, 89, 2013071600, 03, BAMD, 108, 309N, 1455W,   0,    0,   ,   0,    ,    0,    0,    0,    0, 
CP, 89, 2013071600, 03, BAMD, 120, 338N, 1443W,   0,    0,   ,   0,    ,    0,    0,    0,    0, 
CP, 89, 2013071600, 03, BAMD, 132, 374N, 1447W,   0,    0,   ,   0,    ,    0,    0,    0,    0, 
CP, 89, 2013071600, 03, BAMD, 144, 403N, 1466W,   0,    0,   ,   0,    ,    0,    0,    0,    0, 
CP, 89, 2013071600, 03, BAMD, 156, 421N, 1487W,   0,    0,   ,   0,    ,    0,    0,    0,    0, 
CP, 89, 2013071600, 03, BAMD, 168, 430N, 1501W,   0,    0,   ,   0,    ,    0,    0,    0,    0, 
CP, 89, 2013071600, 03, BAMM,  12, 212N, 1537W,   0,    0,   ,   0,    ,    0,    0,    0,    0, 
CP, 89, 2013071600, 03, BAMM,  24, 219N, 1549W,   0,    0,   ,   0,    ,    0,    0,    0,    0, 
CP, 89, 2013071600, 03, BAMM,  36, 223N, 1557W,   0,    0,   ,   0,    ,    0,    0,    0,    0, 
CP, 89, 2013071600, 03, BAMM,  48, 226N, 1565W,   0,    0,   ,   0,    ,    0,    0,    0,    0, 
CP, 89, 2013071600, 03, BAMM,  60, 228N, 1573W,   0,    0,   ,   0,    ,    0,    0,    0,    0, 
CP, 89, 2013071600, 03, BAMM,  72, 228N, 1582W,   0,    0,   ,   0,    ,    0,    0,    0,    0, 
CP, 89, 2013071600, 03, BAMM,  84, 228N, 1593W,   0,    0,   ,   0,    ,    0,    0,    0,    0, 
CP, 89, 2013071600, 03, BAMM,  96, 227N, 1605W,   0,    0,   ,   0,    ,    0,    0,    0,    0, 
CP, 89, 2013071600, 03, BAMM, 108, 226N, 1616W,   0,    0,   ,   0,    ,    0,    0,    0,    0, 
CP, 89, 2013071600, 03, BAMM, 120, 223N, 1627W,   0,    0,   ,   0,    ,    0,    0,    0,    0, 
CP, 89, 2013071600, 03, BAMM, 132, 220N, 1637W,   0,    0,   ,   0,    ,    0,    0,    0,    0, 
CP, 89, 2013071600, 03, BAMM, 144, 217N, 1645W,   0,    0,   ,   0,    ,    0,    0,    0,    0, 
CP, 89, 2013071600, 03, BAMM, 156, 217N, 1651W,   0,    0,   ,   0,    ,    0,    0,    0,    0, 
CP, 89, 2013071600, 03, BAMM, 168, 219N, 1656W,   0,    0,   ,   0,    ,    0,    0,    0,    0, 
CP, 89, 2013071600, 03, BAMS,  12, 208N, 1541W,   0,    0,   ,   0,    ,    0,    0,    0,    0, 
CP, 89, 2013071600, 03, BAMS,  24, 211N, 1557W,   0,    0,   ,   0,    ,    0,    0,    0,    0, 
CP, 89, 2013071600, 03, BAMS,  36, 212N, 1574W,   0,    0,   ,   0,    ,    0,    0,    0,    0, 
CP, 89, 2013071600, 03, BAMS,  48, 214N, 1590W,   0,    0,   ,   0,    ,    0,    0,    0,    0, 
CP, 89, 2013071600, 03, BAMS,  60, 214N, 1606W,   0,    0,   ,   0,    ,    0,    0,    0,    0, 
CP, 89, 2013071600, 03, BAMS,  72, 215N, 1622W,   0,    0,   ,   0,    ,    0,    0,    0,    0, 
CP, 89, 2013071600, 03, BAMS,  84, 216N, 1640W,   0,    0,   ,   0,    ,    0,    0,    0,    0, 
CP, 89, 2013071600, 03, BAMS,  96, 217N, 1660W,   0,    0,   ,   0,    ,    0,    0,    0,    0, 
CP, 89, 2013071600, 03, BAMS, 108, 216N, 1681W,   0,    0,   ,   0,    ,    0,    0,    0,    0, 
CP, 89, 2013071600, 03, BAMS, 120, 216N, 1703W,   0,    0,   ,   0,    ,    0,    0,    0,    0, 
CP, 89, 2013071600, 03, BAMS, 132, 215N, 1724W,   0,    0,   ,   0,    ,    0,    0,    0,    0, 
CP, 89, 2013071600, 03, BAMS, 144, 216N, 1745W,   0,    0,   ,   0,    ,    0,    0,    0,    0, 
CP, 89, 2013071600, 03, BAMS, 156, 217N, 1764W,   0,    0,   ,   0,    ,    0,    0,    0,    0, 
CP, 89, 2013071600, 03, BAMS, 168, 218N, 1782W,   0,    0,   ,   0,    ,    0,    0,    0,    0, 
CP, 89, 2013071600, 03, CLIP,  12, 203N, 1566W,   0,    0,   ,   0,    ,    0,    0,    0,    0, 
CP, 89, 2013071600, 03, CLIP,  24, 202N, 1617W,   0,    0,   ,   0,    ,    0,    0,    0,    0, 
CP, 89, 2013071600, 03, CLIP,  36, 202N, 1656W,   0,    0,   ,   0,    ,    0,    0,    0,    0, 
CP, 89, 2013071600, 03, CLIP,  48, 218N, 1675W,   0,    0,   ,   0,    ,    0,    0,    0,    0, 
CP, 89, 2013071600, 03, CLIP,  60, 235N, 1686W,   0,    0,   ,   0,    ,    0,    0,    0,    0, 
CP, 89, 2013071600, 03, CLIP,  72, 244N, 1710W,   0,    0,   ,   0,    ,    0,    0,    0,    0, 
CP, 89, 2013071600, 03, CLP5,  12, 203N, 1565W,   0,    0,   ,   0,    ,    0,    0,    0,    0, 
CP, 89, 2013071600, 03, CLP5,  24, 204N, 1605W,   0,    0,   ,   0,    ,    0,    0,    0,    0, 
CP, 89, 2013071600, 03, CLP5,  36, 206N, 1644W,   0,    0,   ,   0,    ,    0,    0,    0,    0, 
CP, 89, 2013071600, 03, CLP5,  48, 208N, 1680W,   0,    0,   ,   0,    ,    0,    0,    0,    0, 
CP, 89, 2013071600, 03, CLP5,  60, 211N, 1710W,   0,    0,   ,   0,    ,    0,    0,    0,    0, 
CP, 89, 2013071600, 03, CLP5,  72, 216N, 1739W,   0,    0,   ,   0,    ,    0,    0,    0,    0, 
CP, 89, 2013071600, 03, CLP5,  84, 220N, 1767W,   0,    0,   ,   0,    ,    0,    0,    0,    0, 
CP, 89, 2013071600, 03, CLP5,  96, 226N, 1790W,   0,    0,   ,   0,    ,    0,    0,    0,    0, 
CP, 89, 2013071600, 03, CLP5, 108, 233N, 1783E,   0,    0,   ,   0,    ,    0,    0,    0,    0, 
CP, 89, 2013071600, 03, CLP5, 120, 240N, 1757E,   0,    0,   ,   0,    ,    0,    0,    0,    0, 
CP, 89, 2013071600, 03, DSHP,   0, 203N, 1522W,  25,    0, TD,   0,    ,    0,    0,    0,    0, 
CP, 89, 2013071600, 03, DSHP,  12, 212N, 1537W,  28,    0, TD,   0,    ,    0,    0,    0,    0, 
CP, 89, 2013071600, 03, DSHP,  24, 219N, 1549W,  32,    0, TD,   0,    ,    0,    0,    0,    0, 
CP, 89, 2013071600, 03, DSHP,  36, 223N, 1557W,  29,    0, TD,   0,    ,    0,    0,    0,    0, 
CP, 89, 2013071600, 03, DSHP,  48, 226N, 1565W,  23,    0, TD,   0,    ,    0,    0,    0,    0, 
CP, 89, 2013071600, 03, LBAR,   0, 203N, 1522W,  25,    0,   ,   0,    ,    0,    0,    0,    0, 
CP, 89, 2013071600, 03, LBAR,  12, 215N, 1541W,   0,    0,   ,   0,    ,    0,    0,    0,    0, 
CP, 89, 2013071600, 03, LBAR,  24, 233N, 1554W,   0,    0,   ,   0,    ,    0,    0,    0,    0, 
CP, 89, 2013071600, 03, LBAR,  36, 254N, 1567W,   0,    0,   ,   0,    ,    0,    0,    0,    0, 
CP, 89, 2013071600, 03, LBAR,  48, 271N, 1580W,   0,    0,   ,   0,    ,    0,    0,    0,    0, 
CP, 89, 2013071600, 03, LBAR,  60, 283N, 1588W,   0,    0,   ,   0,    ,    0,    0,    0,    0, 
CP, 89, 2013071600, 03, LBAR,  72, 289N, 1591W,   0,    0,   ,   0,    ,    0,    0,    0,    0, 
CP, 89, 2013071600, 03, LBAR,  84, 287N, 1590W,   0,    0,   ,   0,    ,    0,    0,    0,    0, 
CP, 89, 2013071600, 03, LBAR,  96, 281N, 1589W,   0,    0,   ,   0,    ,    0,    0,    0,    0, 
CP, 89, 2013071600, 03, LBAR, 108, 281N, 1569W,   0,    0,   ,   0,    ,    0,    0,    0,    0, 
CP, 89, 2013071600, 03, LBAR, 120, 279N, 1563W,   0,    0,   ,   0,    ,    0,    0,    0,    0, 
CP, 89, 2013071600, 03, LGEM,   0, 203N, 1522W,  25,    0, TD,   0,    ,    0,    0,    0,    0, 
CP, 89, 2013071600, 03, LGEM,  12, 212N, 1537W,  24,    0, TD,   0,    ,    0,    0,    0,    0, 
CP, 89, 2013071600, 03, LGEM,  24, 219N, 1549W,  22,    0, TD,   0,    ,    0,    0,    0,    0, 
CP, 89, 2013071600, 03, LGEM,  36, 223N, 1557W,  21,    0, TD,   0,    ,    0,    0,    0,    0, 
CP, 89, 2013071600, 03, LGEM,  48, 226N, 1565W,  20,    0, TD,   0,    ,    0,    0,    0,    0, 
CP, 89, 2013071600, 03, LGEM,  60, 228N, 1573W,  19,    0, TD,   0,    ,    0,    0,    0,    0, 
CP, 89, 2013071600, 03, LGEM,  72, 228N, 1582W,  18,    0, TD,   0,    ,    0,    0,    0,    0, 
CP, 89, 2013071600, 03, LGEM,  84, 228N, 1593W,  18,    0, TD,   0,    ,    0,    0,    0,    0, 
CP, 89, 2013071600, 03, LGEM,  96, 227N, 1605W,  18,    0, TD,   0,    ,    0,    0,    0,    0, 
CP, 89, 2013071600, 03, LGEM, 108, 226N, 1616W,  18,    0, TD,   0,    ,    0,    0,    0,    0, 
CP, 89, 2013071600, 03, LGEM, 120, 223N, 1627W,  18,    0, TD,   0,    ,    0,    0,    0,    0, 
CP, 89, 2013071600, 03, SHF5,   0,   0N,    0W,  25,    0,   ,   0,    ,    0,    0,    0,    0, 
CP, 89, 2013071600, 03, SHF5,  12,   0N,    0W,  22,    0,   ,   0,    ,    0,    0,    0,    0, 
CP, 89, 2013071600, 03, SHF5,  24,   0N,    0W,  18,    0,   ,   0,    ,    0,    0,    0,    0, 
CP, 89, 2013071600, 03, SHF5,  36,   0N,    0W,  15,    0,   ,   0,    ,    0,    0,    0,    0, 
CP, 89, 2013071600, 03, SHF5,  48,   0N,    0W,  17,    0,   ,   0,    ,    0,    0,    0,    0, 
CP, 89, 2013071600, 03, SHF5,  60,   0N,    0W,   5,    0,   ,   0,    ,    0,    0,    0,    0, 
CP, 89, 2013071600, 03, SHF5,  72,   0N,    0W,   4,    0,   ,   0,    ,    0,    0,    0,    0, 
CP, 89, 2013071600, 03, SHF5,  84,   0N,    0W,   6,    0,   ,   0,    ,    0,    0,    0,    0, 
CP, 89, 2013071600, 03, SHF5,  96,   0N,    0W,   3,    0,   ,   0,    ,    0,    0,    0,    0, 
CP, 89, 2013071600, 03, SHF5, 108,   0N,    0W,   7,    0,   ,   0,    ,    0,    0,    0,    0, 
CP, 89, 2013071600, 03, SHF5, 120,   0N,    0W,  18,    0,   ,   0,    ,    0,    0,    0,    0, 
CP, 89, 2013071600, 03, SHFR,  12,   0N,    0W,  25,    0,   ,   0,    ,    0,    0,    0,    0, 
CP, 89, 2013071600, 03, SHFR,  24,   0N,    0W,  27,    0,   ,   0,    ,    0,    0,    0,    0, 
CP, 89, 2013071600, 03, SHFR,  36,   0N,    0W,  29,    0,   ,   0,    ,    0,    0,    0,    0, 
CP, 89, 2013071600, 03, SHFR,  48,   0N,    0W,  30,    0,   ,   0,    ,    0,    0,    0,    0, 
CP, 89, 2013071600, 03, SHFR,  60,   0N,    0W,  30,    0,   ,   0,    ,    0,    0,    0,    0, 
CP, 89, 2013071600, 03, SHFR,  72,   0N,    0W,  30,    0,   ,   0,    ,    0,    0,    0,    0, 
CP, 89, 2013071600, 03, SHIP,   0, 203N, 1522W,  25,    0, TD,   0,    ,    0,    0,    0,    0, 
CP, 89, 2013071600, 03, SHIP,  12, 212N, 1537W,  28,    0, TD,   0,    ,    0,    0,    0,    0, 
CP, 89, 2013071600, 03, SHIP,  24, 219N, 1549W,  32,    0, TD,   0,    ,    0,    0,    0,    0, 
CP, 89, 2013071600, 03, SHIP,  36, 223N, 1557W,  29,    0, TD,   0,    ,    0,    0,    0,    0, 
CP, 89, 2013071600, 03, SHIP,  48, 226N, 1565W,  23,    0, TD,   0,    ,    0,    0,    0,    0, 
CP, 89, 2013071600, 03, XTRP,   0, 203N, 1522W,   0,    0,   ,   0,    ,    0,    0,    0,    0, 
CP, 89, 2013071600, 03, XTRP,  12, 205N, 1570W,   0,    0,   ,   0,    ,    0,    0,    0,    0, 
CP, 89, 2013071600, 03, XTRP,  24, 206N, 1619W,   0,    0,   ,   0,    ,    0,    0,    0,    0, 
CP, 89, 2013071600, 03, XTRP,  36, 208N, 1668W,   0,    0,   ,   0,    ,    0,    0,    0,    0, 
CP, 89, 2013071600, 03, XTRP,  48, 209N, 1718W,   0,    0,   ,   0,    ,    0,    0,    0,    0, 
CP, 89, 2013071600, 03, XTRP,  60, 211N, 1767W,   0,    0,   ,   0,    ,    0,    0,    0,    0, 
CP, 89, 2013071600, 03, XTRP,  72, 213N, 1784E,   0,    0,   ,   0,    ,    0,    0,    0,    0, 
CP, 89, 2013071600, 03, XTRP,  84, 214N, 1734E,   0,    0,   ,   0,    ,    0,    0,    0,    0, 
CP, 89, 2013071600, 03, XTRP,  96, 216N, 1685E,   0,    0,   ,   0,    ,    0,    0,    0,    0, 
CP, 89, 2013071600, 03, XTRP, 108, 217N, 1635E,   0,    0,   ,   0,    ,    0,    0,    0,    0, 
CP, 89, 2013071600, 03, XTRP, 120, 219N, 1586E,   0,    0,   ,   0,    ,    0,    0,    0,    0, 
CP, 89, 2013071600, 03, XTRP, 132, 221N, 1536E,   0,    0,   ,   0,    ,    0,    0,    0,    0, 
CP, 89, 2013071600, 03, XTRP, 144, 222N, 1487E,   0,    0,   ,   0,    ,    0,    0,    0,    0, 
CP, 89, 2013071600, 03, XTRP, 156, 224N, 1437E,   0,    0,   ,   0,    ,    0,    0,    0,    0, 
CP, 89, 2013071600, 03, XTRP, 168, 225N, 1387E,   0,    0,   ,   0,    ,    0,    0,    0,    0, 
CP, 89, 2013071706, 01, CARQ, -24, 208N, 1544W,  25,    0, DB,  34, AAA,    0,    0,    0,    0,    0,    0,   0,   0,   0,   C,   0,   X,   0,   0,     NONAME,  , 
CP, 89, 2013071706, 01, CARQ, -18, 222N, 1561W,  25,    0, DB,  34, AAA,    0,    0,    0,    0,    0,    0,   0,   0,   0,   C,   0,   X,   0,   0,     NONAME,  , 
CP, 89, 2013071706, 01, CARQ, -12, 235N, 1580W,  25,    0, DB,  34, AAA,    0,    0,    0,    0,    0,    0,   0,   0,   0,   C,   0,   X, 323,  22,     NONAME,  , 
CP, 89, 2013071706, 01, CARQ,  -6, 257N, 1590W,  25,    0, DB,  34, AAA,    0,    0,    0,    0,    0,    0,   0,   0,   0,   C,   0,   X,   0,   0,     NONAME,  , 
CP, 89, 2013071706, 01, CARQ,   0, 282N, 1594W,  25, 1008, DB,  34, NEQ,    0,    0,    0,    0, 1010,   90,  70,   0,   0,   C,   0,   X, 335,  22,     NONAME, S , 
CP, 89, 2013071706, 01, CARQ,   0, 282N, 1594W,  25, 1008, DB,  50, NEQ,    0,    0,    0,    0, 1010,   90,  70,   0,   0,   C,   0,   X, 335,  22,     NONAME, S , 
CP, 89, 2013071706, 01, CARQ,   0, 282N, 1594W,  25, 1008, DB,  64, NEQ,    0,    0,    0,    0, 1010,   90,  70,   0,   0,   C,   0,   X, 335,  22,     NONAME, S , 
CP, 89, 2013071706, 03, BAMD,  12, 294N, 1604W,   0,    0,   ,   0,    ,    0,    0,    0,    0, 
CP, 89, 2013071706, 03, BAMD,  24, 304N, 1613W,   0,    0,   ,   0,    ,    0,    0,    0,    0, 
CP, 89, 2013071706, 03, BAMD,  36, 309N, 1619W,   0,    0,   ,   0,    ,    0,    0,    0,    0, 
CP, 89, 2013071706, 03, BAMD,  48, 311N, 1624W,   0,    0,   ,   0,    ,    0,    0,    0,    0, 
CP, 89, 2013071706, 03, BAMD,  60, 307N, 1629W,   0,    0,   ,   0,    ,    0,    0,    0,    0, 
CP, 89, 2013071706, 03, BAMD,  72, 300N, 1636W,   0,    0,   ,   0,    ,    0,    0,    0,    0, 
CP, 89, 2013071706, 03, BAMD,  84, 289N, 1648W,   0,    0,   ,   0,    ,    0,    0,    0,    0, 
CP, 89, 2013071706, 03, BAMD,  96, 278N, 1661W,   0,    0,   ,   0,    ,    0,    0,    0,    0, 
CP, 89, 2013071706, 03, BAMD, 108, 267N, 1673W,   0,    0,   ,   0,    ,    0,    0,    0,    0, 
CP, 89, 2013071706, 03, BAMD, 120, 258N, 1686W,   0,    0,   ,   0,    ,    0,    0,    0,    0, 
CP, 89, 2013071706, 03, BAMD, 132, 249N, 1699W,   0,    0,   ,   0,    ,    0,    0,    0,    0, 
CP, 89, 2013071706, 03, BAMD, 144, 241N, 1714W,   0,    0,   ,   0,    ,    0,    0,    0,    0, 
CP, 89, 2013071706, 03, BAMD, 156, 233N, 1728W,   0,    0,   ,   0,    ,    0,    0,    0,    0, 
CP, 89, 2013071706, 03, BAMD, 168, 227N, 1743W,   0,    0,   ,   0,    ,    0,    0,    0,    0, 
CP, 89, 2013071706, 03, BAMM,  12, 298N, 1610W,   0,    0,   ,   0,    ,    0,    0,    0,    0, 
CP, 89, 2013071706, 03, BAMM,  24, 317N, 1624W,   0,    0,   ,   0,    ,    0,    0,    0,    0, 
CP, 89, 2013071706, 03, BAMM,  36, 339N, 1633W,   0,    0,   ,   0,    ,    0,    0,    0,    0, 
CP, 89, 2013071706, 03, BAMM,  48, 360N, 1638W,   0,    0,   ,   0,    ,    0,    0,    0,    0, 
CP, 89, 2013071706, 03, BAMM,  60, 379N, 1642W,   0,    0,   ,   0,    ,    0,    0,    0,    0, 
CP, 89, 2013071706, 03, BAMM,  72, 396N, 1649W,   0,    0,   ,   0,    ,    0,    0,    0,    0, 
CP, 89, 2013071706, 03, BAMM,  84, 416N, 1654W,   0,    0,   ,   0,    ,    0,    0,    0,    0, 
CP, 89, 2013071706, 03, BAMM,  96, 439N, 1655W,   0,    0,   ,   0,    ,    0,    0,    0,    0, 
CP, 89, 2013071706, 03, BAMM, 108, 463N, 1650W,   0,    0,   ,   0,    ,    0,    0,    0,    0, 
CP, 89, 2013071706, 03, BAMM, 120, 487N, 1642W,   0,    0,   ,   0,    ,    0,    0,    0,    0, 
CP, 89, 2013071706, 03, BAMM, 132, 509N, 1634W,   0,    0,   ,   0,    ,    0,    0,    0,    0, 
CP, 89, 2013071706, 03, BAMM, 144, 531N, 1632W,   0,    0,   ,   0,    ,    0,    0,    0,    0, 
CP, 89, 2013071706, 03, BAMM, 156, 552N, 1632W,   0,    0,   ,   0,    ,    0,    0,    0,    0, 
CP, 89, 2013071706, 03, BAMM, 168, 574N, 1633W,   0,    0,   ,   0,    ,    0,    0,    0,    0, 
CP, 89, 2013071706, 03, BAMS,  12, 299N, 1616W,   0,    0,   ,   0,    ,    0,    0,    0,    0, 
CP, 89, 2013071706, 03, BAMS,  24, 323N, 1635W,   0,    0,   ,   0,    ,    0,    0,    0,    0, 
CP, 89, 2013071706, 03, BAMS,  36, 352N, 1650W,   0,    0,   ,   0,    ,    0,    0,    0,    0, 
CP, 89, 2013071706, 03, BAMS,  48, 386N, 1664W,   0,    0,   ,   0,    ,    0,    0,    0,    0, 
CP, 89, 2013071706, 03, BAMS,  60, 422N, 1678W,   0,    0,   ,   0,    ,    0,    0,    0,    0, 
CP, 89, 2013071706, 03, BAMS,  72, 461N, 1691W,   0,    0,   ,   0,    ,    0,    0,    0,    0, 
CP, 89, 2013071706, 03, BAMS,  84, 497N, 1702W,   0,    0,   ,   0,    ,    0,    0,    0,    0, 
CP, 89, 2013071706, 03, BAMS,  96, 526N, 1707W,   0,    0,   ,   0,    ,    0,    0,    0,    0, 
CP, 89, 2013071706, 03, BAMS, 108, 547N, 1708W,   0,    0,   ,   0,    ,    0,    0,    0,    0, 
CP, 89, 2013071706, 03, BAMS, 120, 563N, 1712W,   0,    0,   ,   0,    ,    0,    0,    0,    0, 
CP, 89, 2013071706, 03, BAMS, 132, 578N, 1718W,   0,    0,   ,   0,    ,    0,    0,    0,    0, 
CP, 89, 2013071706, 03, BAMS, 144, 594N, 1723W,   0,    0,   ,   0,    ,    0,    0,    0,    0, 
CP, 89, 2013071706, 03, BAMS, 156, 610N, 1725W,   0,    0,   ,   0,    ,    0,    0,    0,    0, 
CP, 89, 2013071706, 03, BAMS, 168, 627N, 1719W,   0,    0,   ,   0,    ,    0,    0,    0,    0, 
CP, 89, 2013071706, 03, CLIP,  12, 315N, 1614W,   0,    0,   ,   0,    ,    0,    0,    0,    0, 
CP, 89, 2013071706, 03, CLIP,  24, 342N, 1628W,   0,    0,   ,   0,    ,    0,    0,    0,    0, 
CP, 89, 2013071706, 03, CLIP,  36, 375N, 1618W,   0,    0,   ,   0,    ,    0,    0,    0,    0, 
CP, 89, 2013071706, 03, CLIP,  48, 395N, 1600W,   0,    0,   ,   0,    ,    0,    0,    0,    0, 
CP, 89, 2013071706, 03, CLIP,  60, 427N, 1649W,   0,    0,   ,   0,    ,    0,    0,    0,    0, 
CP, 89, 2013071706, 03, CLIP,  72, 440N, 1681W,   0,    0,   ,   0,    ,    0,    0,    0,    0, 
CP, 89, 2013071706, 03, CLP5,  12, 313N, 1611W,   0,    0,   ,   0,    ,    0,    0,    0,    0, 
CP, 89, 2013071706, 03, CLP5,  24, 338N, 1618W,   0,    0,   ,   0,    ,    0,    0,    0,    0, 
CP, 89, 2013071706, 03, CLP5,  36, 362N, 1618W,   0,    0,   ,   0,    ,    0,    0,    0,    0, 
CP, 89, 2013071706, 03, CLP5,  48, 382N, 1617W,   0,    0,   ,   0,    ,    0,    0,    0,    0, 
CP, 89, 2013071706, 03, CLP5,  60, 392N, 1623W,   0,    0,   ,   0,    ,    0,    0,    0,    0, 
CP, 89, 2013071706, 03, CLP5,  72, 398N, 1631W,   0,    0,   ,   0,    ,    0,    0,    0,    0, 
CP, 89, 2013071706, 03, CLP5,  84, 406N, 1634W,   0,    0,   ,   0,    ,    0,    0,    0,    0, 
CP, 89, 2013071706, 03, CLP5,  96, 411N, 1642W,   0,    0,   ,   0,    ,    0,    0,    0,    0, 
CP, 89, 2013071706, 03, CLP5, 108, 416N, 1658W,   0,    0,   ,   0,    ,    0,    0,    0,    0, 
CP, 89, 2013071706, 03, CLP5, 120, 421N, 1670W,   0,    0,   ,   0,    ,    0,    0,    0,    0, 
CP, 89, 2013071706, 03, DSHP,   0, 282N, 1594W,  25,    0, TD,   0,    ,    0,    0,    0,    0, 
CP, 89, 2013071706, 03, DSHP,  12, 298N, 1610W,  29,    0, TD,   0,    ,    0,    0,    0,    0, 
CP, 89, 2013071706, 03, DSHP,  24, 317N, 1624W,  35,    0, TS,   0,    ,    0,    0,    0,    0, 
CP, 89, 2013071706, 03, DSHP,  36, 339N, 1633W,  35,    0, TS,   0,    ,    0,    0,    0,    0, 
CP, 89, 2013071706, 03, DSHP,  48, 360N, 1638W,  29,    0, TD,   0,    ,    0,    0,    0,    0, 
CP, 89, 2013071706, 03, DSHP,  60, 379N, 1642W,  18,    0, EX,   0,    ,    0,    0,    0,    0, 
CP, 89, 2013071706, 03, LBAR,   0, 282N, 1594W,  25,    0,   ,   0,    ,    0,    0,    0,    0, 
CP, 89, 2013071706, 03, LBAR,  12, 311N, 1603W,   0,    0,   ,   0,    ,    0,    0,    0,    0, 
CP, 89, 2013071706, 03, LBAR,  24, 340N, 1607W,   0,    0,   ,   0,    ,    0,    0,    0,    0, 
CP, 89, 2013071706, 03, LBAR,  36, 362N, 1605W,   0,    0,   ,   0,    ,    0,    0,    0,    0, 
CP, 89, 2013071706, 03, LBAR,  48, 373N, 1596W,   0,    0,   ,   0,    ,    0,    0,    0,    0, 
CP, 89, 2013071706, 03, LBAR,  60, 369N, 1587W,   0,    0,   ,   0,    ,    0,    0,    0,    0, 
CP, 89, 2013071706, 03, LBAR,  72, 355N, 1573W,   0,    0,   ,   0,    ,    0,    0,    0,    0, 
CP, 89, 2013071706, 03, LBAR,  84, 340N, 1566W,   0,    0,   ,   0,    ,    0,    0,    0,    0, 
CP, 89, 2013071706, 03, LBAR,  96, 330N, 1566W,   0,    0,   ,   0,    ,    0,    0,    0,    0, 
CP, 89, 2013071706, 03, LBAR, 108, 316N, 1582W,   0,    0,   ,   0,    ,    0,    0,    0,    0, 
CP, 89, 2013071706, 03, LBAR, 120, 306N, 1587W,   0,    0,   ,   0,    ,    0,    0,    0,    0, 
CP, 89, 2013071706, 03, LGEM,   0, 282N, 1594W,  25,    0, TD,   0,    ,    0,    0,    0,    0, 
CP, 89, 2013071706, 03, LGEM,  12, 298N, 1610W,  25,    0, TD,   0,    ,    0,    0,    0,    0, 
CP, 89, 2013071706, 03, LGEM,  24, 317N, 1624W,  24,    0, TD,   0,    ,    0,    0,    0,    0, 
CP, 89, 2013071706, 03, LGEM,  36, 339N, 1633W,  22,    0, TD,   0,    ,    0,    0,    0,    0, 
CP, 89, 2013071706, 03, LGEM,  48, 360N, 1638W,  19,    0, TD,   0,    ,    0,    0,    0,    0, 
CP, 89, 2013071706, 03, LGEM,  60, 379N, 1642W,  15,    0, EX,   0,    ,    0,    0,    0,    0, 
CP, 89, 2013071706, 03, SHF5,   0,   0N,    0W,  25,    0,   ,   0,    ,    0,    0,    0,    0, 
CP, 89, 2013071706, 03, SHF5,  12,   0N,    0W,  16,    0,   ,   0,    ,    0,    0,    0,    0, 
CP, 89, 2013071706, 03, SHF5,  24,   0N,    0W,   7,    0,   ,   0,    ,    0,    0,    0,    0, 
CP, 89, 2013071706, 03, SHFR,  12,   0N,    0W,  26,    0,   ,   0,    ,    0,    0,    0,    0, 
CP, 89, 2013071706, 03, SHFR,  24,   0N,    0W,  30,    0,   ,   0,    ,    0,    0,    0,    0, 
CP, 89, 2013071706, 03, SHFR,  36,   0N,    0W,  31,    0,   ,   0,    ,    0,    0,    0,    0, 
CP, 89, 2013071706, 03, SHFR,  48,   0N,    0W,  31,    0,   ,   0,    ,    0,    0,    0,    0, 
CP, 89, 2013071706, 03, SHFR,  60,   0N,    0W,  26,    0,   ,   0,    ,    0,    0,    0,    0, 
CP, 89, 2013071706, 03, SHFR,  72,   0N,    0W,  19,    0,   ,   0,    ,    0,    0,    0,    0, 
CP, 89, 2013071706, 03, SHIP,   0, 282N, 1594W,  25,    0, TD,   0,    ,    0,    0,    0,    0, 
CP, 89, 2013071706, 03, SHIP,  12, 298N, 1610W,  29,    0, TD,   0,    ,    0,    0,    0,    0, 
CP, 89, 2013071706, 03, SHIP,  24, 317N, 1624W,  35,    0, TS,   0,    ,    0,    0,    0,    0, 
CP, 89, 2013071706, 03, SHIP,  36, 339N, 1633W,  35,    0, TS,   0,    ,    0,    0,    0,    0, 
CP, 89, 2013071706, 03, SHIP,  48, 360N, 1638W,  29,    0, TD,   0,    ,    0,    0,    0,    0, 
CP, 89, 2013071706, 03, SHIP,  60, 379N, 1642W,  18,    0, EX,   0,    ,    0,    0,    0,    0, 
CP, 89, 2013071706, 03, XTRP,   0, 282N, 1594W,   0,    0,   ,   0,    ,    0,    0,    0,    0, 
CP, 89, 2013071706, 03, XTRP,  12, 329N, 1608W,   0,    0,   ,   0,    ,    0,    0,    0,    0, 
CP, 89, 2013071706, 03, XTRP,  24, 376N, 1623W,   0,    0,   ,   0,    ,    0,    0,    0,    0, 
CP, 89, 2013071706, 03, XTRP,  36, 423N, 1639W,   0,    0,   ,   0,    ,    0,    0,    0,    0, 
CP, 89, 2013071706, 03, XTRP,  48, 470N, 1657W,   0,    0,   ,   0,    ,    0,    0,    0,    0, 
CP, 89, 2013071706, 03, XTRP,  60, 517N, 1677W,   0,    0,   ,   0,    ,    0,    0,    0,    0, 
CP, 89, 2013071706, 03, XTRP,  72, 564N, 1698W,   0,    0,   ,   0,    ,    0,    0,    0,    0, 
CP, 89, 2013071706, 03, XTRP,  84, 611N, 1722W,   0,    0,   ,   0,    ,    0,    0,    0,    0, 
CP, 89, 2013071706, 03, XTRP,  96, 658N, 1751W,   0,    0,   ,   0,    ,    0,    0,    0,    0, 
CP, 89, 2013071706, 03, XTRP, 108, 705N, 1785W,   0,    0,   ,   0,    ,    0,    0,    0,    0, 
CP, 89, 2013071706, 03, XTRP, 120, 752N, 1773E,   0,    0,   ,   0,    ,    0,    0,    0,    0, 
CP, 89, 2013071706, 03, XTRP, 132, 799N, 1713E,   0,    0,   ,   0,    ,    0,    0,    0,    0, 
CP, 89, 2013071706, 03, XTRP, 144, 846N, 1617E,   0,    0,   ,   0,    ,    0,    0,    0,    0, 
CP, 89, 2013071806, 01, CARQ, -24, 282N, 1594W,  25,    0, DB,  34, AAA,    0,    0,    0,    0,    0,    0,   0,   0,   0,   C,   0,   X,   0,   0,     NONAME,  , 
CP, 89, 2013071806, 01, CARQ, -18, 304N, 1594W,  25,    0, DB,  34, AAA,    0,    0,    0,    0,    0,    0,   0,   0,   0,   C,   0,   X,   0,   0,     NONAME,  , 
CP, 89, 2013071806, 01, CARQ, -12, 320N, 1591W,  25,    0, DB,  34, AAA,    0,    0,    0,    0,    0,    0,   0,   0,   0,   C,   0,   X,   9,  18,     NONAME,  , 
CP, 89, 2013071806, 01, CARQ,  -6, 340N, 1587W,  25,    0, DB,  34, AAA,    0,    0,    0,    0,    0,    0,   0,   0,   0,   C,   0,   X,   0,   0,     NONAME,  , 
CP, 89, 2013071806, 01, CARQ,   0, 359N, 1584W,  25, 1008, DB,  34, NEQ,    0,    0,    0,    0, 1010,   90,  70,   0,   0,   C,   0,   X,  10,  19,     NONAME, S , 
CP, 89, 2013071806, 01, CARQ,   0, 359N, 1584W,  25, 1008, DB,  50, NEQ,    0,    0,    0,    0, 1010,   90,  70,   0,   0,   C,   0,   X,  10,  19,     NONAME, S , 
CP, 89, 2013071806, 01, CARQ,   0, 359N, 1584W,  25, 1008, DB,  64, NEQ,    0,    0,    0,    0, 1010,   90,  70,   0,   0,   C,   0,   X,  10,  19,     NONAME, S , 
CP, 89, 2013071806, 03, BAMD,  12, 355N, 1587W,   0,    0,   ,   0,    ,    0,    0,    0,    0, 
CP, 89, 2013071806, 03, BAMD,  24, 345N, 1590W,   0,    0,   ,   0,    ,    0,    0,    0,    0, 
CP, 89, 2013071806, 03, BAMD,  36, 328N, 1592W,   0,    0,   ,   0,    ,    0,    0,    0,    0, 
CP, 89, 2013071806, 03, BAMD,  48, 308N, 1593W,   0,    0,   ,   0,    ,    0,    0,    0,    0, 
CP, 89, 2013071806, 03, BAMD,  60, 285N, 1592W,   0,    0,   ,   0,    ,    0,    0,    0,    0, 
CP, 89, 2013071806, 03, BAMD,  72, 264N, 1583W,   0,    0,   ,   0,    ,    0,    0,    0,    0, 
CP, 89, 2013071806, 03, BAMD,  84, 253N, 1559W,   0,    0,   ,   0,    ,    0,    0,    0,    0, 
CP, 89, 2013071806, 03, BAMD,  96, 265N, 1527W,   0,    0,   ,   0,    ,    0,    0,    0,    0, 
CP, 89, 2013071806, 03, BAMD, 108, 290N, 1494W,   0,    0,   ,   0,    ,    0,    0,    0,    0, 
CP, 89, 2013071806, 03, BAMD, 120, 318N, 1472W,   0,    0,   ,   0,    ,    0,    0,    0,    0, 
CP, 89, 2013071806, 03, BAMD, 132, 344N, 1457W,   0,    0,   ,   0,    ,    0,    0,    0,    0, 
CP, 89, 2013071806, 03, BAMD, 144, 367N, 1442W,   0,    0,   ,   0,    ,    0,    0,    0,    0, 
CP, 89, 2013071806, 03, BAMD, 156, 386N, 1419W,   0,    0,   ,   0,    ,    0,    0,    0,    0, 
CP, 89, 2013071806, 03, BAMD, 168, 401N, 1379W,   0,    0,   ,   0,    ,    0,    0,    0,    0, 
CP, 89, 2013071806, 03, BAMM,  12, 365N, 1593W,   0,    0,   ,   0,    ,    0,    0,    0,    0, 
CP, 89, 2013071806, 03, BAMM,  24, 370N, 1602W,   0,    0,   ,   0,    ,    0,    0,    0,    0, 
CP, 89, 2013071806, 03, BAMM,  36, 373N, 1609W,   0,    0,   ,   0,    ,    0,    0,    0,    0, 
CP, 89, 2013071806, 03, BAMM,  48, 371N, 1620W,   0,    0,   ,   0,    ,    0,    0,    0,    0, 
CP, 89, 2013071806, 03, BAMM,  60, 365N, 1633W,   0,    0,   ,   0,    ,    0,    0,    0,    0, 
CP, 89, 2013071806, 03, BAMM,  72, 356N, 1646W,   0,    0,   ,   0,    ,    0,    0,    0,    0, 
CP, 89, 2013071806, 03, BAMM,  84, 342N, 1659W,   0,    0,   ,   0,    ,    0,    0,    0,    0, 
CP, 89, 2013071806, 03, BAMM,  96, 326N, 1669W,   0,    0,   ,   0,    ,    0,    0,    0,    0, 
CP, 89, 2013071806, 03, BAMM, 108, 309N, 1673W,   0,    0,   ,   0,    ,    0,    0,    0,    0, 
CP, 89, 2013071806, 03, BAMM, 120, 294N, 1667W,   0,    0,   ,   0,    ,    0,    0,    0,    0, 
CP, 89, 2013071806, 03, BAMM, 132, 287N, 1646W,   0,    0,   ,   0,    ,    0,    0,    0,    0, 
CP, 89, 2013071806, 03, BAMM, 144, 297N, 1622W,   0,    0,   ,   0,    ,    0,    0,    0,    0, 
CP, 89, 2013071806, 03, BAMM, 156, 314N, 1604W,   0,    0,   ,   0,    ,    0,    0,    0,    0, 
CP, 89, 2013071806, 03, BAMM, 168, 332N, 1594W,   0,    0,   ,   0,    ,    0,    0,    0,    0, 
CP, 89, 2013071806, 03, BAMS,  12, 371N, 1601W,   0,    0,   ,   0,    ,    0,    0,    0,    0, 
CP, 89, 2013071806, 03, BAMS,  24, 387N, 1617W,   0,    0,   ,   0,    ,    0,    0,    0,    0, 
CP, 89, 2013071806, 03, BAMS,  36, 404N, 1632W,   0,    0,   ,   0,    ,    0,    0,    0,    0, 
CP, 89, 2013071806, 03, BAMS,  48, 421N, 1644W,   0,    0,   ,   0,    ,    0,    0,    0,    0, 
CP, 89, 2013071806, 03, BAMS,  60, 436N, 1653W,   0,    0,   ,   0,    ,    0,    0,    0,    0, 
CP, 89, 2013071806, 03, BAMS,  72, 449N, 1660W,   0,    0,   ,   0,    ,    0,    0,    0,    0, 
CP, 89, 2013071806, 03, BAMS,  84, 461N, 1672W,   0,    0,   ,   0,    ,    0,    0,    0,    0, 
CP, 89, 2013071806, 03, BAMS,  96, 475N, 1683W,   0,    0,   ,   0,    ,    0,    0,    0,    0, 
CP, 89, 2013071806, 03, BAMS, 108, 488N, 1695W,   0,    0,   ,   0,    ,    0,    0,    0,    0, 
CP, 89, 2013071806, 03, BAMS, 120, 504N, 1711W,   0,    0,   ,   0,    ,    0,    0,    0,    0, 
CP, 89, 2013071806, 03, BAMS, 132, 521N, 1726W,   0,    0,   ,   0,    ,    0,    0,    0,    0, 
CP, 89, 2013071806, 03, BAMS, 144, 539N, 1739W,   0,    0,   ,   0,    ,    0,    0,    0,    0, 
CP, 89, 2013071806, 03, BAMS, 156, 559N, 1745W,   0,    0,   ,   0,    ,    0,    0,    0,    0, 
CP, 89, 2013071806, 03, BAMS, 168, 581N, 1743W,   0,    0,   ,   0,    ,    0,    0,    0,    0, 
CP, 89, 2013071806, 03, CLIP,  12, 392N, 1581W,   0,    0,   ,   0,    ,    0,    0,    0,    0, 
CP, 89, 2013071806, 03, CLIP,  24, 428N, 1576W,   0,    0,   ,   0,    ,    0,    0,    0,    0, 
CP, 89, 2013071806, 03, CLIP,  36, 458N, 1540W,   0,    0,   ,   0,    ,    0,    0,    0,    0, 
CP, 89, 2013071806, 03, CLIP,  48, 475N, 1547W,   0,    0,   ,   0,    ,    0,    0,    0,    0, 
CP, 89, 2013071806, 03, CLIP,  60, 498N, 1639W,   0,    0,   ,   0,    ,    0,    0,    0,    0, 
CP, 89, 2013071806, 03, CLIP,  72, 473N, 1702W,   0,    0,   ,   0,    ,    0,    0,    0,    0, 
CP, 89, 2013071806, 03, CLP5,  12, 395N, 1572W,   0,    0,   ,   0,    ,    0,    0,    0,    0, 
CP, 89, 2013071806, 03, CLP5,  24, 432N, 1548W,   0,    0,   ,   0,    ,    0,    0,    0,    0, 
CP, 89, 2013071806, 03, CLP5,  36, 468N, 1517W,   0,    0,   ,   0,    ,    0,    0,    0,    0, 
CP, 89, 2013071806, 03, CLP5,  48, 495N, 1481W,   0,    0,   ,   0,    ,    0,    0,    0,    0, 
CP, 89, 2013071806, 03, CLP5,  60, 505N, 1478W,   0,    0,   ,   0,    ,    0,    0,    0,    0, 
CP, 89, 2013071806, 03, CLP5,  72, 511N, 1483W,   0,    0,   ,   0,    ,    0,    0,    0,    0, 
CP, 89, 2013071806, 03, CLP5,  84, 526N, 1473W,   0,    0,   ,   0,    ,    0,    0,    0,    0, 
CP, 89, 2013071806, 03, CLP5,  96, 530N, 1457W,   0,    0,   ,   0,    ,    0,    0,    0,    0, 
CP, 89, 2013071806, 03, CLP5, 108, 533N, 1458W,   0,    0,   ,   0,    ,    0,    0,    0,    0, 
CP, 89, 2013071806, 03, CLP5, 120, 537N, 1443W,   0,    0,   ,   0,    ,    0,    0,    0,    0, 
CP, 89, 2013071806, 03, DSHP,   0, 359N, 1584W,  25,    0, EX,   0,    ,    0,    0,    0,    0, 
CP, 89, 2013071806, 03, DSHP,  12, 365N, 1593W,  26,    0, EX,   0,    ,    0,    0,    0,    0, 
CP, 89, 2013071806, 03, DSHP,  24, 370N, 1602W,  27,    0, EX,   0,    ,    0,    0,    0,    0, 
CP, 89, 2013071806, 03, DSHP,  36, 373N, 1609W,  23,    0, EX,   0,    ,    0,    0,    0,    0, 
CP, 89, 2013071806, 03, LBAR,   0, 359N, 1584W,  25,    0,   ,   0,    ,    0,    0,    0,    0, 
CP, 89, 2013071806, 03, LBAR,  12, 375N, 1583W,   0,    0,   ,   0,    ,    0,    0,    0,    0, 
CP, 89, 2013071806, 03, LBAR,  24, 384N, 1582W,   0,    0,   ,   0,    ,    0,    0,    0,    0, 
CP, 89, 2013071806, 03, LBAR,  36, 387N, 1577W,   0,    0,   ,   0,    ,    0,    0,    0,    0, 
CP, 89, 2013071806, 03, LBAR,  48, 383N, 1574W,   0,    0,   ,   0,    ,    0,    0,    0,    0, 
CP, 89, 2013071806, 03, LBAR,  60, 375N, 1575W,   0,    0,   ,   0,    ,    0,    0,    0,    0, 
CP, 89, 2013071806, 03, LBAR,  72, 368N, 1579W,   0,    0,   ,   0,    ,    0,    0,    0,    0, 
CP, 89, 2013071806, 03, LBAR,  84, 367N, 1592W,   0,    0,   ,   0,    ,    0,    0,    0,    0, 
CP, 89, 2013071806, 03, LBAR,  96, 370N, 1608W,   0,    0,   ,   0,    ,    0,    0,    0,    0, 
CP, 89, 2013071806, 03, LBAR, 108, 373N, 1627W,   0,    0,   ,   0,    ,    0,    0,    0,    0, 
CP, 89, 2013071806, 03, LBAR, 120, 373N, 1639W,   0,    0,   ,   0,    ,    0,    0,    0,    0, 
CP, 89, 2013071806, 03, LGEM,   0, 359N, 1584W,  25,    0, EX,   0,    ,    0,    0,    0,    0, 
CP, 89, 2013071806, 03, LGEM,  12, 365N, 1593W,  23,    0, EX,   0,    ,    0,    0,    0,    0, 
CP, 89, 2013071806, 03, LGEM,  24, 370N, 1602W,  20,    0, EX,   0,    ,    0,    0,    0,    0, 
CP, 89, 2013071806, 03, LGEM,  36, 373N, 1609W,  15,    0, EX,   0,    ,    0,    0,    0,    0, 
CP, 89, 2013071806, 03, SHF5,   0,   0N,    0W,  25,    0,   ,   0,    ,    0,    0,    0,    0, 
CP, 89, 2013071806, 03, SHF5,  12,   0N,    0W,  11,    0,   ,   0,    ,    0,    0,    0,    0, 
CP, 89, 2013071806, 03, SHFR,  12,   0N,    0W,  27,    0,   ,   0,    ,    0,    0,    0,    0, 
CP, 89, 2013071806, 03, SHFR,  24,   0N,    0W,  32,    0,   ,   0,    ,    0,    0,    0,    0, 
CP, 89, 2013071806, 03, SHFR,  36,   0N,    0W,  32,    0,   ,   0,    ,    0,    0,    0,    0, 
CP, 89, 2013071806, 03, SHFR,  48,   0N,    0W,  29,    0,   ,   0,    ,    0,    0,    0,    0, 
CP, 89, 2013071806, 03, SHFR,  60,   0N,    0W,  18,    0,   ,   0,    ,    0,    0,    0,    0, 
CP, 89, 2013071806, 03, SHFR,  72,   0N,    0W,   6,    0,   ,   0,    ,    0,    0,    0,    0, 
CP, 89, 2013071806, 03, SHIP,   0, 359N, 1584W,  25,    0, EX,   0,    ,    0,    0,    0,    0, 
CP, 89, 2013071806, 03, SHIP,  12, 365N, 1593W,  26,    0, EX,   0,    ,    0,    0,    0,    0, 
CP, 89, 2013071806, 03, SHIP,  24, 370N, 1602W,  27,    0, EX,   0,    ,    0,    0,    0,    0, 
CP, 89, 2013071806, 03, SHIP,  36, 373N, 1609W,  23,    0, EX,   0,    ,    0,    0,    0,    0, 
CP, 89, 2013071806, 03, XTRP,   0, 359N, 1584W,   0,    0,   ,   0,    ,    0,    0,    0,    0, 
CP, 89, 2013071806, 03, XTRP,  12, 398N, 1576W,   0,    0,   ,   0,    ,    0,    0,    0,    0, 
CP, 89, 2013071806, 03, XTRP,  24, 437N, 1569W,   0,    0,   ,   0,    ,    0,    0,    0,    0, 
CP, 89, 2013071806, 03, XTRP,  36, 476N, 1561W,   0,    0,   ,   0,    ,    0,    0,    0,    0, 
CP, 89, 2013071806, 03, XTRP,  48, 515N, 1552W,   0,    0,   ,   0,    ,    0,    0,    0,    0, 
CP, 89, 2013071806, 03, XTRP,  60, 554N, 1543W,   0,    0,   ,   0,    ,    0,    0,    0,    0, 
CP, 89, 2013071806, 03, XTRP,  72, 593N, 1533W,   0,    0,   ,   0,    ,    0,    0,    0,    0, 
CP, 89, 2013071806, 03, XTRP,  84, 632N, 1522W,   0,    0,   ,   0,    ,    0,    0,    0,    0, 
CP, 89, 2013071806, 03, XTRP,  96, 671N, 1508W,   0,    0,   ,   0,    ,    0,    0,    0,    0, 
CP, 89, 2013071806, 03, XTRP, 108, 710N, 1493W,   0,    0,   ,   0,    ,    0,    0,    0,    0, 
CP, 89, 2013071806, 03, XTRP, 120, 749N, 1474W,   0,    0,   ,   0,    ,    0,    0,    0,    0, 
CP, 89, 2013071806, 03, XTRP, 132, 789N, 1450W,   0,    0,   ,   0,    ,    0,    0,    0,    0, 
CP, 89, 2013071806, 03, XTRP, 144, 828N, 1415W,   0,    0,   ,   0,    ,    0,    0,    0,    0, 
CP, 89, 2013071806, 03, XTRP, 156, 867N, 1352W,   0,    0,   ,   0,    ,    0,    0,    0,    0, 
CP, 89, 2013072518, 01, CARQ, -24, 142N, 1364W,  20,    0, DB,  34, AAA,    0,    0,    0,    0,    0,    0,   0,   0,   0,   C,   0,   X,   0,   0,     NONAME,  , 
CP, 89, 2013072518, 01, CARQ, -18, 140N, 1380W,  20,    0, DB,  34, AAA,    0,    0,    0,    0,    0,    0,   0,   0,   0,   C,   0,   X,   0,   0,     NONAME,  , 
CP, 89, 2013072518, 01, CARQ, -12, 140N, 1393W,  20,    0, DB,  34, AAA,    0,    0,    0,    0,    0,    0,   0,   0,   0,   C,   0,   X, 270,  15,     NONAME,  , 
CP, 89, 2013072518, 01, CARQ,  -6, 140N, 1410W,  20,    0, DB,  34, AAA,    0,    0,    0,    0,    0,    0,   0,   0,   0,   C,   0,   X,   0,   0,     NONAME,  , 
CP, 89, 2013072518, 01, CARQ,   0, 146N, 1428W,  20, 1009, DB,  34, NEQ,    0,    0,    0,    0, 1011,   90,  70,   0,   0,   C,   0,   X, 280,  16,     NONAME, S , 
CP, 89, 2013072518, 01, CARQ,   0, 146N, 1428W,  20, 1009, DB,  50, NEQ,    0,    0,    0,    0, 1011,   90,  70,   0,   0,   C,   0,   X, 280,  16,     NONAME, S , 
CP, 89, 2013072518, 01, CARQ,   0, 146N, 1428W,  20, 1009, DB,  64, NEQ,    0,    0,    0,    0, 1011,   90,  70,   0,   0,   C,   0,   X, 280,  16,     NONAME, S , 
CP, 89, 2013072518, 03, BAMD,  12, 144N, 1454W,   0,    0,   ,   0,    ,    0,    0,    0,    0, 
CP, 89, 2013072518, 03, BAMD,  24, 143N, 1484W,   0,    0,   ,   0,    ,    0,    0,    0,    0, 
CP, 89, 2013072518, 03, BAMD,  36, 143N, 1516W,   0,    0,   ,   0,    ,    0,    0,    0,    0, 
CP, 89, 2013072518, 03, BAMD,  48, 144N, 1552W,   0,    0,   ,   0,    ,    0,    0,    0,    0, 
CP, 89, 2013072518, 03, BAMD,  60, 147N, 1588W,   0,    0,   ,   0,    ,    0,    0,    0,    0, 
CP, 89, 2013072518, 03, BAMD,  72, 151N, 1622W,   0,    0,   ,   0,    ,    0,    0,    0,    0, 
CP, 89, 2013072518, 03, BAMD,  84, 155N, 1653W,   0,    0,   ,   0,    ,    0,    0,    0,    0, 
CP, 89, 2013072518, 03, BAMD,  96, 160N, 1680W,   0,    0,   ,   0,    ,    0,    0,    0,    0, 
CP, 89, 2013072518, 03, BAMD, 108, 167N, 1705W,   0,    0,   ,   0,    ,    0,    0,    0,    0, 
CP, 89, 2013072518, 03, BAMD, 120, 175N, 1728W,   0,    0,   ,   0,    ,    0,    0,    0,    0, 
CP, 89, 2013072518, 03, BAMD, 132, 184N, 1750W,   0,    0,   ,   0,    ,    0,    0,    0,    0, 
CP, 89, 2013072518, 03, BAMD, 144, 191N, 1773W,   0,    0,   ,   0,    ,    0,    0,    0,    0, 
CP, 89, 2013072518, 03, BAMD, 156, 196N, 1795W,   0,    0,   ,   0,    ,    0,    0,    0,    0, 
CP, 89, 2013072518, 03, BAMD, 168, 199N, 1782E,   0,    0,   ,   0,    ,    0,    0,    0,    0, 
CP, 89, 2013072518, 03, BAMM,  12, 148N, 1457W,   0,    0,   ,   0,    ,    0,    0,    0,    0, 
CP, 89, 2013072518, 03, BAMM,  24, 151N, 1490W,   0,    0,   ,   0,    ,    0,    0,    0,    0, 
CP, 89, 2013072518, 03, BAMM,  36, 157N, 1526W,   0,    0,   ,   0,    ,    0,    0,    0,    0, 
CP, 89, 2013072518, 03, BAMM,  48, 164N, 1563W,   0,    0,   ,   0,    ,    0,    0,    0,    0, 
CP, 89, 2013072518, 03, BAMM,  60, 172N, 1599W,   0,    0,   ,   0,    ,    0,    0,    0,    0, 
CP, 89, 2013072518, 03, BAMM,  72, 179N, 1631W,   0,    0,   ,   0,    ,    0,    0,    0,    0, 
CP, 89, 2013072518, 03, BAMM,  84, 186N, 1659W,   0,    0,   ,   0,    ,    0,    0,    0,    0, 
CP, 89, 2013072518, 03, BAMM,  96, 192N, 1684W,   0,    0,   ,   0,    ,    0,    0,    0,    0, 
CP, 89, 2013072518, 03, BAMM, 108, 198N, 1708W,   0,    0,   ,   0,    ,    0,    0,    0,    0, 
CP, 89, 2013072518, 03, BAMM, 120, 203N, 1731W,   0,    0,   ,   0,    ,    0,    0,    0,    0, 
CP, 89, 2013072518, 03, BAMM, 132, 210N, 1756W,   0,    0,   ,   0,    ,    0,    0,    0,    0, 
CP, 89, 2013072518, 03, BAMM, 144, 215N, 1780W,   0,    0,   ,   0,    ,    0,    0,    0,    0, 
CP, 89, 2013072518, 03, BAMM, 156, 218N, 1795E,   0,    0,   ,   0,    ,    0,    0,    0,    0, 
CP, 89, 2013072518, 03, BAMM, 168, 219N, 1769E,   0,    0,   ,   0,    ,    0,    0,    0,    0, 
CP, 89, 2013072518, 03, BAMS,  12, 150N, 1446W,   0,    0,   ,   0,    ,    0,    0,    0,    0, 
CP, 89, 2013072518, 03, BAMS,  24, 152N, 1467W,   0,    0,   ,   0,    ,    0,    0,    0,    0, 
CP, 89, 2013072518, 03, BAMS,  36, 153N, 1491W,   0,    0,   ,   0,    ,    0,    0,    0,    0, 
CP, 89, 2013072518, 03, BAMS,  48, 153N, 1517W,   0,    0,   ,   0,    ,    0,    0,    0,    0, 
CP, 89, 2013072518, 03, BAMS,  60, 153N, 1543W,   0,    0,   ,   0,    ,    0,    0,    0,    0, 
CP, 89, 2013072518, 03, BAMS,  72, 151N, 1569W,   0,    0,   ,   0,    ,    0,    0,    0,    0, 
CP, 89, 2013072518, 03, BAMS,  84, 152N, 1595W,   0,    0,   ,   0,    ,    0,    0,    0,    0, 
CP, 89, 2013072518, 03, BAMS,  96, 152N, 1618W,   0,    0,   ,   0,    ,    0,    0,    0,    0, 
CP, 89, 2013072518, 03, BAMS, 108, 155N, 1641W,   0,    0,   ,   0,    ,    0,    0,    0,    0, 
CP, 89, 2013072518, 03, BAMS, 120, 158N, 1664W,   0,    0,   ,   0,    ,    0,    0,    0,    0, 
CP, 89, 2013072518, 03, BAMS, 132, 163N, 1688W,   0,    0,   ,   0,    ,    0,    0,    0,    0, 
CP, 89, 2013072518, 03, BAMS, 144, 168N, 1713W,   0,    0,   ,   0,    ,    0,    0,    0,    0, 
CP, 89, 2013072518, 03, BAMS, 156, 172N, 1737W,   0,    0,   ,   0,    ,    0,    0,    0,    0, 
CP, 89, 2013072518, 03, BAMS, 168, 175N, 1762W,   0,    0,   ,   0,    ,    0,    0,    0,    0, 
CP, 89, 2013072518, 03, CLIP,  12, 152N, 1458W,   0,    0,   ,   0,    ,    0,    0,    0,    0, 
CP, 89, 2013072518, 03, CLIP,  24, 155N, 1483W,   0,    0,   ,   0,    ,    0,    0,    0,    0, 
CP, 89, 2013072518, 03, CLIP,  36, 157N, 1500W,   0,    0,   ,   0,    ,    0,    0,    0,    0, 
CP, 89, 2013072518, 03, CLIP,  48, 159N, 1514W,   0,    0,   ,   0,    ,    0,    0,    0,    0, 
CP, 89, 2013072518, 03, CLIP,  60, 162N, 1537W,   0,    0,   ,   0,    ,    0,    0,    0,    0, 
CP, 89, 2013072518, 03, CLIP,  72, 162N, 1558W,   0,    0,   ,   0,    ,    0,    0,    0,    0, 
CP, 89, 2013072518, 03, CLP5,  12, 151N, 1458W,   0,    0,   ,   0,    ,    0,    0,    0,    0, 
CP, 89, 2013072518, 03, CLP5,  24, 155N, 1487W,   0,    0,   ,   0,    ,    0,    0,    0,    0, 
CP, 89, 2013072518, 03, CLP5,  36, 158N, 1514W,   0,    0,   ,   0,    ,    0,    0,    0,    0, 
CP, 89, 2013072518, 03, CLP5,  48, 162N, 1540W,   0,    0,   ,   0,    ,    0,    0,    0,    0, 
CP, 89, 2013072518, 03, CLP5,  60, 166N, 1562W,   0,    0,   ,   0,    ,    0,    0,    0,    0, 
CP, 89, 2013072518, 03, CLP5,  72, 172N, 1585W,   0,    0,   ,   0,    ,    0,    0,    0,    0, 
CP, 89, 2013072518, 03, CLP5,  84, 176N, 1609W,   0,    0,   ,   0,    ,    0,    0,    0,    0, 
CP, 89, 2013072518, 03, CLP5,  96, 182N, 1633W,   0,    0,   ,   0,    ,    0,    0,    0,    0, 
CP, 89, 2013072518, 03, CLP5, 108, 188N, 1655W,   0,    0,   ,   0,    ,    0,    0,    0,    0, 
CP, 89, 2013072518, 03, CLP5, 120, 194N, 1679W,   0,    0,   ,   0,    ,    0,    0,    0,    0, 
CP, 89, 2013072518, 03, DSHP,   0, 146N, 1428W,  20,    0, TD,   0,    ,    0,    0,    0,    0, 
CP, 89, 2013072518, 03, DSHP,  12, 148N, 1457W,  16,    0, TD,   0,    ,    0,    0,    0,    0, 
CP, 89, 2013072518, 03, IV15,   0,   0N,    0W,  20,    0,   ,   0,    ,    0,    0,    0,    0, 
CP, 89, 2013072518, 03, IV15,  12,   0N,    0W,  17,    0,   ,   0,    ,    0,    0,    0,    0, 
CP, 89, 2013072518, 03, IVCN,   0,   0N,    0W,  20,    0,   ,   0,    ,    0,    0,    0,    0, 
CP, 89, 2013072518, 03, IVCN,  12,   0N,    0W,  17,    0,   ,   0,    ,    0,    0,    0,    0, 
CP, 89, 2013072518, 03, LBAR,   0, 146N, 1428W,  20,    0,   ,   0,    ,    0,    0,    0,    0, 
CP, 89, 2013072518, 03, LBAR,  12, 148N, 1458W,   0,    0,   ,   0,    ,    0,    0,    0,    0, 
CP, 89, 2013072518, 03, LBAR,  24, 151N, 1494W,   0,    0,   ,   0,    ,    0,    0,    0,    0, 
CP, 89, 2013072518, 03, LBAR,  36, 154N, 1532W,   0,    0,   ,   0,    ,    0,    0,    0,    0, 
CP, 89, 2013072518, 03, LBAR,  48, 160N, 1573W,   0,    0,   ,   0,    ,    0,    0,    0,    0, 
CP, 89, 2013072518, 03, LBAR,  60, 168N, 1610W,   0,    0,   ,   0,    ,    0,    0,    0,    0, 
CP, 89, 2013072518, 03, LBAR,  72, 177N, 1640W,   0,    0,   ,   0,    ,    0,    0,    0,    0, 
CP, 89, 2013072518, 03, LBAR,  84, 187N, 1662W,   0,    0,   ,   0,    ,    0,    0,    0,    0, 
CP, 89, 2013072518, 03, LBAR,  96, 191N, 1647W,   0,    0,   ,   0,    ,    0,    0,    0,    0, 
CP, 89, 2013072518, 03, LBAR, 108, 195N, 1559W,   0,    0,   ,   0,    ,    0,    0,    0,    0, 
CP, 89, 2013072518, 03, LBAR, 120, 194N, 1594W,   0,    0,   ,   0,    ,    0,    0,    0,    0, 
CP, 89, 2013072518, 03, LGEM,   0, 146N, 1428W,  20,    0, TD,   0,    ,    0,    0,    0,    0, 
CP, 89, 2013072518, 03, LGEM,  12, 148N, 1457W,  18,    0, TD,   0,    ,    0,    0,    0,    0, 
CP, 89, 2013072518, 03, LGEM,  24, 151N, 1490W,  16,    0, TD,   0,    ,    0,    0,    0,    0, 
CP, 89, 2013072518, 03, SHF5,   0,   0N,    0W,  20,    0,   ,   0,    ,    0,    0,    0,    0, 
CP, 89, 2013072518, 03, SHF5,  12,   0N,    0W,  23,    0,   ,   0,    ,    0,    0,    0,    0, 
CP, 89, 2013072518, 03, SHF5,  24,   0N,    0W,  22,    0,   ,   0,    ,    0,    0,    0,    0, 
CP, 89, 2013072518, 03, SHF5,  36,   0N,    0W,  24,    0,   ,   0,    ,    0,    0,    0,    0, 
CP, 89, 2013072518, 03, SHF5,  48,   0N,    0W,  24,    0,   ,   0,    ,    0,    0,    0,    0, 
CP, 89, 2013072518, 03, SHF5,  60,   0N,    0W,  31,    0,   ,   0,    ,    0,    0,    0,    0, 
CP, 89, 2013072518, 03, SHF5,  72,   0N,    0W,  32,    0,   ,   0,    ,    0,    0,    0,    0, 
CP, 89, 2013072518, 03, SHF5,  84,   0N,    0W,  32,    0,   ,   0,    ,    0,    0,    0,    0, 
CP, 89, 2013072518, 03, SHF5,  96,   0N,    0W,  31,    0,   ,   0,    ,    0,    0,    0,    0, 
CP, 89, 2013072518, 03, SHF5, 108,   0N,    0W,  32,    0,   ,   0,    ,    0,    0,    0,    0, 
CP, 89, 2013072518, 03, SHF5, 120,   0N,    0W,  40,    0,   ,   0,    ,    0,    0,    0,    0, 
CP, 89, 2013072518, 03, SHFR,  12,   0N,    0W,  20,    0,   ,   0,    ,    0,    0,    0,    0, 
CP, 89, 2013072518, 03, SHFR,  24,   0N,    0W,  22,    0,   ,   0,    ,    0,    0,    0,    0, 
CP, 89, 2013072518, 03, SHFR,  36,   0N,    0W,  25,    0,   ,   0,    ,    0,    0,    0,    0, 
CP, 89, 2013072518, 03, SHFR,  48,   0N,    0W,  28,    0,   ,   0,    ,    0,    0,    0,    0, 
CP, 89, 2013072518, 03, SHFR,  60,   0N,    0W,  32,    0,   ,   0,    ,    0,    0,    0,    0, 
CP, 89, 2013072518, 03, SHFR,  72,   0N,    0W,  36,    0,   ,   0,    ,    0,    0,    0,    0, 
CP, 89, 2013072518, 03, SHIP,   0, 146N, 1428W,  20,    0, TD,   0,    ,    0,    0,    0,    0, 
CP, 89, 2013072518, 03, SHIP,  12, 148N, 1457W,  16,    0, TD,   0,    ,    0,    0,    0,    0, 
CP, 89, 2013072518, 03, XTRP,   0, 146N, 1428W,   0,    0,   ,   0,    ,    0,    0,    0,    0, 
CP, 89, 2013072518, 03, XTRP,  12, 152N, 1462W,   0,    0,   ,   0,    ,    0,    0,    0,    0, 
CP, 89, 2013072518, 03, XTRP,  24, 158N, 1497W,   0,    0,   ,   0,    ,    0,    0,    0,    0, 
CP, 89, 2013072518, 03, XTRP,  36, 164N, 1533W,   0,    0,   ,   0,    ,    0,    0,    0,    0, 
CP, 89, 2013072518, 03, XTRP,  48, 170N, 1568W,   0,    0,   ,   0,    ,    0,    0,    0,    0, 
CP, 89, 2013072518, 03, XTRP,  60, 176N, 1604W,   0,    0,   ,   0,    ,    0,    0,    0,    0, 
CP, 89, 2013072518, 03, XTRP,  72, 182N, 1639W,   0,    0,   ,   0,    ,    0,    0,    0,    0, 
CP, 89, 2013072518, 03, XTRP,  84, 188N, 1675W,   0,    0,   ,   0,    ,    0,    0,    0,    0, 
CP, 89, 2013072518, 03, XTRP,  96, 194N, 1711W,   0,    0,   ,   0,    ,    0,    0,    0,    0, 
CP, 89, 2013072518, 03, XTRP, 108, 200N, 1747W,   0,    0,   ,   0,    ,    0,    0,    0,    0, 
CP, 89, 2013072518, 03, XTRP, 120, 206N, 1783W,   0,    0,   ,   0,    ,    0,    0,    0,    0, 
CP, 89, 2013072518, 03, XTRP, 132, 212N, 1781E,   0,    0,   ,   0,    ,    0,    0,    0,    0, 
CP, 89, 2013072518, 03, XTRP, 144, 218N, 1744E,   0,    0,   ,   0,    ,    0,    0,    0,    0, 
CP, 89, 2013072518, 03, XTRP, 156, 224N, 1708E,   0,    0,   ,   0,    ,    0,    0,    0,    0, 
CP, 89, 2013072518, 03, XTRP, 168, 230N, 1671E,   0,    0,   ,   0,    ,    0,    0,    0,    0, 
CP, 89, 2013072600, 01, CARQ, -24, 140N, 1380W,  20,    0, DB,  34, AAA,    0,    0,    0,    0,    0,    0,   0,   0,   0,   C,   0,   X,   0,   0,     NONAME,  , 
CP, 89, 2013072600, 01, CARQ, -18, 140N, 1393W,  20,    0, DB,  34, AAA,    0,    0,    0,    0,    0,    0,   0,   0,   0,   C,   0,   X,   0,   0,     NONAME,  , 
CP, 89, 2013072600, 01, CARQ, -12, 140N, 1410W,  20,    0, DB,  34, AAA,    0,    0,    0,    0,    0,    0,   0,   0,   0,   C,   0,   X, 280,  17,     NONAME,  , 
CP, 89, 2013072600, 01, CARQ,  -6, 146N, 1428W,  20,    0, DB,  34, AAA,    0,    0,    0,    0,    0,    0,   0,   0,   0,   C,   0,   X,   0,   0,     NONAME,  , 
CP, 89, 2013072600, 01, CARQ,   0, 149N, 1444W,  20, 1009, DB,  34, NEQ,    0,    0,    0,    0, 1011,   90,  70,   0,   0,   C,   0,   X, 280,  17,     NONAME, S , 
CP, 89, 2013072600, 01, CARQ,   0, 149N, 1444W,  20, 1009, DB,  50, NEQ,    0,    0,    0,    0, 1011,   90,  70,   0,   0,   C,   0,   X, 280,  17,     NONAME, S , 
CP, 89, 2013072600, 01, CARQ,   0, 149N, 1444W,  20, 1009, DB,  64, NEQ,    0,    0,    0,    0, 1011,   90,  70,   0,   0,   C,   0,   X, 280,  17,     NONAME, S , 
CP, 89, 2013072600, 03, BAMD,  12, 148N, 1472W,   0,    0,   ,   0,    ,    0,    0,    0,    0, 
CP, 89, 2013072600, 03, BAMD,  24, 148N, 1504W,   0,    0,   ,   0,    ,    0,    0,    0,    0, 
CP, 89, 2013072600, 03, BAMD,  36, 149N, 1539W,   0,    0,   ,   0,    ,    0,    0,    0,    0, 
CP, 89, 2013072600, 03, BAMD,  48, 152N, 1576W,   0,    0,   ,   0,    ,    0,    0,    0,    0, 
CP, 89, 2013072600, 03, BAMD,  60, 157N, 1613W,   0,    0,   ,   0,    ,    0,    0,    0,    0, 
CP, 89, 2013072600, 03, BAMD,  72, 163N, 1645W,   0,    0,   ,   0,    ,    0,    0,    0,    0, 
CP, 89, 2013072600, 03, BAMD,  84, 171N, 1672W,   0,    0,   ,   0,    ,    0,    0,    0,    0, 
CP, 89, 2013072600, 03, BAMD,  96, 179N, 1696W,   0,    0,   ,   0,    ,    0,    0,    0,    0, 
CP, 89, 2013072600, 03, BAMD, 108, 188N, 1717W,   0,    0,   ,   0,    ,    0,    0,    0,    0, 
CP, 89, 2013072600, 03, BAMD, 120, 197N, 1738W,   0,    0,   ,   0,    ,    0,    0,    0,    0, 
CP, 89, 2013072600, 03, BAMD, 132, 204N, 1757W,   0,    0,   ,   0,    ,    0,    0,    0,    0, 
CP, 89, 2013072600, 03, BAMD, 144, 209N, 1776W,   0,    0,   ,   0,    ,    0,    0,    0,    0, 
CP, 89, 2013072600, 03, BAMD, 156, 212N, 1793W,   0,    0,   ,   0,    ,    0,    0,    0,    0, 
CP, 89, 2013072600, 03, BAMD, 168, 212N, 1789E,   0,    0,   ,   0,    ,    0,    0,    0,    0, 
CP, 89, 2013072600, 03, BAMM,  12, 150N, 1476W,   0,    0,   ,   0,    ,    0,    0,    0,    0, 
CP, 89, 2013072600, 03, BAMM,  24, 155N, 1512W,   0,    0,   ,   0,    ,    0,    0,    0,    0, 
CP, 89, 2013072600, 03, BAMM,  36, 162N, 1549W,   0,    0,   ,   0,    ,    0,    0,    0,    0, 
CP, 89, 2013072600, 03, BAMM,  48, 170N, 1586W,   0,    0,   ,   0,    ,    0,    0,    0,    0, 
CP, 89, 2013072600, 03, BAMM,  60, 178N, 1620W,   0,    0,   ,   0,    ,    0,    0,    0,    0, 
CP, 89, 2013072600, 03, BAMM,  72, 188N, 1649W,   0,    0,   ,   0,    ,    0,    0,    0,    0, 
CP, 89, 2013072600, 03, BAMM,  84, 196N, 1674W,   0,    0,   ,   0,    ,    0,    0,    0,    0, 
CP, 89, 2013072600, 03, BAMM,  96, 204N, 1696W,   0,    0,   ,   0,    ,    0,    0,    0,    0, 
CP, 89, 2013072600, 03, BAMM, 108, 212N, 1716W,   0,    0,   ,   0,    ,    0,    0,    0,    0, 
CP, 89, 2013072600, 03, BAMM, 120, 219N, 1735W,   0,    0,   ,   0,    ,    0,    0,    0,    0, 
CP, 89, 2013072600, 03, BAMM, 132, 225N, 1753W,   0,    0,   ,   0,    ,    0,    0,    0,    0, 
CP, 89, 2013072600, 03, BAMM, 144, 229N, 1771W,   0,    0,   ,   0,    ,    0,    0,    0,    0, 
CP, 89, 2013072600, 03, BAMM, 156, 228N, 1788W,   0,    0,   ,   0,    ,    0,    0,    0,    0, 
CP, 89, 2013072600, 03, BAMM, 168, 225N, 1792E,   0,    0,   ,   0,    ,    0,    0,    0,    0, 
CP, 89, 2013072600, 03, BAMS,  12, 151N, 1465W,   0,    0,   ,   0,    ,    0,    0,    0,    0, 
CP, 89, 2013072600, 03, BAMS,  24, 153N, 1490W,   0,    0,   ,   0,    ,    0,    0,    0,    0, 
CP, 89, 2013072600, 03, BAMS,  36, 153N, 1517W,   0,    0,   ,   0,    ,    0,    0,    0,    0, 
CP, 89, 2013072600, 03, BAMS,  48, 154N, 1547W,   0,    0,   ,   0,    ,    0,    0,    0,    0, 
CP, 89, 2013072600, 03, BAMS,  60, 152N, 1579W,   0,    0,   ,   0,    ,    0,    0,    0,    0, 
CP, 89, 2013072600, 03, BAMS,  72, 152N, 1612W,   0,    0,   ,   0,    ,    0,    0,    0,    0, 
CP, 89, 2013072600, 03, BAMS,  84, 153N, 1641W,   0,    0,   ,   0,    ,    0,    0,    0,    0, 
CP, 89, 2013072600, 03, BAMS,  96, 154N, 1670W,   0,    0,   ,   0,    ,    0,    0,    0,    0, 
CP, 89, 2013072600, 03, BAMS, 108, 155N, 1698W,   0,    0,   ,   0,    ,    0,    0,    0,    0, 
CP, 89, 2013072600, 03, BAMS, 120, 156N, 1728W,   0,    0,   ,   0,    ,    0,    0,    0,    0, 
CP, 89, 2013072600, 03, BAMS, 132, 160N, 1760W,   0,    0,   ,   0,    ,    0,    0,    0,    0, 
CP, 89, 2013072600, 03, BAMS, 144, 163N, 1794W,   0,    0,   ,   0,    ,    0,    0,    0,    0, 
CP, 89, 2013072600, 03, BAMS, 156, 165N, 1771E,   0,    0,   ,   0,    ,    0,    0,    0,    0, 
CP, 89, 2013072600, 03, BAMS, 168, 167N, 1735E,   0,    0,   ,   0,    ,    0,    0,    0,    0, 
CP, 89, 2013072600, 03, CLIP,  12, 154N, 1476W,   0,    0,   ,   0,    ,    0,    0,    0,    0, 
CP, 89, 2013072600, 03, CLIP,  24, 156N, 1502W,   0,    0,   ,   0,    ,    0,    0,    0,    0, 
CP, 89, 2013072600, 03, CLIP,  36, 158N, 1522W,   0,    0,   ,   0,    ,    0,    0,    0,    0, 
CP, 89, 2013072600, 03, CLIP,  48, 159N, 1539W,   0,    0,   ,   0,    ,    0,    0,    0,    0, 
CP, 89, 2013072600, 03, CLIP,  60, 160N, 1567W,   0,    0,   ,   0,    ,    0,    0,    0,    0, 
CP, 89, 2013072600, 03, CLIP,  72, 160N, 1591W,   0,    0,   ,   0,    ,    0,    0,    0,    0, 
CP, 89, 2013072600, 03, CLP5,  12, 154N, 1476W,   0,    0,   ,   0,    ,    0,    0,    0,    0, 
CP, 89, 2013072600, 03, CLP5,  24, 158N, 1506W,   0,    0,   ,   0,    ,    0,    0,    0,    0, 
CP, 89, 2013072600, 03, CLP5,  36, 161N, 1534W,   0,    0,   ,   0,    ,    0,    0,    0,    0, 
CP, 89, 2013072600, 03, CLP5,  48, 165N, 1561W,   0,    0,   ,   0,    ,    0,    0,    0,    0, 
CP, 89, 2013072600, 03, CLP5,  60, 170N, 1584W,   0,    0,   ,   0,    ,    0,    0,    0,    0, 
CP, 89, 2013072600, 03, CLP5,  72, 175N, 1608W,   0,    0,   ,   0,    ,    0,    0,    0,    0, 
CP, 89, 2013072600, 03, CLP5,  84, 179N, 1632W,   0,    0,   ,   0,    ,    0,    0,    0,    0, 
CP, 89, 2013072600, 03, CLP5,  96, 185N, 1656W,   0,    0,   ,   0,    ,    0,    0,    0,    0, 
CP, 89, 2013072600, 03, CLP5, 108, 191N, 1679W,   0,    0,   ,   0,    ,    0,    0,    0,    0, 
CP, 89, 2013072600, 03, CLP5, 120, 197N, 1703W,   0,    0,   ,   0,    ,    0,    0,    0,    0, 
CP, 89, 2013072600, 03, DSHP,   0, 149N, 1444W,  20,    0, TD,   0,    ,    0,    0,    0,    0, 
CP, 89, 2013072600, 03, DSHP,  12, 150N, 1476W,  16,    0, TD,   0,    ,    0,    0,    0,    0, 
CP, 89, 2013072600, 03, IV15,   0,   0N,    0W,  20,    0,   ,   0,    ,    0,    0,    0,    0, 
CP, 89, 2013072600, 03, IV15,  12,   0N,    0W,  17,    0,   ,   0,    ,    0,    0,    0,    0, 
CP, 89, 2013072600, 03, IVCN,   0,   0N,    0W,  20,    0,   ,   0,    ,    0,    0,    0,    0, 
CP, 89, 2013072600, 03, IVCN,  12,   0N,    0W,  17,    0,   ,   0,    ,    0,    0,    0,    0, 
CP, 89, 2013072600, 03, LBAR,   0, 149N, 1444W,  20,    0,   ,   0,    ,    0,    0,    0,    0, 
CP, 89, 2013072600, 03, LBAR,  12, 150N, 1477W,   0,    0,   ,   0,    ,    0,    0,    0,    0, 
CP, 89, 2013072600, 03, LBAR,  24, 152N, 1515W,   0,    0,   ,   0,    ,    0,    0,    0,    0, 
CP, 89, 2013072600, 03, LBAR,  36, 157N, 1555W,   0,    0,   ,   0,    ,    0,    0,    0,    0, 
CP, 89, 2013072600, 03, LBAR,  48, 163N, 1597W,   0,    0,   ,   0,    ,    0,    0,    0,    0, 
CP, 89, 2013072600, 03, LBAR,  60, 171N, 1631W,   0,    0,   ,   0,    ,    0,    0,    0,    0, 
CP, 89, 2013072600, 03, LBAR,  72, 183N, 1660W,   0,    0,   ,   0,    ,    0,    0,    0,    0, 
CP, 89, 2013072600, 03, LBAR,  84, 191N, 1684W,   0,    0,   ,   0,    ,    0,    0,    0,    0, 
CP, 89, 2013072600, 03, LGEM,   0, 149N, 1444W,  20,    0, TD,   0,    ,    0,    0,    0,    0, 
CP, 89, 2013072600, 03, LGEM,  12, 150N, 1476W,  18,    0, TD,   0,    ,    0,    0,    0,    0, 
CP, 89, 2013072600, 03, LGEM,  24, 155N, 1512W,  16,    0, TD,   0,    ,    0,    0,    0,    0, 
CP, 89, 2013072600, 03, SHF5,   0,   0N,    0W,  20,    0,   ,   0,    ,    0,    0,    0,    0, 
CP, 89, 2013072600, 03, SHF5,  12,   0N,    0W,  22,    0,   ,   0,    ,    0,    0,    0,    0, 
CP, 89, 2013072600, 03, SHF5,  24,   0N,    0W,  22,    0,   ,   0,    ,    0,    0,    0,    0, 
CP, 89, 2013072600, 03, SHF5,  36,   0N,    0W,  22,    0,   ,   0,    ,    0,    0,    0,    0, 
CP, 89, 2013072600, 03, SHF5,  48,   0N,    0W,  22,    0,   ,   0,    ,    0,    0,    0,    0, 
CP, 89, 2013072600, 03, SHF5,  60,   0N,    0W,  28,    0,   ,   0,    ,    0,    0,    0,    0, 
CP, 89, 2013072600, 03, SHF5,  72,   0N,    0W,  29,    0,   ,   0,    ,    0,    0,    0,    0, 
CP, 89, 2013072600, 03, SHF5,  84,   0N,    0W,  29,    0,   ,   0,    ,    0,    0,    0,    0, 
CP, 89, 2013072600, 03, SHF5,  96,   0N,    0W,  27,    0,   ,   0,    ,    0,    0,    0,    0, 
CP, 89, 2013072600, 03, SHF5, 108,   0N,    0W,  27,    0,   ,   0,    ,    0,    0,    0,    0, 
CP, 89, 2013072600, 03, SHF5, 120,   0N,    0W,  36,    0,   ,   0,    ,    0,    0,    0,    0, 
CP, 89, 2013072600, 03, SHFR,  12,   0N,    0W,  20,    0,   ,   0,    ,    0,    0,    0,    0, 
CP, 89, 2013072600, 03, SHFR,  24,   0N,    0W,  22,    0,   ,   0,    ,    0,    0,    0,    0, 
CP, 89, 2013072600, 03, SHFR,  36,   0N,    0W,  25,    0,   ,   0,    ,    0,    0,    0,    0, 
CP, 89, 2013072600, 03, SHFR,  48,   0N,    0W,  28,    0,   ,   0,    ,    0,    0,    0,    0, 
CP, 89, 2013072600, 03, SHFR,  60,   0N,    0W,  32,    0,   ,   0,    ,    0,    0,    0,    0, 
CP, 89, 2013072600, 03, SHFR,  72,   0N,    0W,  36,    0,   ,   0,    ,    0,    0,    0,    0, 
CP, 89, 2013072600, 03, SHIP,   0, 149N, 1444W,  20,    0, TD,   0,    ,    0,    0,    0,    0, 
CP, 89, 2013072600, 03, SHIP,  12, 150N, 1476W,  16,    0, TD,   0,    ,    0,    0,    0,    0, 
CP, 89, 2013072600, 03, XTRP,   0, 149N, 1444W,   0,    0,   ,   0,    ,    0,    0,    0,    0, 
CP, 89, 2013072600, 03, XTRP,  12, 158N, 1477W,   0,    0,   ,   0,    ,    0,    0,    0,    0, 
CP, 89, 2013072600, 03, XTRP,  24, 167N, 1512W,   0,    0,   ,   0,    ,    0,    0,    0,    0, 
CP, 89, 2013072600, 03, XTRP,  36, 176N, 1546W,   0,    0,   ,   0,    ,    0,    0,    0,    0, 
CP, 89, 2013072600, 03, XTRP,  48, 184N, 1581W,   0,    0,   ,   0,    ,    0,    0,    0,    0, 
CP, 89, 2013072600, 03, XTRP,  60, 193N, 1616W,   0,    0,   ,   0,    ,    0,    0,    0,    0, 
CP, 89, 2013072600, 03, XTRP,  72, 202N, 1651W,   0,    0,   ,   0,    ,    0,    0,    0,    0, 
CP, 89, 2013072600, 03, XTRP,  84, 211N, 1686W,   0,    0,   ,   0,    ,    0,    0,    0,    0, 
CP, 89, 2013072600, 03, XTRP,  96, 220N, 1721W,   0,    0,   ,   0,    ,    0,    0,    0,    0, 
CP, 89, 2013072600, 03, XTRP, 108, 229N, 1757W,   0,    0,   ,   0,    ,    0,    0,    0,    0, 
CP, 89, 2013072600, 03, XTRP, 120, 237N, 1793W,   0,    0,   ,   0,    ,    0,    0,    0,    0, 
CP, 89, 2013072600, 03, XTRP, 132, 246N, 1771E,   0,    0,   ,   0,    ,    0,    0,    0,    0, 
CP, 89, 2013072600, 03, XTRP, 144, 255N, 1735E,   0,    0,   ,   0,    ,    0,    0,    0,    0, 
CP, 89, 2013072600, 03, XTRP, 156, 264N, 1698E,   0,    0,   ,   0,    ,    0,    0,    0,    0, 
CP, 89, 2013072600, 03, XTRP, 168, 273N, 1661E,   0,    0,   ,   0,    ,    0,    0,    0,    0, 
CP, 89, 2013073018, 01, CARQ, -24, 191N, 1519W,  20,    0, DB,  34, AAA,    0,    0,    0,    0,    0,    0,   0,   0,   0,   C,   0,   X,   0,   0,     NONAME,  , 
CP, 89, 2013073018, 01, CARQ, -18, 207N, 1529W,  20,    0, DB,  34, AAA,    0,    0,    0,    0,    0,    0,   0,   0,   0,   C,   0,   X,   0,   0,     NONAME,  , 
CP, 89, 2013073018, 01, CARQ, -12, 222N, 1539W,  20,    0, DB,  34, AAA,    0,    0,    0,    0,    0,    0,   0,   0,   0,   C,   0,   X, 328,  17,     NONAME,  , 
CP, 89, 2013073018, 01, CARQ,  -6, 236N, 1549W,  20,    0, DB,  34, AAA,    0,    0,    0,    0,    0,    0,   0,   0,   0,   C,   0,   X,   0,   0,     NONAME,  , 
CP, 89, 2013073018, 01, CARQ,   0, 253N, 1559W,  20, 1009, DB,  34, NEQ,    0,    0,    0,    0, 1012,  125,  20,   0,   0,   C,   0,   X, 330,  18,     NONAME, S , 
CP, 89, 2013073018, 01, CARQ,   0, 253N, 1559W,  20, 1009, DB,  50, NEQ,    0,    0,    0,    0, 1012,  125,  20,   0,   0,   C,   0,   X, 330,  18,     NONAME, S , 
CP, 89, 2013073018, 01, CARQ,   0, 253N, 1559W,  20, 1009, DB,  64, NEQ,    0,    0,    0,    0, 1012,  125,  20,   0,   0,   C,   0,   X, 330,  18,     NONAME, S , 
