SH, 09, 2014011612, 03, HWRF, 000, 202S,  434E,  35, 1002, XX,  34, NEQ, 0069, 0000, 0000, 0000,    0,    0,  62
SH, 09, 2014011612, 03, HWRF, 006, 211S,  429E,  35, 1002, XX,  34, NEQ, 0000, 0000, 0064, 0000,    0,    0,  58
SH, 09, 2014011612, 03, HWRF, 012, 224S,  425E,  39,  999, XX,  34, NEQ, 0091, 0061, 0062, 0000,    0,    0,  38
SH, 09, 2014011612, 03, HWRF, 018, 235S,  421E,  42,  998, XX,  34, NEQ, 0076, 0088, 0074, 0000,    0,    0,  50
SH, 09, 2014011612, 03, HWRF, 024, 247S,  415E,  44,  998, XX,  34, NEQ, 0053, 0107, 0076, 0000,    0,    0,  79
SH, 09, 2014011612, 03, HWRF, 030, 254S,  408E,  45,  998, XX,  34, NEQ, 0000, 0172, 0084, 0049,    0,    0,  30
SH, 09, 2014011612, 03, HWRF, 036, 258S,  407E,  40,  998, XX,  34, NEQ, 0054, 0194, 0107, 0051,    0,    0, 101
SH, 09, 2014011612, 03, HWRF, 042, 266S,  407E,  32, 1000, XX,  34, NEQ, 0000, 0141, 0000, 0000,    0,    0,  35
SH, 09, 2014011612, 03, HWRF, 048, 274S,  406E,  38, 1000, XX,  34, NEQ, 0000, 0076, 0066, 0000,    0,    0,  44
SH, 09, 2014011612, 03, HWRF, 054, 276S,  409E,  45, 1001, XX,  34, NEQ, 0000, 0069, 0057, 0000,    0,    0,  34
SH, 09, 2014011612, 03, HWRF, 060, 272S,  412E,  35, 1001, XX,  34, NEQ, 0000, 0000, 0072, 0064,    0,    0,  64
SH, 09, 2014011612, 03, HWRF, 066, 271S,  418E,  31, 1003, XX,  34, NEQ, 0000, 0000, 0000, 0000,    0,    0,  61
SH, 09, 2014011612, 03, HWRF, 072, 270S,  422E,  30, 1003, XX,  34, NEQ, 0000, 0000, 0000, 0000,    0,    0,  70
SH, 09, 2014011612, 03, HWRF, 078, 269S,  426E,  29, 1005, XX,  34, NEQ, 0000, 0000, 0000, 0000,    0,    0,  70
SH, 09, 2014011612, 03, HWRF, 084, 268S,  428E,  28, 1005, XX,  34, NEQ, 0000, 0000, 0000, 0000,    0,    0,  66
SH, 09, 2014011612, 03, HWRF, 090, 268S,  431E,  27, 1007, XX,  34, NEQ, 0000, 0000, 0000, 0000,    0,    0, 106
SH, 09, 2014011612, 03, HWRF, 096, 268S,  432E,  28, 1006, XX,  34, NEQ, 0000, 0000, 0000, 0000,    0,    0, 105
SH, 09, 2014011612, 03, HWRF, 102, 267S,  429E,  28, 1008, XX,  34, NEQ, 0000, 0000, 0000, 0000,    0,    0,  47
SH, 09, 2014011612, 03, HWRF, 108, 265S,  424E,  27, 1008, XX,  34, NEQ, 0000, 0000, 0000, 0000,    0,    0,  87
SH, 09, 2014011612, 03, HWRF, 114, 262S,  423E,  34, 1009, XX,  34, NEQ, 0000, 0000, 0000, 0000,    0,    0,  80
SH, 09, 2014011612, 03, HWRF, 120, 254S,  422E,  29, 1008, XX,  34, NEQ, 0000, 0000, 0000, 0000,    0,    0,  67
SH, 09, 2014011612, 03, HWRF, 126, 245S,  421E,  27, 1009, XX,  34, NEQ, 0000, 0000, 0000, 0000,    0,    0,  81
SH, 09, 2014011618, 03, HWRF, 000, 218S,  429E,  40,  995, XX,  34, NEQ, 0000, 0097, 0000, 0000,    0,    0,  80
SH, 09, 2014011618, 03, HWRF, 006, 231S,  424E,  55,  992, XX,  34, NEQ, 0127, 0087, 0083, 0043,    0,    0,  28
SH, 09, 2014011618, 03, HWRF, 006, 231S,  424E,  55,  992, XX,  50, NEQ, 0000, 0035, 0000, 0000,    0,    0,  28
SH, 09, 2014011618, 03, HWRF, 012, 242S,  419E,  50,  992, XX,  34, NEQ, 0104, 0113, 0105, 0047,    0,    0,  36
SH, 09, 2014011618, 03, HWRF, 018, 251S,  411E,  46,  993, XX,  34, NEQ, 0062, 0126, 0104, 0065,    0,    0,  38
SH, 09, 2014011618, 03, HWRF, 024, 254S,  406E,  49,  994, XX,  34, NEQ, 0054, 0159, 0138, 0069,    0,    0,  41
SH, 09, 2014011618, 03, HWRF, 030, 261S,  402E,  45,  995, XX,  34, NEQ, 0000, 0127, 0106, 0055,    0,    0,  59
SH, 09, 2014011618, 03, HWRF, 036, 260S,  397E,  41,  996, XX,  34, NEQ, 0050, 0000, 0096, 0046,    0,    0,  49
SH, 09, 2014011618, 03, HWRF, 042, 262S,  396E,  36,  997, XX,  34, NEQ, 0000, 0060, 0060, 0085,    0,    0,  81
SH, 09, 2014011618, 03, HWRF, 048, 264S,  395E,  55,  997, XX,  34, NEQ, 0000, 0064, 0062, 0034,    0,    0,  23
SH, 09, 2014011618, 03, HWRF, 048, 264S,  395E,  55,  997, XX,  50, NEQ, 0000, 0000, 0035, 0000,    0,    0,  23
SH, 09, 2014011618, 03, HWRF, 054, 259S,  395E,  40,  996, XX,  34, NEQ, 0000, 0000, 0061, 0054,    0,    0,  41
SH, 09, 2014011618, 03, HWRF, 060, 255S,  399E,  35,  999, XX,  34, NEQ, 0000, 0000, 0065, 0000,    0,    0,  64
SH, 09, 2014011618, 03, HWRF, 066, 251S,  400E,  32,  999, XX,  34, NEQ, 0000, 0000, 0000, 0000,    0,    0,  33
SH, 09, 2014011618, 03, HWRF, 072, 246S,  403E,  29, 1001, XX,  34, NEQ, 0000, 0000, 0000, 0000,    0,    0,  34
SH, 09, 2014011618, 03, HWRF, 078, 243S,  404E,  27, 1001, XX,  34, NEQ, 0000, 0000, 0000, 0000,    0,    0,  29
SH, 09, 2014011618, 03, HWRF, 084, 240S,  405E,  28, 1004, XX,  34, NEQ, 0000, 0000, 0000, 0000,    0,    0, 107
SH, 09, 2014011618, 03, HWRF, 090, 239S,  404E,  25, 1004, XX,  34, NEQ, 0000, 0000, 0000, 0000,    0,    0,  68
SH, 09, 2014011618, 03, HWRF, 096, 241S,  403E,  27, 1005, XX,  34, NEQ, 0000, 0000, 0000, 0000,    0,    0,  83
SH, 09, 2014011618, 03, HWRF, 102, 240S,  399E,  42, 1005, XX,  34, NEQ, 0000, 0048, 0054, 0000,    0,    0,  43
SH, 09, 2014011618, 03, HWRF, 108, 233S,  394E,  26, 1007, XX,  34, NEQ, 0000, 0000, 0000, 0000,    0,    0,  92
SH, 09, 2014011618, 03, HWRF, 114, 227S,  392E,  27, 1006, XX,  34, NEQ, 0000, 0000, 0000, 0000,    0,    0, 107
SH, 09, 2014011618, 03, HWRF, 120, 224S,  393E,  34, 1008, XX,  34, NEQ, 0000, 0097, 0000, 0000,    0,    0,  97
SH, 09, 2014011618, 03, HWRF, 126, 218S,  389E,  29, 1008, XX,  34, NEQ, 0000, 0000, 0000, 0000,    0,    0,  90
SH, 09, 2014011618, 99, CHIP,   0, 218S,  428E,  35, 1001,   ,   0,    ,    0,    0,    0,    0,
SH, 09, 2014011618, 99, CHIP,   6, 226S,  423E,  33, 1000,   ,   0,    ,    0,    0,    0,    0,
SH, 09, 2014011618, 99, CHIP,  12, 234S,  418E,  34, 1000,   ,   0,    ,    0,    0,    0,    0,
SH, 09, 2014011618, 99, CHIP,  18, 240S,  413E,  36,  999,   ,   0,    ,    0,    0,    0,    0,
SH, 09, 2014011618, 99, CHIP,  24, 247S,  407E,  36,  999,   ,   0,    ,    0,    0,    0,    0,
SH, 09, 2014011618, 99, CHIP,  30, 249S,  403E,  37,  999,   ,   0,    ,    0,    0,    0,    0,
SH, 09, 2014011618, 99, CHIP,  36, 251S,  398E,  35,  999,   ,   0,    ,    0,    0,    0,    0,
SH, 09, 2014011618, 99, CHIP,  42, 250S,  394E,  31, 1000,   ,   0,    ,    0,    0,    0,    0,
SH, 09, 2014011618, 99, CHIP,  48, 248S,  390E,  29, 1000,   ,   0,    ,    0,    0,    0,    0,
SH, 09, 2014011618, 99, CHIP,  54, 244S,  387E,  27, 1000,   ,   0,    ,    0,    0,    0,    0,
SH, 09, 2014011618, 99, CHIP,  60, 240S,  384E,  27, 1001,   ,   0,    ,    0,    0,    0,    0,
SH, 09, 2014011618, 99, CHIP,  66, 236S,  381E,  27, 1001,   ,   0,    ,    0,    0,    0,    0,
SH, 09, 2014011618, 99, CHIP,  72, 231S,  378E,  28, 1000,   ,   0,    ,    0,    0,    0,    0,
SH, 09, 2014011618, 99, CHIP,  78, 225S,  376E,  28, 1000,   ,   0,    ,    0,    0,    0,    0,
SH, 09, 2014011618, 99, CHIP,  84, 220S,  374E,  28, 1000,   ,   0,    ,    0,    0,    0,    0,
SH, 09, 2014011618, 99, CHIP,  90, 214S,  372E,  29, 1000,   ,   0,    ,    0,    0,    0,    0,
SH, 09, 2014011618, 99, CHIP,  96, 208S,  369E,  30, 1000,   ,   0,    ,    0,    0,    0,    0,
SH, 09, 2014011618, 99, CHIP, 102, 204S,  367E,  30,  999,   ,   0,    ,    0,    0,    0,    0,
SH, 09, 2014011618, 99, CHIP, 108, 199S,  365E,  32,  999,   ,   0,    ,    0,    0,    0,    0,
SH, 09, 2014011618, 99, CHIP, 114, 195S,  363E,  34,  998,   ,   0,    ,    0,    0,    0,    0,
SH, 09, 2014011618, 99, CHIP, 120, 190S,  361E,  36,  998,   ,   0,    ,    0,    0,    0,    0,
SH, 09, 2014011618, 99, CHP2,   0, 218S,  428E,  34, 1000,   ,   0,    ,    0,    0,    0,    0,
SH, 09, 2014011618, 99, CHP2,   6, 226S,  423E,  37,  999,   ,   0,    ,    0,    0,    0,    0,
SH, 09, 2014011618, 99, CHP2,  12, 234S,  418E,  39,  998,   ,   0,    ,    0,    0,    0,    0,
SH, 09, 2014011618, 99, CHP2,  18, 240S,  413E,  41,  997,   ,   0,    ,    0,    0,    0,    0,
SH, 09, 2014011618, 99, CHP2,  24, 247S,  407E,  41,  997,   ,   0,    ,    0,    0,    0,    0,
SH, 09, 2014011618, 99, CHP2,  30, 249S,  403E,  37,  998,   ,   0,    ,    0,    0,    0,    0,
SH, 09, 2014011618, 99, CHP2,  36, 251S,  398E,  34,  999,   ,   0,    ,    0,    0,    0,    0,
SH, 09, 2014011618, 99, CHP2,  42, 250S,  394E,  33,  999,   ,   0,    ,    0,    0,    0,    0,
SH, 09, 2014011618, 99, CHP2,  48, 248S,  390E,  31,  999,   ,   0,    ,    0,    0,    0,    0,
SH, 09, 2014011618, 99, CHP2,  54, 244S,  387E,  30, 1000,   ,   0,    ,    0,    0,    0,    0,
SH, 09, 2014011618, 99, CHP2,  60, 240S,  384E,  31, 1000,   ,   0,    ,    0,    0,    0,    0,
SH, 09, 2014011618, 99, CHP2,  66, 236S,  381E,  31,  999,   ,   0,    ,    0,    0,    0,    0,
SH, 09, 2014011618, 99, CHP2,  72, 231S,  378E,  32,  999,   ,   0,    ,    0,    0,    0,    0,
SH, 09, 2014011618, 99, CHP2,  78, 225S,  376E,  32,  999,   ,   0,    ,    0,    0,    0,    0,
SH, 09, 2014011618, 99, CHP2,  84, 220S,  374E,  33,  999,   ,   0,    ,    0,    0,    0,    0,
SH, 09, 2014011618, 99, CHP2,  90, 214S,  372E,  34,  999,   ,   0,    ,    0,    0,    0,    0,
SH, 09, 2014011618, 99, CHP2,  96, 208S,  369E,  35,  998,   ,   0,    ,    0,    0,    0,    0,
SH, 09, 2014011618, 99, CHP2, 102, 204S,  367E,  37,  998,   ,   0,    ,    0,    0,    0,    0,
SH, 09, 2014011618, 99, CHP2, 108, 199S,  365E,  38,  997,   ,   0,    ,    0,    0,    0,    0,
SH, 09, 2014011618, 99, CHP2, 114, 195S,  363E,  40,  996,   ,   0,    ,    0,    0,    0,    0,
SH, 09, 2014011618, 99, CHP2, 120, 190S,  361E,  42,  996,   ,   0,    ,    0,    0,    0,    0,
SH, 09, 2014011618, 99, CHP3,   0, 218S,  428E,  28, 1001,   ,   0,    ,    0,    0,    0,    0,
SH, 09, 2014011618, 99, CHP3,   6, 226S,  423E,  26, 1001,   ,   0,    ,    0,    0,    0,    0,
SH, 09, 2014011618, 99, CHP3,  12, 234S,  418E,  24, 1002,   ,   0,    ,    0,    0,    0,    0,
SH, 09, 2014011618, 99, CHP3,  18, 240S,  413E,  23, 1002,   ,   0,    ,    0,    0,    0,    0,
SH, 09, 2014011618, 99, CHP3,  24, 247S,  407E,  22, 1002,   ,   0,    ,    0,    0,    0,    0,
SH, 09, 2014011618, 99, CHP3,  30, 249S,  403E,  21, 1002,   ,   0,    ,    0,    0,    0,    0,
SH, 09, 2014011618, 99, CHP3,  36, 251S,  398E,  20, 1003,   ,   0,    ,    0,    0,    0,    0,
SH, 09, 2014011618, 99, CHP3,  42, 250S,  394E,  20, 1003,   ,   0,    ,    0,    0,    0,    0,
SH, 09, 2014011618, 99, CHP3,  48, 248S,  390E,  18, 1003,   ,   0,    ,    0,    0,    0,    0,
SH, 09, 2014011618, 99, CHP3,  54, 244S,  387E,  17, 1003,   ,   0,    ,    0,    0,    0,    0,
SH, 09, 2014011618, 99, CHP3,  60, 240S,  384E,  17, 1003,   ,   0,    ,    0,    0,    0,    0,
SH, 09, 2014011618, 99, CHP3,  66, 236S,  381E,  16, 1003,   ,   0,    ,    0,    0,    0,    0,
SH, 09, 2014011618, 99, CHP3,  72, 231S,  378E,  16, 1003,   ,   0,    ,    0,    0,    0,    0,
SH, 09, 2014011618, 99, CHP3,  78, 225S,  376E,  16, 1003,   ,   0,    ,    0,    0,    0,    0,
SH, 09, 2014011618, 99, CHP3,  84, 220S,  374E,  16, 1003,   ,   0,    ,    0,    0,    0,    0,
SH, 09, 2014011618, 99, CHP3,  90, 214S,  372E,  16, 1003,   ,   0,    ,    0,    0,    0,    0,
SH, 09, 2014011618, 99, CHP3,  96, 208S,  369E,  16, 1003,   ,   0,    ,    0,    0,    0,    0,
SH, 09, 2014011618, 99, CHP3, 102, 204S,  367E,  16, 1003,   ,   0,    ,    0,    0,    0,    0,
SH, 09, 2014011618, 99, CHP3, 108, 199S,  365E,  16, 1003,   ,   0,    ,    0,    0,    0,    0,
SH, 09, 2014011618, 99, CHP3, 114, 195S,  363E,  16, 1003,   ,   0,    ,    0,    0,    0,    0,
SH, 09, 2014011618, 99, CHP3, 120, 190S,  361E,  16, 1003,   ,   0,    ,    0,    0,    0,    0,
SH, 09, 2014011618, 99, CHP4,   0, 218S,  428E,  35, 1000,   ,   0,    ,    0,    0,    0,    0,
SH, 09, 2014011618, 99, CHP4,   6, 226S,  423E,  36,  999,   ,   0,    ,    0,    0,    0,    0,
SH, 09, 2014011618, 99, CHP4,  12, 234S,  418E,  38,  998,   ,   0,    ,    0,    0,    0,    0,
SH, 09, 2014011618, 99, CHP4,  18, 240S,  413E,  40,  997,   ,   0,    ,    0,    0,    0,    0,
SH, 09, 2014011618, 99, CHP4,  24, 247S,  407E,  40,  997,   ,   0,    ,    0,    0,    0,    0,
SH, 09, 2014011618, 99, CHP4,  30, 249S,  403E,  38,  998,   ,   0,    ,    0,    0,    0,    0,
SH, 09, 2014011618, 99, CHP4,  36, 251S,  398E,  33,  999,   ,   0,    ,    0,    0,    0,    0,
SH, 09, 2014011618, 99, CHP4,  42, 250S,  394E,  32,  999,   ,   0,    ,    0,    0,    0,    0,
SH, 09, 2014011618, 99, CHP4,  48, 248S,  390E,  30, 1000,   ,   0,    ,    0,    0,    0,    0,
SH, 09, 2014011618, 99, CHP4,  54, 244S,  387E,  29, 1000,   ,   0,    ,    0,    0,    0,    0,
SH, 09, 2014011618, 99, CHP4,  60, 240S,  384E,  29, 1000,   ,   0,    ,    0,    0,    0,    0,
SH, 09, 2014011618, 99, CHP4,  66, 236S,  381E,  29, 1000,   ,   0,    ,    0,    0,    0,    0,
SH, 09, 2014011618, 99, CHP4,  72, 231S,  378E,  30, 1000,   ,   0,    ,    0,    0,    0,    0,
SH, 09, 2014011618, 99, CHP4,  78, 225S,  376E,  31, 1000,   ,   0,    ,    0,    0,    0,    0,
SH, 09, 2014011618, 99, CHP4,  84, 220S,  374E,  31,  999,   ,   0,    ,    0,    0,    0,    0,
SH, 09, 2014011618, 99, CHP4,  90, 214S,  372E,  32,  999,   ,   0,    ,    0,    0,    0,    0,
SH, 09, 2014011618, 99, CHP4,  96, 208S,  369E,  33,  999,   ,   0,    ,    0,    0,    0,    0,
SH, 09, 2014011618, 99, CHP4, 102, 204S,  367E,  34,  998,   ,   0,    ,    0,    0,    0,    0,
SH, 09, 2014011618, 99, CHP4, 108, 199S,  365E,  36,  998,   ,   0,    ,    0,    0,    0,    0,
SH, 09, 2014011618, 99, CHP4, 114, 195S,  363E,  37,  997,   ,   0,    ,    0,    0,    0,    0,
SH, 09, 2014011618, 99, CHP4, 120, 190S,  361E,  38,  997,   ,   0,    ,    0,    0,    0,    0,
SH, 09, 2014011618, 99, CHP5,   0, 218S,  428E,  28, 1001,   ,   0,    ,    0,    0,    0,    0,
SH, 09, 2014011618, 99, CHP5,   6, 226S,  423E,  26, 1001,   ,   0,    ,    0,    0,    0,    0,
SH, 09, 2014011618, 99, CHP5,  12, 234S,  418E,  25, 1002,   ,   0,    ,    0,    0,    0,    0,
SH, 09, 2014011618, 99, CHP5,  18, 240S,  413E,  24, 1002,   ,   0,    ,    0,    0,    0,    0,
SH, 09, 2014011618, 99, CHP5,  24, 247S,  407E,  24, 1002,   ,   0,    ,    0,    0,    0,    0,
SH, 09, 2014011618, 99, CHP5,  30, 249S,  403E,  23, 1002,   ,   0,    ,    0,    0,    0,    0,
SH, 09, 2014011618, 99, CHP5,  36, 251S,  398E,  23, 1002,   ,   0,    ,    0,    0,    0,    0,
SH, 09, 2014011618, 99, CHP5,  42, 250S,  394E,  23, 1002,   ,   0,    ,    0,    0,    0,    0,
SH, 09, 2014011618, 99, CHP5,  48, 248S,  390E,  21, 1002,   ,   0,    ,    0,    0,    0,    0,
SH, 09, 2014011618, 99, CHP5,  54, 244S,  387E,  21, 1002,   ,   0,    ,    0,    0,    0,    0,
SH, 09, 2014011618, 99, CHP5,  60, 240S,  384E,  20, 1002,   ,   0,    ,    0,    0,    0,    0,
SH, 09, 2014011618, 99, CHP5,  66, 236S,  381E,  20, 1002,   ,   0,    ,    0,    0,    0,    0,
SH, 09, 2014011618, 99, CHP5,  72, 231S,  378E,  21, 1002,   ,   0,    ,    0,    0,    0,    0,
SH, 09, 2014011618, 99, CHP5,  78, 225S,  376E,  21, 1002,   ,   0,    ,    0,    0,    0,    0,
SH, 09, 2014011618, 99, CHP5,  84, 220S,  374E,  21, 1002,   ,   0,    ,    0,    0,    0,    0,
SH, 09, 2014011618, 99, CHP5,  90, 214S,  372E,  21, 1002,   ,   0,    ,    0,    0,    0,    0,
SH, 09, 2014011618, 99, CHP5,  96, 208S,  369E,  22, 1002,   ,   0,    ,    0,    0,    0,    0,
SH, 09, 2014011618, 99, CHP5, 102, 204S,  367E,  22, 1002,   ,   0,    ,    0,    0,    0,    0,
SH, 09, 2014011618, 99, CHP5, 108, 199S,  365E,  23, 1002,   ,   0,    ,    0,    0,    0,    0,
SH, 09, 2014011618, 99, CHP5, 114, 195S,  363E,  23, 1002,   ,   0,    ,    0,    0,    0,    0,
SH, 09, 2014011618, 99, CHP5, 120, 190S,  361E,  23, 1001,   ,   0,    ,    0,    0,    0,    0,
SH, 09, 2014011618, 99, CHP6,   0, 218S,  428E,  32, 1000,   ,   0,    ,    0,    0,    0,    0,
SH, 09, 2014011618, 99, CHP6,   6, 226S,  423E,  35,  999,   ,   0,    ,    0,    0,    0,    0,
SH, 09, 2014011618, 99, CHP6,  12, 234S,  418E,  38,  998,   ,   0,    ,    0,    0,    0,    0,
SH, 09, 2014011618, 99, CHP6,  18, 240S,  413E,  41,  997,   ,   0,    ,    0,    0,    0,    0,
SH, 09, 2014011618, 99, CHP6,  24, 247S,  407E,  42,  997,   ,   0,    ,    0,    0,    0,    0,
SH, 09, 2014011618, 99, CHP6,  30, 249S,  403E,  37,  998,   ,   0,    ,    0,    0,    0,    0,
SH, 09, 2014011618, 99, CHP6,  36, 251S,  398E,  35,  998,   ,   0,    ,    0,    0,    0,    0,
SH, 09, 2014011618, 99, CHP6,  42, 250S,  394E,  34,  999,   ,   0,    ,    0,    0,    0,    0,
SH, 09, 2014011618, 99, CHP6,  48, 248S,  390E,  33,  999,   ,   0,    ,    0,    0,    0,    0,
SH, 09, 2014011618, 99, CHP6,  54, 244S,  387E,  32,  999,   ,   0,    ,    0,    0,    0,    0,
SH, 09, 2014011618, 99, CHP6,  60, 240S,  384E,  32,  999,   ,   0,    ,    0,    0,    0,    0,
SH, 09, 2014011618, 99, CHP6,  66, 236S,  381E,  33,  999,   ,   0,    ,    0,    0,    0,    0,
SH, 09, 2014011618, 99, CHP6,  72, 231S,  378E,  34,  999,   ,   0,    ,    0,    0,    0,    0,
SH, 09, 2014011618, 99, CHP6,  78, 225S,  376E,  35,  998,   ,   0,    ,    0,    0,    0,    0,
SH, 09, 2014011618, 99, CHP6,  84, 220S,  374E,  36,  998,   ,   0,    ,    0,    0,    0,    0,
SH, 09, 2014011618, 99, CHP6,  90, 214S,  372E,  37,  998,   ,   0,    ,    0,    0,    0,    0,
SH, 09, 2014011618, 99, CHP6,  96, 208S,  369E,  39,  997,   ,   0,    ,    0,    0,    0,    0,
SH, 09, 2014011618, 99, CHP6, 102, 204S,  367E,  42,  996,   ,   0,    ,    0,    0,    0,    0,
SH, 09, 2014011618, 99, CHP6, 108, 199S,  365E,  45,  994,   ,   0,    ,    0,    0,    0,    0,
SH, 09, 2014011618, 99, CHP6, 114, 195S,  363E,  49,  992,   ,   0,    ,    0,    0,    0,    0,
SH, 09, 2014011618, 99, CHP6, 120, 190S,  361E,  54,  990,   ,   0,    ,    0,    0,    0,    0,
SH, 09, 2014011618, 99, CHP7,   0, 218S,  428E,  31, 1001,   ,   0,    ,    0,    0,    0,    0,
SH, 09, 2014011618, 99, CHP7,   6, 226S,  423E,  27, 1001,   ,   0,    ,    0,    0,    0,    0,
SH, 09, 2014011618, 99, CHP7,  12, 234S,  418E,  25, 1001,   ,   0,    ,    0,    0,    0,    0,
SH, 09, 2014011618, 99, CHP7,  18, 240S,  413E,  24, 1002,   ,   0,    ,    0,    0,    0,    0,
SH, 09, 2014011618, 99, CHP7,  24, 247S,  407E,  23, 1002,   ,   0,    ,    0,    0,    0,    0,
SH, 09, 2014011618, 99, CHP7,  30, 249S,  403E,  22, 1002,   ,   0,    ,    0,    0,    0,    0,
SH, 09, 2014011618, 99, CHP7,  36, 251S,  398E,  22, 1002,   ,   0,    ,    0,    0,    0,    0,
SH, 09, 2014011618, 99, CHP7,  42, 250S,  394E,  22, 1002,   ,   0,    ,    0,    0,    0,    0,
SH, 09, 2014011618, 99, CHP7,  48, 248S,  390E,  20, 1002,   ,   0,    ,    0,    0,    0,    0,
SH, 09, 2014011618, 99, CHP7,  54, 244S,  387E,  19, 1002,   ,   0,    ,    0,    0,    0,    0,
SH, 09, 2014011618, 99, CHP7,  60, 240S,  384E,  19, 1002,   ,   0,    ,    0,    0,    0,    0,
SH, 09, 2014011618, 99, CHP7,  66, 236S,  381E,  19, 1002,   ,   0,    ,    0,    0,    0,    0,
SH, 09, 2014011618, 99, CHP7,  72, 231S,  378E,  19, 1003,   ,   0,    ,    0,    0,    0,    0,
SH, 09, 2014011618, 99, CHP7,  78, 225S,  376E,  19, 1003,   ,   0,    ,    0,    0,    0,    0,
SH, 09, 2014011618, 99, CHP7,  84, 220S,  374E,  19, 1002,   ,   0,    ,    0,    0,    0,    0,
SH, 09, 2014011618, 99, CHP7,  90, 214S,  372E,  19, 1002,   ,   0,    ,    0,    0,    0,    0,
SH, 09, 2014011618, 99, CHP7,  96, 208S,  369E,  19, 1002,   ,   0,    ,    0,    0,    0,    0,
SH, 09, 2014011618, 99, CHP7, 102, 204S,  367E,  19, 1003,   ,   0,    ,    0,    0,    0,    0,
SH, 09, 2014011618, 99, CHP7, 108, 199S,  365E,  20, 1002,   ,   0,    ,    0,    0,    0,    0,
SH, 09, 2014011618, 99, CHP7, 114, 195S,  363E,  20, 1002,   ,   0,    ,    0,    0,    0,    0,
SH, 09, 2014011618, 99, CHP7, 120, 190S,  361E,  21, 1002,   ,   0,    ,    0,    0,    0,    0,
SH, 09, 2014011700, 03, HWRF, 000, 224S,  426E,  43,  988, XX,  34, NEQ, 0000, 0092, 0047, 0000,    0,    0,  27
SH, 09, 2014011700, 03, HWRF, 006, 234S,  422E,  56,  990, XX,  34, NEQ, 0067, 0082, 0076, 0038,    0,    0,  23
SH, 09, 2014011700, 03, HWRF, 006, 234S,  422E,  56,  990, XX,  50, NEQ, 0033, 0038, 0000, 0000,    0,    0,  23
SH, 09, 2014011700, 03, HWRF, 012, 245S,  416E,  49,  992, XX,  34, NEQ, 0059, 0088, 0069, 0039,    0,    0,  24
SH, 09, 2014011700, 03, HWRF, 018, 253S,  411E,  55,  991, XX,  34, NEQ, 0062, 0124, 0099, 0054,    0,    0,  25
SH, 09, 2014011700, 03, HWRF, 018, 253S,  411E,  55,  991, XX,  50, NEQ, 0000, 0078, 0034, 0030,    0,    0,  25
SH, 09, 2014011700, 03, HWRF, 024, 259S,  405E,  52,  990, XX,  34, NEQ, 0053, 0127, 0094, 0060,    0,    0,  29
SH, 09, 2014011700, 03, HWRF, 024, 259S,  405E,  52,  990, XX,  50, NEQ, 0000, 0000, 0045, 0028,    0,    0,  29
SH, 09, 2014011700, 03, HWRF, 030, 262S,  401E,  48,  992, XX,  34, NEQ, 0057, 0133, 0091, 0066,    0,    0,  31
SH, 09, 2014011700, 03, HWRF, 036, 264S,  398E,  47,  993, XX,  34, NEQ, 0051, 0066, 0094, 0053,    0,    0,  31
SH, 09, 2014011700, 03, HWRF, 042, 264S,  397E,  58,  993, XX,  34, NEQ, 0042, 0082, 0085, 0072,    0,    0,  36
SH, 09, 2014011700, 03, HWRF, 042, 264S,  397E,  58,  993, XX,  50, NEQ, 0000, 0000, 0046, 0000,    0,    0,  36
SH, 09, 2014011700, 03, HWRF, 048, 260S,  398E,  37,  995, XX,  34, NEQ, 0000, 0089, 0084, 0054,    0,    0,  53
SH, 09, 2014011700, 03, HWRF, 054, 258S,  399E,  40,  998, XX,  34, NEQ, 0000, 0000, 0075, 0061,    0,    0,  33
SH, 09, 2014011700, 03, HWRF, 060, 254S,  404E,  34,  998, XX,  34, NEQ, 0000, 0000, 0079, 0076,    0,    0,  78
SH, 09, 2014011700, 03, HWRF, 066, 254S,  405E,  41,  999, XX,  34, NEQ, 0000, 0064, 0057, 0032,    0,    0,  29
SH, 09, 2014011700, 03, HWRF, 072, 248S,  408E,  31, 1001, XX,  34, NEQ, 0000, 0000, 0000, 0000,    0,    0,  51
SH, 09, 2014011700, 03, HWRF, 078, 247S,  407E,  31, 1003, XX,  34, NEQ, 0000, 0000, 0000, 0000,    0,    0,  91
SH, 09, 2014011700, 03, HWRF, 084, 248S,  408E,  35, 1003, XX,  34, NEQ, 0000, 0000, 0072, 0000,    0,    0,  68
SH, 09, 2014011700, 03, HWRF, 090, 245S,  408E,  27, 1005, XX,  34, NEQ, 0000, 0174, 0000, 0000,    0,    0,  46
SH, 09, 2014011700, 03, HWRF, 096, 242S,  406E,  26, 1005, XX,  34, NEQ, 0000, 0000, 0000, 0000,    0,    0,  41
SH, 09, 2014011700, 03, HWRF, 102, 242S,  405E,  29, 1007, XX,  34, NEQ, 0000, 0000, 0000, 0000,    0,    0, 104
SH, 09, 2014011700, 03, HWRF, 108, 240S,  403E,  27, 1006, XX,  34, NEQ, 0000, 0000, 0000, 0000,    0,    0,  75
SH, 09, 2014011700, 03, HWRF, 114, 237S,  401E,  29, 1008, XX,  34, NEQ, 0000, 0000, 0000, 0000,    0,    0, 108
SH, 09, 2014011700, 03, HWRF, 120, 234S,  399E,  33, 1008, XX,  34, NEQ, 0000, 0000, 0000, 0000,    0,    0,  92
SH, 09, 2014011700, 03, HWRF, 126, 227S,  392E,  27, 1009, XX,  34, NEQ, 0000, 0000, 0000, 0000,    0,    0, 106
SH, 09, 2014011700, 99, CHIP,   0, 224S,  425E,  43,  998,   ,   0,    ,    0,    0,    0,    0,
SH, 09, 2014011700, 99, CHIP,   6, 231S,  420E,  43,  997,   ,   0,    ,    0,    0,    0,    0,
SH, 09, 2014011700, 99, CHIP,  12, 239S,  414E,  44,  996,   ,   0,    ,    0,    0,    0,    0,
SH, 09, 2014011700, 99, CHIP,  18, 243S,  410E,  44,  996,   ,   0,    ,    0,    0,    0,    0,
SH, 09, 2014011700, 99, CHIP,  24, 247S,  405E,  44,  996,   ,   0,    ,    0,    0,    0,    0,
SH, 09, 2014011700, 99, CHIP,  30, 248S,  400E,  39,  997,   ,   0,    ,    0,    0,    0,    0,
SH, 09, 2014011700, 99, CHIP,  36, 249S,  395E,  35,  998,   ,   0,    ,    0,    0,    0,    0,
SH, 09, 2014011700, 99, CHIP,  42, 247S,  390E,  34,  999,   ,   0,    ,    0,    0,    0,    0,
SH, 09, 2014011700, 99, CHIP,  48, 244S,  385E,  32,  999,   ,   0,    ,    0,    0,    0,    0,
SH, 09, 2014011700, 99, CHIP,  54, 241S,  383E,  31,  999,   ,   0,    ,    0,    0,    0,    0,
SH, 09, 2014011700, 99, CHIP,  60, 238S,  381E,  31,  999,   ,   0,    ,    0,    0,    0,    0,
SH, 09, 2014011700, 99, CHIP,  66, 235S,  379E,  31,  999,   ,   0,    ,    0,    0,    0,    0,
SH, 09, 2014011700, 99, CHIP,  72, 232S,  376E,  31,  999,   ,   0,    ,    0,    0,    0,    0,
SH, 09, 2014011700, 99, CHIP,  78, 230S,  375E,  32,  999,   ,   0,    ,    0,    0,    0,    0,
SH, 09, 2014011700, 99, CHIP,  84, 228S,  374E,  32,  999,   ,   0,    ,    0,    0,    0,    0,
SH, 09, 2014011700, 99, CHIP,  90, 226S,  373E,  32,  998,   ,   0,    ,    0,    0,    0,    0,
SH, 09, 2014011700, 99, CHIP,  96, 224S,  371E,  32,  998,   ,   0,    ,    0,    0,    0,    0,
SH, 09, 2014011700, 99, CHIP, 102, 222S,  369E,  33,  998,   ,   0,    ,    0,    0,    0,    0,
SH, 09, 2014011700, 99, CHIP, 108, 220S,  367E,  35,  998,   ,   0,    ,    0,    0,    0,    0,
SH, 09, 2014011700, 99, CHIP, 114, 218S,  365E,  36,  997,   ,   0,    ,    0,    0,    0,    0,
SH, 09, 2014011700, 99, CHIP, 120, 215S,  362E,  37,  997,   ,   0,    ,    0,    0,    0,    0,
SH, 09, 2014011700, 99, CHP2,   0, 224S,  425E,  41,  997,   ,   0,    ,    0,    0,    0,    0,
SH, 09, 2014011700, 99, CHP2,   6, 231S,  420E,  48,  994,   ,   0,    ,    0,    0,    0,    0,
SH, 09, 2014011700, 99, CHP2,  12, 239S,  414E,  49,  993,   ,   0,    ,    0,    0,    0,    0,
SH, 09, 2014011700, 99, CHP2,  18, 243S,  410E,  46,  994,   ,   0,    ,    0,    0,    0,    0,
SH, 09, 2014011700, 99, CHP2,  24, 247S,  405E,  40,  996,   ,   0,    ,    0,    0,    0,    0,
SH, 09, 2014011700, 99, CHP2,  30, 248S,  400E,  39,  996,   ,   0,    ,    0,    0,    0,    0,
SH, 09, 2014011700, 99, CHP2,  36, 249S,  395E,  39,  997,   ,   0,    ,    0,    0,    0,    0,
SH, 09, 2014011700, 99, CHP2,  42, 247S,  390E,  38,  997,   ,   0,    ,    0,    0,    0,    0,
SH, 09, 2014011700, 99, CHP2,  48, 244S,  385E,  37,  997,   ,   0,    ,    0,    0,    0,    0,
SH, 09, 2014011700, 99, CHP2,  54, 241S,  383E,  37,  997,   ,   0,    ,    0,    0,    0,    0,
SH, 09, 2014011700, 99, CHP2,  60, 238S,  381E,  36,  997,   ,   0,    ,    0,    0,    0,    0,
SH, 09, 2014011700, 99, CHP2,  66, 235S,  379E,  36,  997,   ,   0,    ,    0,    0,    0,    0,
SH, 09, 2014011700, 99, CHP2,  72, 232S,  376E,  36,  997,   ,   0,    ,    0,    0,    0,    0,
SH, 09, 2014011700, 99, CHP2,  78, 230S,  375E,  36,  997,   ,   0,    ,    0,    0,    0,    0,
SH, 09, 2014011700, 99, CHP2,  84, 228S,  374E,  36,  997,   ,   0,    ,    0,    0,    0,    0,
SH, 09, 2014011700, 99, CHP2,  90, 226S,  373E,  36,  997,   ,   0,    ,    0,    0,    0,    0,
SH, 09, 2014011700, 99, CHP2,  96, 224S,  371E,  36,  997,   ,   0,    ,    0,    0,    0,    0,
SH, 09, 2014011700, 99, CHP2, 102, 222S,  369E,  37,  997,   ,   0,    ,    0,    0,    0,    0,
SH, 09, 2014011700, 99, CHP2, 108, 220S,  367E,  37,  997,   ,   0,    ,    0,    0,    0,    0,
SH, 09, 2014011700, 99, CHP2, 114, 218S,  365E,  37,  997,   ,   0,    ,    0,    0,    0,    0,
SH, 09, 2014011700, 99, CHP2, 120, 215S,  362E,  37,  997,   ,   0,    ,    0,    0,    0,    0,
SH, 09, 2014011700, 99, CHP3,   0, 224S,  425E,  37,  999,   ,   0,    ,    0,    0,    0,    0,
SH, 09, 2014011700, 99, CHP3,   6, 231S,  420E,  37,  998,   ,   0,    ,    0,    0,    0,    0,
SH, 09, 2014011700, 99, CHP3,  12, 239S,  414E,  38,  998,   ,   0,    ,    0,    0,    0,    0,
SH, 09, 2014011700, 99, CHP3,  18, 243S,  410E,  39,  997,   ,   0,    ,    0,    0,    0,    0,
SH, 09, 2014011700, 99, CHP3,  24, 247S,  405E,  39,  997,   ,   0,    ,    0,    0,    0,    0,
SH, 09, 2014011700, 99, CHP3,  30, 248S,  400E,  37,  998,   ,   0,    ,    0,    0,    0,    0,
SH, 09, 2014011700, 99, CHP3,  36, 249S,  395E,  32,  999,   ,   0,    ,    0,    0,    0,    0,
SH, 09, 2014011700, 99, CHP3,  42, 247S,  390E,  31, 1000,   ,   0,    ,    0,    0,    0,    0,
SH, 09, 2014011700, 99, CHP3,  48, 244S,  385E,  29, 1000,   ,   0,    ,    0,    0,    0,    0,
SH, 09, 2014011700, 99, CHP3,  54, 241S,  383E,  28, 1000,   ,   0,    ,    0,    0,    0,    0,
SH, 09, 2014011700, 99, CHP3,  60, 238S,  381E,  28, 1000,   ,   0,    ,    0,    0,    0,    0,
SH, 09, 2014011700, 99, CHP3,  66, 235S,  379E,  28, 1000,   ,   0,    ,    0,    0,    0,    0,
SH, 09, 2014011700, 99, CHP3,  72, 232S,  376E,  28, 1000,   ,   0,    ,    0,    0,    0,    0,
SH, 09, 2014011700, 99, CHP3,  78, 230S,  375E,  28, 1000,   ,   0,    ,    0,    0,    0,    0,
SH, 09, 2014011700, 99, CHP3,  84, 228S,  374E,  28, 1000,   ,   0,    ,    0,    0,    0,    0,
SH, 09, 2014011700, 99, CHP3,  90, 226S,  373E,  29,  999,   ,   0,    ,    0,    0,    0,    0,
SH, 09, 2014011700, 99, CHP3,  96, 224S,  371E,  29,  999,   ,   0,    ,    0,    0,    0,    0,
SH, 09, 2014011700, 99, CHP3, 102, 222S,  369E,  29,  999,   ,   0,    ,    0,    0,    0,    0,
SH, 09, 2014011700, 99, CHP3, 108, 220S,  367E,  30,  999,   ,   0,    ,    0,    0,    0,    0,
SH, 09, 2014011700, 99, CHP3, 114, 218S,  365E,  31,  999,   ,   0,    ,    0,    0,    0,    0,
SH, 09, 2014011700, 99, CHP3, 120, 215S,  362E,  33,  998,   ,   0,    ,    0,    0,    0,    0,
SH, 09, 2014011700, 99, CHP4,   0, 224S,  425E,  39,  998,   ,   0,    ,    0,    0,    0,    0,
SH, 09, 2014011700, 99, CHP4,   6, 231S,  420E,  42,  997,   ,   0,    ,    0,    0,    0,    0,
SH, 09, 2014011700, 99, CHP4,  12, 239S,  414E,  44,  996,   ,   0,    ,    0,    0,    0,    0,
SH, 09, 2014011700, 99, CHP4,  18, 243S,  410E,  44,  995,   ,   0,    ,    0,    0,    0,    0,
SH, 09, 2014011700, 99, CHP4,  24, 247S,  405E,  43,  996,   ,   0,    ,    0,    0,    0,    0,
SH, 09, 2014011700, 99, CHP4,  30, 248S,  400E,  37,  998,   ,   0,    ,    0,    0,    0,    0,
SH, 09, 2014011700, 99, CHP4,  36, 249S,  395E,  35,  998,   ,   0,    ,    0,    0,    0,    0,
SH, 09, 2014011700, 99, CHP4,  42, 247S,  390E,  34,  998,   ,   0,    ,    0,    0,    0,    0,
SH, 09, 2014011700, 99, CHP4,  48, 244S,  385E,  33,  999,   ,   0,    ,    0,    0,    0,    0,
SH, 09, 2014011700, 99, CHP4,  54, 241S,  383E,  32,  999,   ,   0,    ,    0,    0,    0,    0,
SH, 09, 2014011700, 99, CHP4,  60, 238S,  381E,  32,  999,   ,   0,    ,    0,    0,    0,    0,
SH, 09, 2014011700, 99, CHP4,  66, 235S,  379E,  32,  999,   ,   0,    ,    0,    0,    0,    0,
SH, 09, 2014011700, 99, CHP4,  72, 232S,  376E,  32,  999,   ,   0,    ,    0,    0,    0,    0,
SH, 09, 2014011700, 99, CHP4,  78, 230S,  375E,  33,  999,   ,   0,    ,    0,    0,    0,    0,
SH, 09, 2014011700, 99, CHP4,  84, 228S,  374E,  33,  999,   ,   0,    ,    0,    0,    0,    0,
SH, 09, 2014011700, 99, CHP4,  90, 226S,  373E,  33,  998,   ,   0,    ,    0,    0,    0,    0,
SH, 09, 2014011700, 99, CHP4,  96, 224S,  371E,  34,  998,   ,   0,    ,    0,    0,    0,    0,
SH, 09, 2014011700, 99, CHP4, 102, 222S,  369E,  34,  998,   ,   0,    ,    0,    0,    0,    0,
SH, 09, 2014011700, 99, CHP4, 108, 220S,  367E,  34,  998,   ,   0,    ,    0,    0,    0,    0,
SH, 09, 2014011700, 99, CHP4, 114, 218S,  365E,  35,  998,   ,   0,    ,    0,    0,    0,    0,
SH, 09, 2014011700, 99, CHP4, 120, 215S,  362E,  35,  998,   ,   0,    ,    0,    0,    0,    0,
SH, 09, 2014011700, 99, CHP5,   0, 224S,  425E,  37,  999,   ,   0,    ,    0,    0,    0,    0,
SH, 09, 2014011700, 99, CHP5,   6, 231S,  420E,  39,  998,   ,   0,    ,    0,    0,    0,    0,
SH, 09, 2014011700, 99, CHP5,  12, 239S,  414E,  40,  997,   ,   0,    ,    0,    0,    0,    0,
SH, 09, 2014011700, 99, CHP5,  18, 243S,  410E,  41,  997,   ,   0,    ,    0,    0,    0,    0,
SH, 09, 2014011700, 99, CHP5,  24, 247S,  405E,  41,  997,   ,   0,    ,    0,    0,    0,    0,
SH, 09, 2014011700, 99, CHP5,  30, 248S,  400E,  37,  998,   ,   0,    ,    0,    0,    0,    0,
SH, 09, 2014011700, 99, CHP5,  36, 249S,  395E,  33,  999,   ,   0,    ,    0,    0,    0,    0,
SH, 09, 2014011700, 99, CHP5,  42, 247S,  390E,  32,  999,   ,   0,    ,    0,    0,    0,    0,
SH, 09, 2014011700, 99, CHP5,  48, 244S,  385E,  31,  999,   ,   0,    ,    0,    0,    0,    0,
SH, 09, 2014011700, 99, CHP5,  54, 241S,  383E,  30,  999,   ,   0,    ,    0,    0,    0,    0,
SH, 09, 2014011700, 99, CHP5,  60, 238S,  381E,  30,  999,   ,   0,    ,    0,    0,    0,    0,
SH, 09, 2014011700, 99, CHP5,  66, 235S,  379E,  30,  999,   ,   0,    ,    0,    0,    0,    0,
SH, 09, 2014011700, 99, CHP5,  72, 232S,  376E,  30,  999,   ,   0,    ,    0,    0,    0,    0,
SH, 09, 2014011700, 99, CHP5,  78, 230S,  375E,  31,  999,   ,   0,    ,    0,    0,    0,    0,
SH, 09, 2014011700, 99, CHP5,  84, 228S,  374E,  31,  999,   ,   0,    ,    0,    0,    0,    0,
SH, 09, 2014011700, 99, CHP5,  90, 226S,  373E,  31,  999,   ,   0,    ,    0,    0,    0,    0,
SH, 09, 2014011700, 99, CHP5,  96, 224S,  371E,  32,  999,   ,   0,    ,    0,    0,    0,    0,
SH, 09, 2014011700, 99, CHP5, 102, 222S,  369E,  32,  999,   ,   0,    ,    0,    0,    0,    0,
SH, 09, 2014011700, 99, CHP5, 108, 220S,  367E,  33,  999,   ,   0,    ,    0,    0,    0,    0,
SH, 09, 2014011700, 99, CHP5, 114, 218S,  365E,  33,  998,   ,   0,    ,    0,    0,    0,    0,
SH, 09, 2014011700, 99, CHP5, 120, 215S,  362E,  34,  998,   ,   0,    ,    0,    0,    0,    0,
SH, 09, 2014011700, 99, CHP6,   0, 224S,  425E,  39,  998,   ,   0,    ,    0,    0,    0,    0,
SH, 09, 2014011700, 99, CHP6,   6, 231S,  420E,  48,  994,   ,   0,    ,    0,    0,    0,    0,
SH, 09, 2014011700, 99, CHP6,  12, 239S,  414E,  50,  993,   ,   0,    ,    0,    0,    0,    0,
SH, 09, 2014011700, 99, CHP6,  18, 243S,  410E,  49,  993,   ,   0,    ,    0,    0,    0,    0,
SH, 09, 2014011700, 99, CHP6,  24, 247S,  405E,  42,  995,   ,   0,    ,    0,    0,    0,    0,
SH, 09, 2014011700, 99, CHP6,  30, 248S,  400E,  41,  996,   ,   0,    ,    0,    0,    0,    0,
SH, 09, 2014011700, 99, CHP6,  36, 249S,  395E,  41,  996,   ,   0,    ,    0,    0,    0,    0,
SH, 09, 2014011700, 99, CHP6,  42, 247S,  390E,  41,  996,   ,   0,    ,    0,    0,    0,    0,
SH, 09, 2014011700, 99, CHP6,  48, 244S,  385E,  40,  996,   ,   0,    ,    0,    0,    0,    0,
SH, 09, 2014011700, 99, CHP6,  54, 241S,  383E,  40,  996,   ,   0,    ,    0,    0,    0,    0,
SH, 09, 2014011700, 99, CHP6,  60, 238S,  381E,  40,  996,   ,   0,    ,    0,    0,    0,    0,
SH, 09, 2014011700, 99, CHP6,  66, 235S,  379E,  40,  996,   ,   0,    ,    0,    0,    0,    0,
SH, 09, 2014011700, 99, CHP6,  72, 232S,  376E,  39,  996,   ,   0,    ,    0,    0,    0,    0,
SH, 09, 2014011700, 99, CHP6,  78, 230S,  375E,  40,  996,   ,   0,    ,    0,    0,    0,    0,
SH, 09, 2014011700, 99, CHP6,  84, 228S,  374E,  40,  996,   ,   0,    ,    0,    0,    0,    0,
SH, 09, 2014011700, 99, CHP6,  90, 226S,  373E,  40,  996,   ,   0,    ,    0,    0,    0,    0,
SH, 09, 2014011700, 99, CHP6,  96, 224S,  371E,  41,  995,   ,   0,    ,    0,    0,    0,    0,
SH, 09, 2014011700, 99, CHP6, 102, 222S,  369E,  41,  995,   ,   0,    ,    0,    0,    0,    0,
SH, 09, 2014011700, 99, CHP6, 108, 220S,  367E,  42,  995,   ,   0,    ,    0,    0,    0,    0,
SH, 09, 2014011700, 99, CHP6, 114, 218S,  365E,  42,  995,   ,   0,    ,    0,    0,    0,    0,
SH, 09, 2014011700, 99, CHP6, 120, 215S,  362E,  43,  994,   ,   0,    ,    0,    0,    0,    0,
SH, 09, 2014011700, 99, CHP7,   0, 224S,  425E,  38,  998,   ,   0,    ,    0,    0,    0,    0,
SH, 09, 2014011700, 99, CHP7,   6, 231S,  420E,  39,  998,   ,   0,    ,    0,    0,    0,    0,
SH, 09, 2014011700, 99, CHP7,  12, 239S,  414E,  39,  997,   ,   0,    ,    0,    0,    0,    0,
SH, 09, 2014011700, 99, CHP7,  18, 243S,  410E,  40,  997,   ,   0,    ,    0,    0,    0,    0,
SH, 09, 2014011700, 99, CHP7,  24, 247S,  405E,  40,  997,   ,   0,    ,    0,    0,    0,    0,
SH, 09, 2014011700, 99, CHP7,  30, 248S,  400E,  36,  998,   ,   0,    ,    0,    0,    0,    0,
SH, 09, 2014011700, 99, CHP7,  36, 249S,  395E,  32,  999,   ,   0,    ,    0,    0,    0,    0,
SH, 09, 2014011700, 99, CHP7,  42, 247S,  390E,  30, 1000,   ,   0,    ,    0,    0,    0,    0,
SH, 09, 2014011700, 99, CHP7,  48, 244S,  385E,  28, 1000,   ,   0,    ,    0,    0,    0,    0,
SH, 09, 2014011700, 99, CHP7,  54, 241S,  383E,  27, 1000,   ,   0,    ,    0,    0,    0,    0,
SH, 09, 2014011700, 99, CHP7,  60, 238S,  381E,  27, 1000,   ,   0,    ,    0,    0,    0,    0,
SH, 09, 2014011700, 99, CHP7,  66, 235S,  379E,  27, 1000,   ,   0,    ,    0,    0,    0,    0,
SH, 09, 2014011700, 99, CHP7,  72, 232S,  376E,  27, 1000,   ,   0,    ,    0,    0,    0,    0,
SH, 09, 2014011700, 99, CHP7,  78, 230S,  375E,  27, 1000,   ,   0,    ,    0,    0,    0,    0,
SH, 09, 2014011700, 99, CHP7,  84, 228S,  374E,  27, 1000,   ,   0,    ,    0,    0,    0,    0,
SH, 09, 2014011700, 99, CHP7,  90, 226S,  373E,  27, 1000,   ,   0,    ,    0,    0,    0,    0,
SH, 09, 2014011700, 99, CHP7,  96, 224S,  371E,  27, 1000,   ,   0,    ,    0,    0,    0,    0,
SH, 09, 2014011700, 99, CHP7, 102, 222S,  369E,  29, 1000,   ,   0,    ,    0,    0,    0,    0,
SH, 09, 2014011700, 99, CHP7, 108, 220S,  367E,  30,  999,   ,   0,    ,    0,    0,    0,    0,
SH, 09, 2014011700, 99, CHP7, 114, 218S,  365E,  31,  999,   ,   0,    ,    0,    0,    0,    0,
SH, 09, 2014011700, 99, CHP7, 120, 215S,  362E,  32,  999,   ,   0,    ,    0,    0,    0,    0,
SH, 09, 2014011706, 03, HWRF, 000, 235S,  423E,  44,  988, XX,  34, NEQ, 0103, 0067, 0054, 0000,    0,    0,  27
SH, 09, 2014011706, 03, HWRF, 006, 246S,  417E,  50,  990, XX,  34, NEQ, 0046, 0088, 0060, 0033,    0,    0,  23
SH, 09, 2014011706, 03, HWRF, 006, 246S,  417E,  50,  990, XX,  50, NEQ, 0026, 0025, 0000, 0000,    0,    0,  23
SH, 09, 2014011706, 03, HWRF, 012, 254S,  411E,  42,  995, XX,  34, NEQ, 0050, 0123, 0092, 0051,    0,    0,  27
SH, 09, 2014011706, 03, HWRF, 018, 260S,  406E,  46,  996, XX,  34, NEQ, 0052, 0112, 0109, 0059,    0,    0,  68
SH, 09, 2014011706, 03, HWRF, 024, 262S,  401E,  43,  996, XX,  34, NEQ, 0030, 0148, 0127, 0051,    0,    0,  28
SH, 09, 2014011706, 03, HWRF, 030, 267S,  399E,  36,  997, XX,  34, NEQ, 0000, 0051, 0096, 0000,    0,    0,  66
SH, 09, 2014011706, 03, HWRF, 036, 269S,  397E,  59,  995, XX,  34, NEQ, 0042, 0066, 0072, 0061,    0,    0,  24
SH, 09, 2014011706, 03, HWRF, 036, 269S,  397E,  59,  995, XX,  50, NEQ, 0000, 0000, 0034, 0000,    0,    0,  24
SH, 09, 2014011706, 03, HWRF, 042, 264S,  398E,  39,  996, XX,  34, NEQ, 0000, 0034, 0035, 0026,    0,    0,  20
SH, 09, 2014011706, 03, HWRF, 048, 261S,  400E,  37,  999, XX,  34, NEQ, 0000, 0000, 0078, 0068,    0,    0,  62
SH, 09, 2014011706, 03, HWRF, 054, 255S,  400E,  37,  999, XX,  34, NEQ, 0000, 0000, 0063, 0059,    0,    0,  34
SH, 09, 2014011706, 03, HWRF, 060, 252S,  406E,  34, 1001, XX,  34, NEQ, 0000, 0000, 0057, 0000,    0,    0,  57
SH, 09, 2014011706, 03, HWRF, 066, 253S,  409E,  33, 1000, XX,  34, NEQ, 0000, 0000, 0000, 0000,    0,    0,  21
SH, 09, 2014011706, 03, HWRF, 072, 255S,  412E,  35, 1002, XX,  34, NEQ, 0000, 0045, 0030, 0000,    0,    0,  45
SH, 09, 2014011706, 03, HWRF, 078, 252S,  411E,  32, 1002, XX,  34, NEQ, 0000, 0000, 0000, 0000,    0,    0,  86
SH, 09, 2014011706, 03, HWRF, 084, 251S,  412E,  32, 1005, XX,  34, NEQ, 0000, 0000, 0000, 0000,    0,    0,  76
SH, 09, 2014011706, 03, HWRF, 090, 252S,  410E,  33, 1004, XX,  34, NEQ, 0000, 0000, 0000, 0000,    0,    0,  77
SH, 09, 2014011706, 03, HWRF, 096, 250S,  407E,  49, 1004, XX,  34, NEQ, 0000, 0055, 0053, 0027,    0,    0,  29
SH, 09, 2014011706, 03, HWRF, 102, 243S,  403E,  31, 1004, XX,  34, NEQ, 0000, 0000, 0000, 0000,    0,    0,  42
SH, 09, 2014011706, 03, HWRF, 108, 238S,  404E,  29, 1006, XX,  34, NEQ, 0000, 0000, 0000, 0000,    0,    0, 108
SH, 09, 2014011706, 03, HWRF, 114, 234S,  401E,  31, 1007, XX,  34, NEQ, 0000, 0000, 0000, 0000,    0,    0,  64
SH, 09, 2014011706, 03, HWRF, 120, 228S,  394E,  28, 1009, XX,  34, NEQ, 0000, 0000, 0000, 0000,    0,    0,  99
SH, 09, 2014011706, 03, HWRF, 126, 217S,  393E,  23, 1008, XX,  34, NEQ, 0000, 0000, 0000, 0000,    0,    0, 108
SH, 09, 2014011706, 99, CHIP,   0, 235S,  422E,  45,  998,   ,   0,    ,    0,    0,    0,    0,
SH, 09, 2014011706, 99, CHIP,   6, 241S,  416E,  43,  997,   ,   0,    ,    0,    0,    0,    0,
SH, 09, 2014011706, 99, CHIP,  12, 248S,  409E,  44,  996,   ,   0,    ,    0,    0,    0,    0,
SH, 09, 2014011706, 99, CHIP,  18, 250S,  404E,  42,  997,   ,   0,    ,    0,    0,    0,    0,
SH, 09, 2014011706, 99, CHIP,  24, 251S,  398E,  35,  999,   ,   0,    ,    0,    0,    0,    0,
SH, 09, 2014011706, 99, CHIP,  30, 251S,  395E,  34,  999,   ,   0,    ,    0,    0,    0,    0,
SH, 09, 2014011706, 99, CHIP,  36, 250S,  391E,  33,  999,   ,   0,    ,    0,    0,    0,    0,
SH, 09, 2014011706, 99, CHIP,  42, 247S,  388E,  32,  999,   ,   0,    ,    0,    0,    0,    0,
SH, 09, 2014011706, 99, CHIP,  48, 244S,  385E,  31,  999,   ,   0,    ,    0,    0,    0,    0,
SH, 09, 2014011706, 99, CHIP,  54, 242S,  384E,  31,  999,   ,   0,    ,    0,    0,    0,    0,
SH, 09, 2014011706, 99, CHIP,  60, 240S,  382E,  31,  999,   ,   0,    ,    0,    0,    0,    0,
SH, 09, 2014011706, 99, CHIP,  66, 238S,  381E,  31,  999,   ,   0,    ,    0,    0,    0,    0,
SH, 09, 2014011706, 99, CHIP,  72, 236S,  379E,  31,  999,   ,   0,    ,    0,    0,    0,    0,
SH, 09, 2014011706, 99, CHIP,  78, 234S,  377E,  31,  999,   ,   0,    ,    0,    0,    0,    0,
SH, 09, 2014011706, 99, CHIP,  84, 231S,  375E,  31,  999,   ,   0,    ,    0,    0,    0,    0,
SH, 09, 2014011706, 99, CHIP,  90, 229S,  373E,  31,  999,   ,   0,    ,    0,    0,    0,    0,
SH, 09, 2014011706, 99, CHIP,  96, 226S,  371E,  32,  999,   ,   0,    ,    0,    0,    0,    0,
SH, 09, 2014011706, 99, CHP2,   0, 235S,  422E,  43,  997,   ,   0,    ,    0,    0,    0,    0,
SH, 09, 2014011706, 99, CHP2,   6, 241S,  416E,  48,  994,   ,   0,    ,    0,    0,    0,    0,
SH, 09, 2014011706, 99, CHP2,  12, 248S,  409E,  47,  994,   ,   0,    ,    0,    0,    0,    0,
SH, 09, 2014011706, 99, CHP2,  18, 250S,  404E,  40,  996,   ,   0,    ,    0,    0,    0,    0,
SH, 09, 2014011706, 99, CHP2,  24, 251S,  398E,  38,  997,   ,   0,    ,    0,    0,    0,    0,
SH, 09, 2014011706, 99, CHP2,  30, 251S,  395E,  38,  997,   ,   0,    ,    0,    0,    0,    0,
SH, 09, 2014011706, 99, CHP2,  36, 250S,  391E,  37,  997,   ,   0,    ,    0,    0,    0,    0,
SH, 09, 2014011706, 99, CHP2,  42, 247S,  388E,  37,  997,   ,   0,    ,    0,    0,    0,    0,
SH, 09, 2014011706, 99, CHP2,  48, 244S,  385E,  36,  997,   ,   0,    ,    0,    0,    0,    0,
SH, 09, 2014011706, 99, CHP2,  54, 242S,  384E,  36,  997,   ,   0,    ,    0,    0,    0,    0,
SH, 09, 2014011706, 99, CHP2,  60, 240S,  382E,  35,  998,   ,   0,    ,    0,    0,    0,    0,
SH, 09, 2014011706, 99, CHP2,  66, 238S,  381E,  35,  998,   ,   0,    ,    0,    0,    0,    0,
SH, 09, 2014011706, 99, CHP2,  72, 236S,  379E,  35,  998,   ,   0,    ,    0,    0,    0,    0,
SH, 09, 2014011706, 99, CHP2,  78, 234S,  377E,  34,  998,   ,   0,    ,    0,    0,    0,    0,
SH, 09, 2014011706, 99, CHP2,  84, 231S,  375E,  34,  998,   ,   0,    ,    0,    0,    0,    0,
SH, 09, 2014011706, 99, CHP2,  90, 229S,  373E,  34,  998,   ,   0,    ,    0,    0,    0,    0,
SH, 09, 2014011706, 99, CHP2,  96, 226S,  371E,  34,  998,   ,   0,    ,    0,    0,    0,    0,
SH, 09, 2014011706, 99, CHP3,   0, 235S,  422E,  39,  998,   ,   0,    ,    0,    0,    0,    0,
SH, 09, 2014011706, 99, CHP3,   6, 241S,  416E,  39,  997,   ,   0,    ,    0,    0,    0,    0,
SH, 09, 2014011706, 99, CHP3,  12, 248S,  409E,  40,  997,   ,   0,    ,    0,    0,    0,    0,
SH, 09, 2014011706, 99, CHP3,  18, 250S,  404E,  39,  997,   ,   0,    ,    0,    0,    0,    0,
SH, 09, 2014011706, 99, CHP3,  24, 251S,  398E,  34,  999,   ,   0,    ,    0,    0,    0,    0,
SH, 09, 2014011706, 99, CHP3,  30, 251S,  395E,  31,  999,   ,   0,    ,    0,    0,    0,    0,
SH, 09, 2014011706, 99, CHP3,  36, 250S,  391E,  30, 1000,   ,   0,    ,    0,    0,    0,    0,
SH, 09, 2014011706, 99, CHP3,  42, 247S,  388E,  30, 1000,   ,   0,    ,    0,    0,    0,    0,
SH, 09, 2014011706, 99, CHP3,  48, 244S,  385E,  28, 1000,   ,   0,    ,    0,    0,    0,    0,
SH, 09, 2014011706, 99, CHP3,  54, 242S,  384E,  28, 1000,   ,   0,    ,    0,    0,    0,    0,
SH, 09, 2014011706, 99, CHP3,  60, 240S,  382E,  28, 1000,   ,   0,    ,    0,    0,    0,    0,
SH, 09, 2014011706, 99, CHP3,  66, 238S,  381E,  28, 1000,   ,   0,    ,    0,    0,    0,    0,
SH, 09, 2014011706, 99, CHP3,  72, 236S,  379E,  28, 1000,   ,   0,    ,    0,    0,    0,    0,
SH, 09, 2014011706, 99, CHP3,  78, 234S,  377E,  29, 1000,   ,   0,    ,    0,    0,    0,    0,
SH, 09, 2014011706, 99, CHP3,  84, 231S,  375E,  29, 1000,   ,   0,    ,    0,    0,    0,    0,
SH, 09, 2014011706, 99, CHP3,  90, 229S,  373E,  29, 1000,   ,   0,    ,    0,    0,    0,    0,
SH, 09, 2014011706, 99, CHP3,  96, 226S,  371E,  29, 1000,   ,   0,    ,    0,    0,    0,    0,
SH, 09, 2014011706, 99, CHP4,   0, 235S,  422E,  41,  997,   ,   0,    ,    0,    0,    0,    0,
SH, 09, 2014011706, 99, CHP4,   6, 241S,  416E,  43,  996,   ,   0,    ,    0,    0,    0,    0,
SH, 09, 2014011706, 99, CHP4,  12, 248S,  409E,  44,  995,   ,   0,    ,    0,    0,    0,    0,
SH, 09, 2014011706, 99, CHP4,  18, 250S,  404E,  40,  997,   ,   0,    ,    0,    0,    0,    0,
SH, 09, 2014011706, 99, CHP4,  24, 251S,  398E,  36,  998,   ,   0,    ,    0,    0,    0,    0,
SH, 09, 2014011706, 99, CHP4,  30, 251S,  395E,  35,  998,   ,   0,    ,    0,    0,    0,    0,
SH, 09, 2014011706, 99, CHP4,  36, 250S,  391E,  34,  998,   ,   0,    ,    0,    0,    0,    0,
SH, 09, 2014011706, 99, CHP4,  42, 247S,  388E,  34,  998,   ,   0,    ,    0,    0,    0,    0,
SH, 09, 2014011706, 99, CHP4,  48, 244S,  385E,  33,  998,   ,   0,    ,    0,    0,    0,    0,
SH, 09, 2014011706, 99, CHP4,  54, 242S,  384E,  33,  998,   ,   0,    ,    0,    0,    0,    0,
SH, 09, 2014011706, 99, CHP4,  60, 240S,  382E,  33,  998,   ,   0,    ,    0,    0,    0,    0,
SH, 09, 2014011706, 99, CHP4,  66, 238S,  381E,  33,  998,   ,   0,    ,    0,    0,    0,    0,
SH, 09, 2014011706, 99, CHP4,  72, 236S,  379E,  33,  999,   ,   0,    ,    0,    0,    0,    0,
SH, 09, 2014011706, 99, CHP4,  78, 234S,  377E,  33,  999,   ,   0,    ,    0,    0,    0,    0,
SH, 09, 2014011706, 99, CHP4,  84, 231S,  375E,  33,  999,   ,   0,    ,    0,    0,    0,    0,
SH, 09, 2014011706, 99, CHP4,  90, 229S,  373E,  33,  999,   ,   0,    ,    0,    0,    0,    0,
SH, 09, 2014011706, 99, CHP4,  96, 226S,  371E,  33,  998,   ,   0,    ,    0,    0,    0,    0,
SH, 09, 2014011706, 99, CHP5,   0, 235S,  422E,  39,  998,   ,   0,    ,    0,    0,    0,    0,
SH, 09, 2014011706, 99, CHP5,   6, 241S,  416E,  40,  997,   ,   0,    ,    0,    0,    0,    0,
SH, 09, 2014011706, 99, CHP5,  12, 248S,  409E,  41,  997,   ,   0,    ,    0,    0,    0,    0,
SH, 09, 2014011706, 99, CHP5,  18, 250S,  404E,  40,  997,   ,   0,    ,    0,    0,    0,    0,
SH, 09, 2014011706, 99, CHP5,  24, 251S,  398E,  34,  999,   ,   0,    ,    0,    0,    0,    0,
SH, 09, 2014011706, 99, CHP5,  30, 251S,  395E,  32,  999,   ,   0,    ,    0,    0,    0,    0,
SH, 09, 2014011706, 99, CHP5,  36, 250S,  391E,  31,  999,   ,   0,    ,    0,    0,    0,    0,
SH, 09, 2014011706, 99, CHP5,  42, 247S,  388E,  31,  999,   ,   0,    ,    0,    0,    0,    0,
SH, 09, 2014011706, 99, CHP5,  48, 244S,  385E,  30,  999,   ,   0,    ,    0,    0,    0,    0,
SH, 09, 2014011706, 99, CHP5,  54, 242S,  384E,  30,  999,   ,   0,    ,    0,    0,    0,    0,
SH, 09, 2014011706, 99, CHP5,  60, 240S,  382E,  30,  999,   ,   0,    ,    0,    0,    0,    0,
SH, 09, 2014011706, 99, CHP5,  66, 238S,  381E,  30,  999,   ,   0,    ,    0,    0,    0,    0,
SH, 09, 2014011706, 99, CHP5,  72, 236S,  379E,  30,  999,   ,   0,    ,    0,    0,    0,    0,
SH, 09, 2014011706, 99, CHP5,  78, 234S,  377E,  30,  999,   ,   0,    ,    0,    0,    0,    0,
SH, 09, 2014011706, 99, CHP5,  84, 231S,  375E,  30,  999,   ,   0,    ,    0,    0,    0,    0,
SH, 09, 2014011706, 99, CHP5,  90, 229S,  373E,  30,  999,   ,   0,    ,    0,    0,    0,    0,
SH, 09, 2014011706, 99, CHP5,  96, 226S,  371E,  31,  999,   ,   0,    ,    0,    0,    0,    0,
SH, 09, 2014011706, 99, CHP6,   0, 235S,  422E,  41,  997,   ,   0,    ,    0,    0,    0,    0,
SH, 09, 2014011706, 99, CHP6,   6, 241S,  416E,  47,  994,   ,   0,    ,    0,    0,    0,    0,
SH, 09, 2014011706, 99, CHP6,  12, 248S,  409E,  48,  994,   ,   0,    ,    0,    0,    0,    0,
SH, 09, 2014011706, 99, CHP6,  18, 250S,  404E,  41,  996,   ,   0,    ,    0,    0,    0,    0,
SH, 09, 2014011706, 99, CHP6,  24, 251S,  398E,  40,  996,   ,   0,    ,    0,    0,    0,    0,
SH, 09, 2014011706, 99, CHP6,  30, 251S,  395E,  40,  996,   ,   0,    ,    0,    0,    0,    0,
SH, 09, 2014011706, 99, CHP6,  36, 250S,  391E,  39,  997,   ,   0,    ,    0,    0,    0,    0,
SH, 09, 2014011706, 99, CHP6,  42, 247S,  388E,  39,  997,   ,   0,    ,    0,    0,    0,    0,
SH, 09, 2014011706, 99, CHP6,  48, 244S,  385E,  39,  997,   ,   0,    ,    0,    0,    0,    0,
SH, 09, 2014011706, 99, CHP6,  54, 242S,  384E,  38,  997,   ,   0,    ,    0,    0,    0,    0,
SH, 09, 2014011706, 99, CHP6,  60, 240S,  382E,  38,  997,   ,   0,    ,    0,    0,    0,    0,
SH, 09, 2014011706, 99, CHP6,  66, 238S,  381E,  38,  997,   ,   0,    ,    0,    0,    0,    0,
SH, 09, 2014011706, 99, CHP6,  72, 236S,  379E,  37,  997,   ,   0,    ,    0,    0,    0,    0,
SH, 09, 2014011706, 99, CHP6,  78, 234S,  377E,  37,  997,   ,   0,    ,    0,    0,    0,    0,
SH, 09, 2014011706, 99, CHP6,  84, 231S,  375E,  37,  997,   ,   0,    ,    0,    0,    0,    0,
SH, 09, 2014011706, 99, CHP6,  90, 229S,  373E,  37,  997,   ,   0,    ,    0,    0,    0,    0,
SH, 09, 2014011706, 99, CHP6,  96, 226S,  371E,  38,  997,   ,   0,    ,    0,    0,    0,    0,
SH, 09, 2014011706, 99, CHP7,   0, 235S,  422E,  39,  998,   ,   0,    ,    0,    0,    0,    0,
SH, 09, 2014011706, 99, CHP7,   6, 241S,  416E,  40,  997,   ,   0,    ,    0,    0,    0,    0,
SH, 09, 2014011706, 99, CHP7,  12, 248S,  409E,  40,  997,   ,   0,    ,    0,    0,    0,    0,
SH, 09, 2014011706, 99, CHP7,  18, 250S,  404E,  38,  997,   ,   0,    ,    0,    0,    0,    0,
SH, 09, 2014011706, 99, CHP7,  24, 251S,  398E,  33,  999,   ,   0,    ,    0,    0,    0,    0,
SH, 09, 2014011706, 99, CHP7,  30, 251S,  395E,  30,  999,   ,   0,    ,    0,    0,    0,    0,
SH, 09, 2014011706, 99, CHP7,  36, 250S,  391E,  29, 1000,   ,   0,    ,    0,    0,    0,    0,
SH, 09, 2014011706, 99, CHP7,  42, 247S,  388E,  28, 1000,   ,   0,    ,    0,    0,    0,    0,
SH, 09, 2014011706, 99, CHP7,  48, 244S,  385E,  27, 1000,   ,   0,    ,    0,    0,    0,    0,
SH, 09, 2014011706, 99, CHP7,  54, 242S,  384E,  27, 1000,   ,   0,    ,    0,    0,    0,    0,
SH, 09, 2014011706, 99, CHP7,  60, 240S,  382E,  27, 1000,   ,   0,    ,    0,    0,    0,    0,
SH, 09, 2014011706, 99, CHP7,  66, 238S,  381E,  27, 1000,   ,   0,    ,    0,    0,    0,    0,
SH, 09, 2014011706, 99, CHP7,  72, 236S,  379E,  27, 1000,   ,   0,    ,    0,    0,    0,    0,
SH, 09, 2014011706, 99, CHP7,  78, 234S,  377E,  27, 1000,   ,   0,    ,    0,    0,    0,    0,
SH, 09, 2014011706, 99, CHP7,  84, 231S,  375E,  28, 1000,   ,   0,    ,    0,    0,    0,    0,
SH, 09, 2014011706, 99, CHP7,  90, 229S,  373E,  28, 1000,   ,   0,    ,    0,    0,    0,    0,
SH, 09, 2014011706, 99, CHP7,  96, 226S,  371E,  28, 1000,   ,   0,    ,    0,    0,    0,    0,
SH, 09, 2014011712, 03, HWRF, 000, 247S,  416E,  37,  993, XX,  34, NEQ, 0034, 0029, 0025, 0000,    0,    0,  24
SH, 09, 2014011712, 03, HWRF, 006, 253S,  409E,  39,  998, XX,  34, NEQ, 0033, 0104, 0081, 0035,    0,    0,  25
SH, 09, 2014011712, 03, HWRF, 012, 256S,  400E,  39,  998, XX,  34, NEQ, 0000, 0106, 0106, 0000,    0,    0,  61
SH, 09, 2014011712, 03, HWRF, 018, 257S,  390E,  36,  999, XX,  34, NEQ, 0000, 0180, 0057, 0000,    0,    0,  40
SH, 09, 2014011712, 03, HWRF, 024, 254S,  388E,  35,  999, XX,  34, NEQ, 0000, 0141, 0143, 0068,    0,    0,  73
SH, 09, 2014011712, 03, HWRF, 030, 256S,  385E,  43,  999, XX,  34, NEQ, 0000, 0055, 0054, 0035,    0,    0,  31
SH, 09, 2014011712, 03, HWRF, 036, 254S,  383E,  43,  994, XX,  34, NEQ, 0000, 0028, 0057, 0035,    0,    0,  18
SH, 09, 2014011712, 03, HWRF, 042, 248S,  383E,  35,  999, XX,  34, NEQ, 0000, 0000, 0042, 0000,    0,    0,  26
SH, 09, 2014011712, 03, HWRF, 048, 245S,  386E,  33, 1000, XX,  34, NEQ, 0000, 0000, 0000, 0000,    0,    0,  83
SH, 09, 2014011712, 03, HWRF, 054, 245S,  388E,  38, 1001, XX,  34, NEQ, 0000, 0000, 0083, 0000,    0,    0,  53
SH, 09, 2014011712, 03, HWRF, 060, 249S,  392E,  54,  999, XX,  34, NEQ, 0025, 0047, 0068, 0038,    0,    0,  12
SH, 09, 2014011712, 03, HWRF, 060, 249S,  392E,  54,  999, XX,  50, NEQ, 0000, 0000, 0012, 0019,    0,    0,  12
SH, 09, 2014011712, 03, HWRF, 066, 245S,  388E,  30, 1004, XX,  34, NEQ, 0000, 0000, 0000, 0000,    0,    0,  74
SH, 09, 2014011712, 03, HWRF, 072, 242S,  390E,  29, 1004, XX,  34, NEQ, 0000, 0000, 0000, 0000,    0,    0,  91
SH, 09, 2014011712, 03, HWRF, 078, 241S,  391E,  29, 1006, XX,  34, NEQ, 0000, 0000, 0000, 0000,    0,    0,  99
SH, 09, 2014011712, 03, HWRF, 084, 237S,  389E,  30, 1006, XX,  34, NEQ, 0000, 0000, 0000, 0000,    0,    0,  77
SH, 09, 2014011712, 03, HWRF, 090, 232S,  385E,  28, 1007, XX,  34, NEQ, 0000, 0000, 0000, 0000,    0,    0,  83
SH, 09, 2014011712, 03, HWRF, 096, 226S,  384E,  29, 1007, XX,  34, NEQ, 0000, 0000, 0000, 0000,    0,    0,  93
SH, 09, 2014011712, 03, HWRF, 102, 216S,  383E,  26, 1008, XX,  34, NEQ, 0000, 0000, 0000, 0000,    0,    0, 107
SH, 09, 2014011712, 03, HWRF, 108, 209S,  381E,  27, 1008, XX,  34, NEQ, 0000, 0000, 0000, 0000,    0,    0, 107
SH, 09, 2014011712, 03, HWRF, 114, 199S,  369E,  32, 1008, XX,  34, NEQ, 0000, 0000, 0000, 0000,    0,    0, 107
SH, 09, 2014011712, 03, HWRF, 120, 192S,  364E,  31, 1008, XX,  34, NEQ, 0000, 0000, 0000, 0000,    0,    0,  78
SH, 09, 2014011712, 03, HWRF, 126, 188S,  357E,  29, 1009, XX,  34, NEQ, 0000, 0000, 0000, 0000,    0,    0,  93
SH, 09, 2014011718, 03, HWRF, 000, 255S,  407E,  38,  995, XX,  34, NEQ, 0000, 0128, 0064, 0000,    0,    0,  28
SH, 09, 2014011718, 03, HWRF, 006, 259S,  400E,  45,  996, XX,  34, NEQ, 0000, 0180, 0110, 0056,    0,    0,  42
SH, 09, 2014011718, 03, HWRF, 012, 261S,  397E,  36,  998, XX,  34, NEQ, 0000, 0123, 0061, 0000,    0,    0, 107
SH, 09, 2014011718, 03, HWRF, 018, 260S,  394E,  35,  999, XX,  34, NEQ, 0000, 0000, 0077, 0073,    0,    0,  72
SH, 09, 2014011718, 03, HWRF, 024, 256S,  393E,  38, 1001, XX,  34, NEQ, 0000, 0000, 0067, 0000,    0,    0,  56
SH, 09, 2014011718, 03, HWRF, 030, 252S,  392E,  31,  998, XX,  34, NEQ, 0000, 0000, 0000, 0000,    0,    0,  82
SH, 09, 2014011718, 03, HWRF, 036, 251S,  392E,  37, 1001, XX,  34, NEQ, 0000, 0000, 0083, 0069,    0,    0,  79
SH, 09, 2014011718, 03, HWRF, 042, 246S,  390E,  32, 1001, XX,  34, NEQ, 0000, 0000, 0000, 0000,    0,    0,  42
SH, 09, 2014011718, 03, HWRF, 048, 242S,  392E,  35, 1003, XX,  34, NEQ, 0000, 0000, 0056, 0000,    0,    0,  55
SH, 09, 2014011718, 03, HWRF, 054, 239S,  390E,  32, 1001, XX,  34, NEQ, 0000, 0000, 0000, 0000,    0,    0,  60
SH, 09, 2014011718, 03, HWRF, 060, 236S,  390E,  31, 1004, XX,  34, NEQ, 0000, 0000, 0000, 0000,    0,    0,  28
SH, 09, 2014011718, 03, HWRF, 066, 234S,  390E,  34, 1004, XX,  34, NEQ, 0000, 0000, 0000, 0000,    0,    0,  92
SH, 09, 2014011718, 03, HWRF, 072, 231S,  390E,  28, 1005, XX,  34, NEQ, 0000, 0000, 0000, 0000,    0,    0,  62
SH, 09, 2014011718, 03, HWRF, 078, 230S,  387E,  32, 1005, XX,  34, NEQ, 0000, 0000, 0000, 0000,    0,    0,  75
SH, 09, 2014011718, 03, HWRF, 084, 228S,  383E,  30, 1006, XX,  34, NEQ, 0000, 0000, 0000, 0000,    0,    0,  70
SH, 09, 2014011718, 03, HWRF, 090, 222S,  380E,  29, 1006, XX,  34, NEQ, 0000, 0000, 0000, 0000,    0,    0,  63
SH, 09, 2014011718, 03, HWRF, 096, 216S,  380E,  32, 1007, XX,  34, NEQ, 0000, 0000, 0000, 0000,    0,    0, 100
SH, 09, 2014011718, 03, HWRF, 102, 208S,  373E,  30, 1007, XX,  34, NEQ, 0000, 0000, 0000, 0000,    0,    0,  94
SH, 09, 2014011718, 03, HWRF, 108, 200S,  371E,  30, 1007, XX,  34, NEQ, 0000, 0000, 0000, 0000,    0,    0, 103
SH, 09, 2014011718, 03, HWRF, 114, 197S,  367E,  35, 1006, XX,  34, NEQ, 0000, 0000, 0107, 0000,    0,    0, 106
SH, 09, 2014011718, 03, HWRF, 120, 193S,  362E,  30, 1007, XX,  34, NEQ, 0000, 0000, 0000, 0000,    0,    0,  88
SH, 09, 2014011718, 03, HWRF, 126, 185S,  358E,  22, 1008, XX,  34, NEQ, 0000, 0000, 0000, 0000,    0,    0,  85
SH, 09, 2014011718, 99, CHIP,   0, 251S,  408E,  35,  999,   ,   0,    ,    0,    0,    0,    0,
SH, 09, 2014011718, 99, CHIP,   6, 254S,  402E,  33,  999,   ,   0,    ,    0,    0,    0,    0,
SH, 09, 2014011718, 99, CHIP,  12, 256S,  395E,  30, 1000,   ,   0,    ,    0,    0,    0,    0,
SH, 09, 2014011718, 99, CHIP,  18, 254S,  391E,  28, 1000,   ,   0,    ,    0,    0,    0,    0,
SH, 09, 2014011718, 99, CHIP,  24, 252S,  387E,  27, 1001,   ,   0,    ,    0,    0,    0,    0,
SH, 09, 2014011718, 99, CHIP,  30, 249S,  384E,  27, 1001,   ,   0,    ,    0,    0,    0,    0,
SH, 09, 2014011718, 99, CHIP,  36, 245S,  381E,  27, 1001,   ,   0,    ,    0,    0,    0,    0,
SH, 09, 2014011718, 99, CHP2,   0, 251S,  408E,  37,  998,   ,   0,    ,    0,    0,    0,    0,
SH, 09, 2014011718, 99, CHP2,   6, 254S,  402E,  35,  999,   ,   0,    ,    0,    0,    0,    0,
SH, 09, 2014011718, 99, CHP2,  12, 256S,  395E,  31,  999,   ,   0,    ,    0,    0,    0,    0,
SH, 09, 2014011718, 99, CHP2,  18, 254S,  391E,  29, 1000,   ,   0,    ,    0,    0,    0,    0,
SH, 09, 2014011718, 99, CHP2,  24, 252S,  387E,  28, 1000,   ,   0,    ,    0,    0,    0,    0,
SH, 09, 2014011718, 99, CHP2,  30, 249S,  384E,  28, 1000,   ,   0,    ,    0,    0,    0,    0,
SH, 09, 2014011718, 99, CHP2,  36, 245S,  381E,  28, 1000,   ,   0,    ,    0,    0,    0,    0,
SH, 09, 2014011718, 99, CHP3,   0, 251S,  408E,  32,  999,   ,   0,    ,    0,    0,    0,    0,
SH, 09, 2014011718, 99, CHP3,   6, 254S,  402E,  28, 1000,   ,   0,    ,    0,    0,    0,    0,
SH, 09, 2014011718, 99, CHP3,  12, 256S,  395E,  25, 1001,   ,   0,    ,    0,    0,    0,    0,
SH, 09, 2014011718, 99, CHP3,  18, 254S,  391E,  23, 1002,   ,   0,    ,    0,    0,    0,    0,
SH, 09, 2014011718, 99, CHP3,  24, 252S,  387E,  22, 1002,   ,   0,    ,    0,    0,    0,    0,
SH, 09, 2014011718, 99, CHP3,  30, 249S,  384E,  21, 1002,   ,   0,    ,    0,    0,    0,    0,
SH, 09, 2014011718, 99, CHP3,  36, 245S,  381E,  20, 1002,   ,   0,    ,    0,    0,    0,    0,
SH, 09, 2014011718, 99, CHP4,   0, 251S,  408E,  37,  998,   ,   0,    ,    0,    0,    0,    0,
SH, 09, 2014011718, 99, CHP4,   6, 254S,  402E,  31, 1000,   ,   0,    ,    0,    0,    0,    0,
SH, 09, 2014011718, 99, CHP4,  12, 256S,  395E,  29, 1000,   ,   0,    ,    0,    0,    0,    0,
SH, 09, 2014011718, 99, CHP4,  18, 254S,  391E,  27, 1001,   ,   0,    ,    0,    0,    0,    0,
SH, 09, 2014011718, 99, CHP4,  24, 252S,  387E,  25, 1001,   ,   0,    ,    0,    0,    0,    0,
SH, 09, 2014011718, 99, CHP4,  30, 249S,  384E,  25, 1001,   ,   0,    ,    0,    0,    0,    0,
SH, 09, 2014011718, 99, CHP4,  36, 245S,  381E,  24, 1001,   ,   0,    ,    0,    0,    0,    0,
SH, 09, 2014011718, 99, CHP5,   0, 251S,  408E,  32,  999,   ,   0,    ,    0,    0,    0,    0,
SH, 09, 2014011718, 99, CHP5,   6, 254S,  402E,  28, 1000,   ,   0,    ,    0,    0,    0,    0,
SH, 09, 2014011718, 99, CHP5,  12, 256S,  395E,  26, 1001,   ,   0,    ,    0,    0,    0,    0,
SH, 09, 2014011718, 99, CHP5,  18, 254S,  391E,  24, 1001,   ,   0,    ,    0,    0,    0,    0,
SH, 09, 2014011718, 99, CHP5,  24, 252S,  387E,  23, 1002,   ,   0,    ,    0,    0,    0,    0,
SH, 09, 2014011718, 99, CHP5,  30, 249S,  384E,  22, 1002,   ,   0,    ,    0,    0,    0,    0,
SH, 09, 2014011718, 99, CHP5,  36, 245S,  381E,  22, 1002,   ,   0,    ,    0,    0,    0,    0,
SH, 09, 2014011718, 99, CHP6,   0, 251S,  408E,  37,  998,   ,   0,    ,    0,    0,    0,    0,
SH, 09, 2014011718, 99, CHP6,   6, 254S,  402E,  35,  999,   ,   0,    ,    0,    0,    0,    0,
SH, 09, 2014011718, 99, CHP6,  12, 256S,  395E,  30,  999,   ,   0,    ,    0,    0,    0,    0,
SH, 09, 2014011718, 99, CHP6,  18, 254S,  391E,  29, 1000,   ,   0,    ,    0,    0,    0,    0,
SH, 09, 2014011718, 99, CHP6,  24, 252S,  387E,  28, 1000,   ,   0,    ,    0,    0,    0,    0,
SH, 09, 2014011718, 99, CHP6,  30, 249S,  384E,  28, 1000,   ,   0,    ,    0,    0,    0,    0,
SH, 09, 2014011718, 99, CHP6,  36, 245S,  381E,  27, 1001,   ,   0,    ,    0,    0,    0,    0,
SH, 09, 2014011718, 99, CHP7,   0, 251S,  408E,  33, 1000,   ,   0,    ,    0,    0,    0,    0,
SH, 09, 2014011718, 99, CHP7,   6, 254S,  402E,  29, 1000,   ,   0,    ,    0,    0,    0,    0,
SH, 09, 2014011718, 99, CHP7,  12, 256S,  395E,  26, 1001,   ,   0,    ,    0,    0,    0,    0,
SH, 09, 2014011718, 99, CHP7,  18, 254S,  391E,  24, 1001,   ,   0,    ,    0,    0,    0,    0,
SH, 09, 2014011718, 99, CHP7,  24, 252S,  387E,  22, 1001,   ,   0,    ,    0,    0,    0,    0,
SH, 09, 2014011718, 99, CHP7,  30, 249S,  384E,  21, 1002,   ,   0,    ,    0,    0,    0,    0,
SH, 09, 2014011718, 99, CHP7,  36, 245S,  381E,  20, 1002,   ,   0,    ,    0,    0,    0,    0,
SH, 09, 2014011800, 03, HWRF, 000, 259S,  394E,  34,  995, XX,  34, NEQ, 0000, 0000, 0049, 0000,    0,    0,  47
SH, 09, 2014011800, 03, HWRF, 006, 258S,  389E,  45,  999, XX,  34, NEQ, 0000, 0117, 0079, 0071,    0,    0,  20
SH, 09, 2014011800, 03, HWRF, 012, 255S,  386E,  35,  998, XX,  34, NEQ, 0000, 0000, 0077, 0000,    0,    0,  64
SH, 09, 2014011800, 03, HWRF, 018, 248S,  386E,  31, 1001, XX,  34, NEQ, 0000, 0000, 0116, 0000,    0,    0,  60
SH, 09, 2014011800, 03, HWRF, 024, 247S,  387E,  30, 1001, XX,  34, NEQ, 0000, 0000, 0000, 0000,    0,    0,  75
SH, 09, 2014011800, 03, HWRF, 030, 246S,  386E,  30, 1004, XX,  34, NEQ, 0000, 0000, 0000, 0000,    0,    0,  18
SH, 09, 2014011800, 03, HWRF, 036, 245S,  385E,  41, 1002, XX,  34, NEQ, 0000, 0000, 0038, 0042,    0,    0,  27
SH, 09, 2014011800, 03, HWRF, 042, 238S,  385E,  39, 1004, XX,  34, NEQ, 0000, 0085, 0000, 0000,    0,    0,  64
SH, 09, 2014011800, 03, HWRF, 048, 235S,  387E,  29, 1004, XX,  34, NEQ, 0000, 0000, 0000, 0000,    0,    0,  75
SH, 09, 2014011800, 03, HWRF, 054, 237S,  390E,  30, 1006, XX,  34, NEQ, 0000, 0000, 0000, 0000,    0,    0,  86
SH, 09, 2014011800, 03, HWRF, 060, 236S,  387E,  25, 1005, XX,  34, NEQ, 0000, 0000, 0000, 0000,    0,    0,  82
SH, 09, 2014011800, 03, HWRF, 066, 235S,  386E,  30, 1007, XX,  34, NEQ, 0000, 0000, 0000, 0000,    0,    0,  90
SH, 09, 2014011800, 03, HWRF, 072, 231S,  384E,  27, 1006, XX,  34, NEQ, 0000, 0000, 0000, 0000,    0,    0,  57
SH, 09, 2014011800, 03, HWRF, 078, 225S,  381E,  26, 1008, XX,  34, NEQ, 0000, 0000, 0000, 0000,    0,    0,  73
SH, 09, 2014011800, 03, HWRF, 084, 222S,  379E,  29, 1006, XX,  34, NEQ, 0000, 0000, 0000, 0000,    0,    0, 106
SH, 09, 2014011800, 03, HWRF, 090, 217S,  376E,  35, 1008, XX,  34, NEQ, 0000, 0000, 0076, 0000,    0,    0,  73
SH, 09, 2014011800, 03, HWRF, 096, 208S,  372E,  28, 1007, XX,  34, NEQ, 0000, 0000, 0000, 0000,    0,    0,  98
SH, 09, 2014011800, 03, HWRF, 102, 203S,  366E,  29, 1009, XX,  34, NEQ, 0000, 0000, 0000, 0000,    0,    0,  83
SH, 09, 2014011800, 03, HWRF, 108, 196S,  364E,  27, 1007, XX,  34, NEQ, 0000, 0000, 0000, 0000,    0,    0,  77
SH, 09, 2014011800, 03, HWRF, 114, 186S,  359E,  22, 1009, XX,  34, NEQ, 0000, 0000, 0000, 0000,    0,    0, 107
SH, 09, 2014011800, 03, HWRF, 120, 181S,  355E,  21, 1009, XX,  34, NEQ, 0000, 0000, 0000, 0000,    0,    0, 105
SH, 09, 2014011800, 03, HWRF, 126, 172S,  350E,  13, 1010, XX,  34, NEQ, 0000, 0000, 0000, 0000,    0,    0,  74
SH, 09, 2014011800, 99, CHIP,   0, 259S,  393E,  34, 1000,   ,   0,    ,    0,    0,    0,    0,
SH, 09, 2014011800, 99, CHIP,   6, 259S,  388E,  30, 1000,   ,   0,    ,    0,    0,    0,    0,
SH, 09, 2014011800, 99, CHIP,  12, 260S,  382E,  29, 1000,   ,   0,    ,    0,    0,    0,    0,
SH, 09, 2014011800, 99, CHP2,   0, 259S,  393E,  36,  999,   ,   0,    ,    0,    0,    0,    0,
SH, 09, 2014011800, 99, CHP2,   6, 259S,  388E,  34,  999,   ,   0,    ,    0,    0,    0,    0,
SH, 09, 2014011800, 99, CHP2,  12, 260S,  382E,  34,  999,   ,   0,    ,    0,    0,    0,    0,
SH, 09, 2014011800, 99, CHP3,   0, 259S,  393E,  31, 1000,   ,   0,    ,    0,    0,    0,    0,
SH, 09, 2014011800, 99, CHP3,   6, 259S,  388E,  27, 1001,   ,   0,    ,    0,    0,    0,    0,
SH, 09, 2014011800, 99, CHP3,  12, 260S,  382E,  25, 1001,   ,   0,    ,    0,    0,    0,    0,
SH, 09, 2014011800, 99, CHP4,   0, 259S,  393E,  34,  999,   ,   0,    ,    0,    0,    0,    0,
SH, 09, 2014011800, 99, CHP4,   6, 259S,  388E,  33,  999,   ,   0,    ,    0,    0,    0,    0,
SH, 09, 2014011800, 99, CHP4,  12, 260S,  382E,  33,  999,   ,   0,    ,    0,    0,    0,    0,
SH, 09, 2014011800, 99, CHP5,   0, 259S,  393E,  31, 1000,   ,   0,    ,    0,    0,    0,    0,
SH, 09, 2014011800, 99, CHP5,   6, 259S,  388E,  27, 1001,   ,   0,    ,    0,    0,    0,    0,
SH, 09, 2014011800, 99, CHP5,  12, 260S,  382E,  25, 1001,   ,   0,    ,    0,    0,    0,    0,
SH, 09, 2014011800, 99, CHP6,   0, 259S,  393E,  34,  999,   ,   0,    ,    0,    0,    0,    0,
SH, 09, 2014011800, 99, CHP6,   6, 259S,  388E,  33,  999,   ,   0,    ,    0,    0,    0,    0,
SH, 09, 2014011800, 99, CHP6,  12, 260S,  382E,  33,  999,   ,   0,    ,    0,    0,    0,    0,
SH, 09, 2014011800, 99, CHP7,   0, 259S,  393E,  31, 1000,   ,   0,    ,    0,    0,    0,    0,
SH, 09, 2014011800, 99, CHP7,   6, 259S,  388E,  28, 1000,   ,   0,    ,    0,    0,    0,    0,
SH, 09, 2014011800, 99, CHP7,  12, 260S,  382E,  25, 1001,   ,   0,    ,    0,    0,    0,    0,
