SH, 02, 2013112212, 99, CHIP,   0, 146S, 1214E,  43,  998,   ,   0,    ,    0,    0,    0,    0,
SH, 02, 2013112212, 99, CHIP,   6, 146S, 1222E,  46,  996,   ,   0,    ,    0,    0,    0,    0,
SH, 02, 2013112212, 99, CHIP,  12, 145S, 1231E,  52,  994,   ,   0,    ,    0,    0,    0,    0,
SH, 02, 2013112212, 99, CHIP,  18, 144S, 1240E,  59,  990,   ,   0,    ,    0,    0,    0,    0,
SH, 02, 2013112212, 99, CHIP,  24, 143S, 1249E,  69,  984,   ,   0,    ,    0,    0,    0,    0,
SH, 02, 2013112212, 99, CHIP,  30, 141S, 1258E,  83,  975,   ,   0,    ,    0,    0,    0,    0,
SH, 02, 2013112212, 99, CHIP,  36, 139S, 1268E,  77,  979,   ,   0,    ,    0,    0,    0,    0,
SH, 02, 2013112212, 99, CHIP,  42, 138S, 1277E,  61,  987,   ,   0,    ,    0,    0,    0,    0,
SH, 02, 2013112212, 99, CHIP,  48, 136S, 1286E,  62,  986,   ,   0,    ,    0,    0,    0,    0,
SH, 02, 2013112212, 99, CHIP,  54, 136S, 1294E,  73,  979,   ,   0,    ,    0,    0,    0,    0,
SH, 02, 2013112212, 99, CHIP,  60, 135S, 1303E,  73,  979,   ,   0,    ,    0,    0,    0,    0,
SH, 02, 2013112212, 99, CHIP,  66, 135S, 1311E,  56,  987,   ,   0,    ,    0,    0,    0,    0,
SH, 02, 2013112212, 99, CHIP,  72, 135S, 1320E,  45,  993,   ,   0,    ,    0,    0,    0,    0,
SH, 02, 2013112212, 99, CHIP,  78, 136S, 1326E,  38,  995,   ,   0,    ,    0,    0,    0,    0,
SH, 02, 2013112212, 99, CHIP,  84, 138S, 1333E,  34,  997,   ,   0,    ,    0,    0,    0,    0,
SH, 02, 2013112212, 99, CHIP,  90, 139S, 1339E,  30,  998,   ,   0,    ,    0,    0,    0,    0,
SH, 02, 2013112212, 99, CHIP,  96, 141S, 1346E,  28,  999,   ,   0,    ,    0,    0,    0,    0,
SH, 02, 2013112212, 99, CHIP, 102, 144S, 1349E,  26, 1000,   ,   0,    ,    0,    0,    0,    0,
SH, 02, 2013112212, 99, CHIP, 108, 147S, 1353E,  24, 1000,   ,   0,    ,    0,    0,    0,    0,
SH, 02, 2013112212, 99, CHIP, 114, 150S, 1356E,  22, 1001,   ,   0,    ,    0,    0,    0,    0,
SH, 02, 2013112212, 99, CHIP, 120, 153S, 1360E,  22, 1001,   ,   0,    ,    0,    0,    0,    0,
SH, 02, 2013112212, 99, CHP2,   0, 146S, 1214E,  42,  997,   ,   0,    ,    0,    0,    0,    0,
SH, 02, 2013112212, 99, CHP2,   6, 146S, 1222E,  51,  993,   ,   0,    ,    0,    0,    0,    0,
SH, 02, 2013112212, 99, CHP2,  12, 145S, 1231E,  61,  988,   ,   0,    ,    0,    0,    0,    0,
SH, 02, 2013112212, 99, CHP2,  18, 144S, 1240E,  73,  981,   ,   0,    ,    0,    0,    0,    0,
SH, 02, 2013112212, 99, CHP2,  24, 143S, 1249E,  88,  970,   ,   0,    ,    0,    0,    0,    0,
SH, 02, 2013112212, 99, CHP2,  30, 141S, 1258E, 108,  952,   ,   0,    ,    0,    0,    0,    0,
SH, 02, 2013112212, 99, CHP2,  36, 139S, 1268E,  95,  963,   ,   0,    ,    0,    0,    0,    0,
SH, 02, 2013112212, 99, CHP2,  42, 138S, 1277E,  71,  979,   ,   0,    ,    0,    0,    0,    0,
SH, 02, 2013112212, 99, CHP2,  48, 136S, 1286E,  72,  980,   ,   0,    ,    0,    0,    0,    0,
SH, 02, 2013112212, 99, CHP2,  54, 136S, 1294E,  87,  968,   ,   0,    ,    0,    0,    0,    0,
SH, 02, 2013112212, 99, CHP2,  60, 135S, 1303E,  85,  969,   ,   0,    ,    0,    0,    0,    0,
SH, 02, 2013112212, 99, CHP2,  66, 135S, 1311E,  63,  982,   ,   0,    ,    0,    0,    0,    0,
SH, 02, 2013112212, 99, CHP2,  72, 135S, 1320E,  49,  989,   ,   0,    ,    0,    0,    0,    0,
SH, 02, 2013112212, 99, CHP2,  78, 136S, 1326E,  41,  994,   ,   0,    ,    0,    0,    0,    0,
SH, 02, 2013112212, 99, CHP2,  84, 138S, 1333E,  35,  995,   ,   0,    ,    0,    0,    0,    0,
SH, 02, 2013112212, 99, CHP2,  90, 139S, 1339E,  31,  997,   ,   0,    ,    0,    0,    0,    0,
SH, 02, 2013112212, 99, CHP2,  96, 141S, 1346E,  28,  998,   ,   0,    ,    0,    0,    0,    0,
SH, 02, 2013112212, 99, CHP2, 102, 144S, 1349E,  26,  999,   ,   0,    ,    0,    0,    0,    0,
SH, 02, 2013112212, 99, CHP2, 108, 147S, 1353E,  24, 1000,   ,   0,    ,    0,    0,    0,    0,
SH, 02, 2013112212, 99, CHP2, 114, 150S, 1356E,  23, 1000,   ,   0,    ,    0,    0,    0,    0,
SH, 02, 2013112212, 99, CHP2, 120, 153S, 1360E,  22, 1000,   ,   0,    ,    0,    0,    0,    0,
SH, 02, 2013112212, 99, CHP3,   0, 146S, 1214E,  34, 1000,   ,   0,    ,    0,    0,    0,    0,
SH, 02, 2013112212, 99, CHP3,   6, 146S, 1222E,  34, 1000,   ,   0,    ,    0,    0,    0,    0,
SH, 02, 2013112212, 99, CHP3,  12, 145S, 1231E,  37,  999,   ,   0,    ,    0,    0,    0,    0,
SH, 02, 2013112212, 99, CHP3,  18, 144S, 1240E,  41,  998,   ,   0,    ,    0,    0,    0,    0,
SH, 02, 2013112212, 99, CHP3,  24, 143S, 1249E,  45,  996,   ,   0,    ,    0,    0,    0,    0,
SH, 02, 2013112212, 99, CHP3,  30, 141S, 1258E,  49,  994,   ,   0,    ,    0,    0,    0,    0,
SH, 02, 2013112212, 99, CHP3,  36, 139S, 1268E,  48,  995,   ,   0,    ,    0,    0,    0,    0,
SH, 02, 2013112212, 99, CHP3,  42, 138S, 1277E,  40,  998,   ,   0,    ,    0,    0,    0,    0,
SH, 02, 2013112212, 99, CHP3,  48, 136S, 1286E,  39,  998,   ,   0,    ,    0,    0,    0,    0,
SH, 02, 2013112212, 99, CHP3,  54, 136S, 1294E,  42,  996,   ,   0,    ,    0,    0,    0,    0,
SH, 02, 2013112212, 99, CHP3,  60, 135S, 1303E,  41,  996,   ,   0,    ,    0,    0,    0,    0,
SH, 02, 2013112212, 99, CHP3,  66, 135S, 1311E,  34,  998,   ,   0,    ,    0,    0,    0,    0,
SH, 02, 2013112212, 99, CHP3,  72, 135S, 1320E,  31,  999,   ,   0,    ,    0,    0,    0,    0,
SH, 02, 2013112212, 99, CHP3,  78, 136S, 1326E,  28, 1000,   ,   0,    ,    0,    0,    0,    0,
SH, 02, 2013112212, 99, CHP3,  84, 138S, 1333E,  25, 1000,   ,   0,    ,    0,    0,    0,    0,
SH, 02, 2013112212, 99, CHP3,  90, 139S, 1339E,  24, 1001,   ,   0,    ,    0,    0,    0,    0,
SH, 02, 2013112212, 99, CHP3,  96, 141S, 1346E,  22, 1001,   ,   0,    ,    0,    0,    0,    0,
SH, 02, 2013112212, 99, CHP3, 102, 144S, 1349E,  21, 1002,   ,   0,    ,    0,    0,    0,    0,
SH, 02, 2013112212, 99, CHP3, 108, 147S, 1353E,  20, 1002,   ,   0,    ,    0,    0,    0,    0,
SH, 02, 2013112212, 99, CHP3, 114, 150S, 1356E,  19, 1002,   ,   0,    ,    0,    0,    0,    0,
SH, 02, 2013112212, 99, CHP3, 120, 153S, 1360E,  19, 1002,   ,   0,    ,    0,    0,    0,    0,
SH, 02, 2013112212, 99, CHP4,   0, 146S, 1214E,  41,  998,   ,   0,    ,    0,    0,    0,    0,
SH, 02, 2013112212, 99, CHP4,   6, 146S, 1222E,  47,  995,   ,   0,    ,    0,    0,    0,    0,
SH, 02, 2013112212, 99, CHP4,  12, 145S, 1231E,  54,  992,   ,   0,    ,    0,    0,    0,    0,
SH, 02, 2013112212, 99, CHP4,  18, 144S, 1240E,  63,  987,   ,   0,    ,    0,    0,    0,    0,
SH, 02, 2013112212, 99, CHP4,  24, 143S, 1249E,  74,  980,   ,   0,    ,    0,    0,    0,    0,
SH, 02, 2013112212, 99, CHP4,  30, 141S, 1258E,  90,  969,   ,   0,    ,    0,    0,    0,    0,
SH, 02, 2013112212, 99, CHP4,  36, 139S, 1268E,  82,  975,   ,   0,    ,    0,    0,    0,    0,
SH, 02, 2013112212, 99, CHP4,  42, 138S, 1277E,  64,  984,   ,   0,    ,    0,    0,    0,    0,
SH, 02, 2013112212, 99, CHP4,  48, 136S, 1286E,  65,  984,   ,   0,    ,    0,    0,    0,    0,
SH, 02, 2013112212, 99, CHP4,  54, 136S, 1294E,  78,  976,   ,   0,    ,    0,    0,    0,    0,
SH, 02, 2013112212, 99, CHP4,  60, 135S, 1303E,  77,  976,   ,   0,    ,    0,    0,    0,    0,
SH, 02, 2013112212, 99, CHP4,  66, 135S, 1311E,  59,  985,   ,   0,    ,    0,    0,    0,    0,
SH, 02, 2013112212, 99, CHP4,  72, 135S, 1320E,  46,  991,   ,   0,    ,    0,    0,    0,    0,
SH, 02, 2013112212, 99, CHP4,  78, 136S, 1326E,  39,  995,   ,   0,    ,    0,    0,    0,    0,
SH, 02, 2013112212, 99, CHP4,  84, 138S, 1333E,  34,  997,   ,   0,    ,    0,    0,    0,    0,
SH, 02, 2013112212, 99, CHP4,  90, 139S, 1339E,  31,  998,   ,   0,    ,    0,    0,    0,    0,
SH, 02, 2013112212, 99, CHP4,  96, 141S, 1346E,  28,  999,   ,   0,    ,    0,    0,    0,    0,
SH, 02, 2013112212, 99, CHP4, 102, 144S, 1349E,  26,  999,   ,   0,    ,    0,    0,    0,    0,
SH, 02, 2013112212, 99, CHP4, 108, 147S, 1353E,  24, 1000,   ,   0,    ,    0,    0,    0,    0,
SH, 02, 2013112212, 99, CHP4, 114, 150S, 1356E,  22, 1000,   ,   0,    ,    0,    0,    0,    0,
SH, 02, 2013112212, 99, CHP4, 120, 153S, 1360E,  21, 1001,   ,   0,    ,    0,    0,    0,    0,
SH, 02, 2013112212, 99, CHP5,   0, 146S, 1214E,  34, 1000,   ,   0,    ,    0,    0,    0,    0,
SH, 02, 2013112212, 99, CHP5,   6, 146S, 1222E,  40,  998,   ,   0,    ,    0,    0,    0,    0,
SH, 02, 2013112212, 99, CHP5,  12, 145S, 1231E,  48,  995,   ,   0,    ,    0,    0,    0,    0,
SH, 02, 2013112212, 99, CHP5,  18, 144S, 1240E,  55,  991,   ,   0,    ,    0,    0,    0,    0,
SH, 02, 2013112212, 99, CHP5,  24, 143S, 1249E,  65,  986,   ,   0,    ,    0,    0,    0,    0,
SH, 02, 2013112212, 99, CHP5,  30, 141S, 1258E,  78,  978,   ,   0,    ,    0,    0,    0,    0,
SH, 02, 2013112212, 99, CHP5,  36, 139S, 1268E,  73,  981,   ,   0,    ,    0,    0,    0,    0,
SH, 02, 2013112212, 99, CHP5,  42, 138S, 1277E,  58,  988,   ,   0,    ,    0,    0,    0,    0,
SH, 02, 2013112212, 99, CHP5,  48, 136S, 1286E,  58,  989,   ,   0,    ,    0,    0,    0,    0,
SH, 02, 2013112212, 99, CHP5,  54, 136S, 1294E,  70,  981,   ,   0,    ,    0,    0,    0,    0,
SH, 02, 2013112212, 99, CHP5,  60, 135S, 1303E,  69,  981,   ,   0,    ,    0,    0,    0,    0,
SH, 02, 2013112212, 99, CHP5,  66, 135S, 1311E,  54,  988,   ,   0,    ,    0,    0,    0,    0,
SH, 02, 2013112212, 99, CHP5,  72, 135S, 1320E,  43,  994,   ,   0,    ,    0,    0,    0,    0,
SH, 02, 2013112212, 99, CHP5,  78, 136S, 1326E,  37,  996,   ,   0,    ,    0,    0,    0,    0,
SH, 02, 2013112212, 99, CHP5,  84, 138S, 1333E,  33,  998,   ,   0,    ,    0,    0,    0,    0,
SH, 02, 2013112212, 99, CHP5,  90, 139S, 1339E,  29,  998,   ,   0,    ,    0,    0,    0,    0,
SH, 02, 2013112212, 99, CHP5,  96, 141S, 1346E,  27,  999,   ,   0,    ,    0,    0,    0,    0,
SH, 02, 2013112212, 99, CHP5, 102, 144S, 1349E,  25, 1000,   ,   0,    ,    0,    0,    0,    0,
SH, 02, 2013112212, 99, CHP5, 108, 147S, 1353E,  23, 1000,   ,   0,    ,    0,    0,    0,    0,
SH, 02, 2013112212, 99, CHP5, 114, 150S, 1356E,  22, 1001,   ,   0,    ,    0,    0,    0,    0,
SH, 02, 2013112212, 99, CHP5, 120, 153S, 1360E,  21, 1001,   ,   0,    ,    0,    0,    0,    0,
SH, 02, 2013112212, 99, CHP6,   0, 146S, 1214E,  40,  998,   ,   0,    ,    0,    0,    0,    0,
SH, 02, 2013112212, 99, CHP6,   6, 146S, 1222E,  51,  993,   ,   0,    ,    0,    0,    0,    0,
SH, 02, 2013112212, 99, CHP6,  12, 145S, 1231E,  64,  987,   ,   0,    ,    0,    0,    0,    0,
SH, 02, 2013112212, 99, CHP6,  18, 144S, 1240E,  86,  971,   ,   0,    ,    0,    0,    0,    0,
SH, 02, 2013112212, 99, CHP6,  24, 143S, 1249E, 120,  940,   ,   0,    ,    0,    0,    0,    0,
SH, 02, 2013112212, 99, CHP6,  30, 141S, 1258E, 154,  898,   ,   0,    ,    0,    0,    0,    0,
SH, 02, 2013112212, 99, CHP6,  36, 139S, 1268E, 124,  924,   ,   0,    ,    0,    0,    0,    0,
SH, 02, 2013112212, 99, CHP6,  42, 138S, 1277E,  94,  960,   ,   0,    ,    0,    0,    0,    0,
SH, 02, 2013112212, 99, CHP6,  48, 136S, 1286E, 112,  937,   ,   0,    ,    0,    0,    0,    0,
SH, 02, 2013112212, 99, CHP6,  54, 136S, 1294E, 149,  900,   ,   0,    ,    0,    0,    0,    0,
SH, 02, 2013112212, 99, CHP6,  60, 135S, 1303E, 131,  910,   ,   0,    ,    0,    0,    0,    0,
SH, 02, 2013112212, 99, CHP6,  66, 135S, 1311E,  85,  963,   ,   0,    ,    0,    0,    0,    0,
SH, 02, 2013112212, 99, CHP6,  72, 135S, 1320E,  60,  981,   ,   0,    ,    0,    0,    0,    0,
SH, 02, 2013112212, 99, CHP6,  78, 136S, 1326E,  47,  987,   ,   0,    ,    0,    0,    0,    0,
SH, 02, 2013112212, 99, CHP6,  84, 138S, 1333E,  40,  992,   ,   0,    ,    0,    0,    0,    0,
SH, 02, 2013112212, 99, CHP6,  90, 139S, 1339E,  34,  994,   ,   0,    ,    0,    0,    0,    0,
SH, 02, 2013112212, 99, CHP6,  96, 141S, 1346E,  31,  995,   ,   0,    ,    0,    0,    0,    0,
SH, 02, 2013112212, 99, CHP6, 102, 144S, 1349E,  28,  996,   ,   0,    ,    0,    0,    0,    0,
SH, 02, 2013112212, 99, CHP6, 108, 147S, 1353E,  26,  997,   ,   0,    ,    0,    0,    0,    0,
SH, 02, 2013112212, 99, CHP6, 114, 150S, 1356E,  25,  997,   ,   0,    ,    0,    0,    0,    0,
SH, 02, 2013112212, 99, CHP6, 120, 153S, 1360E,  26,  997,   ,   0,    ,    0,    0,    0,    0,
SH, 02, 2013112212, 99, CHP7,   0, 146S, 1214E,  39,  999,   ,   0,    ,    0,    0,    0,    0,
SH, 02, 2013112212, 99, CHP7,   6, 146S, 1222E,  39,  998,   ,   0,    ,    0,    0,    0,    0,
SH, 02, 2013112212, 99, CHP7,  12, 145S, 1231E,  42,  997,   ,   0,    ,    0,    0,    0,    0,
SH, 02, 2013112212, 99, CHP7,  18, 144S, 1240E,  45,  996,   ,   0,    ,    0,    0,    0,    0,
SH, 02, 2013112212, 99, CHP7,  24, 143S, 1249E,  49,  995,   ,   0,    ,    0,    0,    0,    0,
SH, 02, 2013112212, 99, CHP7,  30, 141S, 1258E,  53,  993,   ,   0,    ,    0,    0,    0,    0,
SH, 02, 2013112212, 99, CHP7,  36, 139S, 1268E,  50,  994,   ,   0,    ,    0,    0,    0,    0,
SH, 02, 2013112212, 99, CHP7,  42, 138S, 1277E,  41,  997,   ,   0,    ,    0,    0,    0,    0,
SH, 02, 2013112212, 99, CHP7,  48, 136S, 1286E,  39,  998,   ,   0,    ,    0,    0,    0,    0,
SH, 02, 2013112212, 99, CHP7,  54, 136S, 1294E,  41,  997,   ,   0,    ,    0,    0,    0,    0,
SH, 02, 2013112212, 99, CHP7,  60, 135S, 1303E,  40,  997,   ,   0,    ,    0,    0,    0,    0,
SH, 02, 2013112212, 99, CHP7,  66, 135S, 1311E,  34,  998,   ,   0,    ,    0,    0,    0,    0,
SH, 02, 2013112212, 99, CHP7,  72, 135S, 1320E,  31,  999,   ,   0,    ,    0,    0,    0,    0,
SH, 02, 2013112212, 99, CHP7,  78, 136S, 1326E,  27, 1000,   ,   0,    ,    0,    0,    0,    0,
SH, 02, 2013112212, 99, CHP7,  84, 138S, 1333E,  25, 1001,   ,   0,    ,    0,    0,    0,    0,
SH, 02, 2013112212, 99, CHP7,  90, 139S, 1339E,  24, 1001,   ,   0,    ,    0,    0,    0,    0,
SH, 02, 2013112212, 99, CHP7,  96, 141S, 1346E,  22, 1001,   ,   0,    ,    0,    0,    0,    0,
SH, 02, 2013112212, 99, CHP7, 102, 144S, 1349E,  21, 1002,   ,   0,    ,    0,    0,    0,    0,
SH, 02, 2013112212, 99, CHP7, 108, 147S, 1353E,  20, 1002,   ,   0,    ,    0,    0,    0,    0,
SH, 02, 2013112212, 99, CHP7, 114, 150S, 1356E,  19, 1002,   ,   0,    ,    0,    0,    0,    0,
SH, 02, 2013112212, 99, CHP7, 120, 153S, 1360E,  19, 1002,   ,   0,    ,    0,    0,    0,    0,
SH, 02, 2013112218, 99, CHIP,   0, 147S, 1228E,  45,  997,   ,   0,    ,    0,    0,    0,    0,
SH, 02, 2013112218, 99, CHIP,   6, 147S, 1236E,  47,  995,   ,   0,    ,    0,    0,    0,    0,
SH, 02, 2013112218, 99, CHIP,  12, 146S, 1244E,  52,  993,   ,   0,    ,    0,    0,    0,    0,
SH, 02, 2013112218, 99, CHIP,  18, 144S, 1253E,  58,  990,   ,   0,    ,    0,    0,    0,    0,
SH, 02, 2013112218, 99, CHIP,  24, 142S, 1263E,  59,  989,   ,   0,    ,    0,    0,    0,    0,
SH, 02, 2013112218, 99, CHIP,  30, 140S, 1273E,  48,  994,   ,   0,    ,    0,    0,    0,    0,
SH, 02, 2013112218, 99, CHIP,  36, 138S, 1283E,  43,  996,   ,   0,    ,    0,    0,    0,    0,
SH, 02, 2013112218, 99, CHIP,  42, 137S, 1292E,  43,  996,   ,   0,    ,    0,    0,    0,    0,
SH, 02, 2013112218, 99, CHIP,  48, 137S, 1301E,  41,  995,   ,   0,    ,    0,    0,    0,    0,
SH, 02, 2013112218, 99, CHIP,  54, 137S, 1306E,  37,  997,   ,   0,    ,    0,    0,    0,    0,
SH, 02, 2013112218, 99, CHIP,  60, 138S, 1312E,  32,  999,   ,   0,    ,    0,    0,    0,    0,
SH, 02, 2013112218, 99, CHIP,  66, 139S, 1318E,  28,  999,   ,   0,    ,    0,    0,    0,    0,
SH, 02, 2013112218, 99, CHIP,  72, 140S, 1324E,  26, 1000,   ,   0,    ,    0,    0,    0,    0,
SH, 02, 2013112218, 99, CHIP,  78, 141S, 1329E,  24, 1001,   ,   0,    ,    0,    0,    0,    0,
SH, 02, 2013112218, 99, CHIP,  84, 143S, 1335E,  23, 1001,   ,   0,    ,    0,    0,    0,    0,
SH, 02, 2013112218, 99, CHIP,  90, 144S, 1340E,  21, 1002,   ,   0,    ,    0,    0,    0,    0,
SH, 02, 2013112218, 99, CHIP,  96, 146S, 1346E,  20, 1002,   ,   0,    ,    0,    0,    0,    0,
SH, 02, 2013112218, 99, CHP2,   0, 147S, 1228E,  48,  995,   ,   0,    ,    0,    0,    0,    0,
SH, 02, 2013112218, 99, CHP2,   6, 147S, 1236E,  54,  992,   ,   0,    ,    0,    0,    0,    0,
SH, 02, 2013112218, 99, CHP2,  12, 146S, 1244E,  63,  987,   ,   0,    ,    0,    0,    0,    0,
SH, 02, 2013112218, 99, CHP2,  18, 144S, 1253E,  73,  981,   ,   0,    ,    0,    0,    0,    0,
SH, 02, 2013112218, 99, CHP2,  24, 142S, 1263E,  73,  980,   ,   0,    ,    0,    0,    0,    0,
SH, 02, 2013112218, 99, CHP2,  30, 140S, 1273E,  57,  988,   ,   0,    ,    0,    0,    0,    0,
SH, 02, 2013112218, 99, CHP2,  36, 138S, 1283E,  49,  993,   ,   0,    ,    0,    0,    0,    0,
SH, 02, 2013112218, 99, CHP2,  42, 137S, 1292E,  49,  993,   ,   0,    ,    0,    0,    0,    0,
SH, 02, 2013112218, 99, CHP2,  48, 137S, 1301E,  48,  992,   ,   0,    ,    0,    0,    0,    0,
SH, 02, 2013112218, 99, CHP2,  54, 137S, 1306E,  40,  995,   ,   0,    ,    0,    0,    0,    0,
SH, 02, 2013112218, 99, CHP2,  60, 138S, 1312E,  35,  997,   ,   0,    ,    0,    0,    0,    0,
SH, 02, 2013112218, 99, CHP2,  66, 139S, 1318E,  31,  998,   ,   0,    ,    0,    0,    0,    0,
SH, 02, 2013112218, 99, CHP2,  72, 140S, 1324E,  28,  999,   ,   0,    ,    0,    0,    0,    0,
SH, 02, 2013112218, 99, CHP2,  78, 141S, 1329E,  26, 1000,   ,   0,    ,    0,    0,    0,    0,
SH, 02, 2013112218, 99, CHP2,  84, 143S, 1335E,  24, 1000,   ,   0,    ,    0,    0,    0,    0,
SH, 02, 2013112218, 99, CHP2,  90, 144S, 1340E,  23, 1001,   ,   0,    ,    0,    0,    0,    0,
SH, 02, 2013112218, 99, CHP2,  96, 146S, 1346E,  21, 1001,   ,   0,    ,    0,    0,    0,    0,
SH, 02, 2013112218, 99, CHP3,   0, 147S, 1228E,  38,  999,   ,   0,    ,    0,    0,    0,    0,
SH, 02, 2013112218, 99, CHP3,   6, 147S, 1236E,  37,  999,   ,   0,    ,    0,    0,    0,    0,
SH, 02, 2013112218, 99, CHP3,  12, 146S, 1244E,  40,  998,   ,   0,    ,    0,    0,    0,    0,
SH, 02, 2013112218, 99, CHP3,  18, 144S, 1253E,  43,  997,   ,   0,    ,    0,    0,    0,    0,
SH, 02, 2013112218, 99, CHP3,  24, 142S, 1263E,  44,  997,   ,   0,    ,    0,    0,    0,    0,
SH, 02, 2013112218, 99, CHP3,  30, 140S, 1273E,  37,  999,   ,   0,    ,    0,    0,    0,    0,
SH, 02, 2013112218, 99, CHP3,  36, 138S, 1283E,  34,  999,   ,   0,    ,    0,    0,    0,    0,
SH, 02, 2013112218, 99, CHP3,  42, 137S, 1292E,  35,  999,   ,   0,    ,    0,    0,    0,    0,
SH, 02, 2013112218, 99, CHP3,  48, 137S, 1301E,  33,  999,   ,   0,    ,    0,    0,    0,    0,
SH, 02, 2013112218, 99, CHP3,  54, 137S, 1306E,  30, 1000,   ,   0,    ,    0,    0,    0,    0,
SH, 02, 2013112218, 99, CHP3,  60, 138S, 1312E,  27, 1000,   ,   0,    ,    0,    0,    0,    0,
SH, 02, 2013112218, 99, CHP3,  66, 139S, 1318E,  24, 1001,   ,   0,    ,    0,    0,    0,    0,
SH, 02, 2013112218, 99, CHP3,  72, 140S, 1324E,  23, 1001,   ,   0,    ,    0,    0,    0,    0,
SH, 02, 2013112218, 99, CHP3,  78, 141S, 1329E,  22, 1002,   ,   0,    ,    0,    0,    0,    0,
SH, 02, 2013112218, 99, CHP3,  84, 143S, 1335E,  21, 1002,   ,   0,    ,    0,    0,    0,    0,
SH, 02, 2013112218, 99, CHP3,  90, 144S, 1340E,  20, 1002,   ,   0,    ,    0,    0,    0,    0,
SH, 02, 2013112218, 99, CHP3,  96, 146S, 1346E,  19, 1002,   ,   0,    ,    0,    0,    0,    0,
SH, 02, 2013112218, 99, CHP4,   0, 147S, 1228E,  47,  996,   ,   0,    ,    0,    0,    0,    0,
SH, 02, 2013112218, 99, CHP4,   6, 147S, 1236E,  49,  994,   ,   0,    ,    0,    0,    0,    0,
SH, 02, 2013112218, 99, CHP4,  12, 146S, 1244E,  54,  992,   ,   0,    ,    0,    0,    0,    0,
SH, 02, 2013112218, 99, CHP4,  18, 144S, 1253E,  61,  988,   ,   0,    ,    0,    0,    0,    0,
SH, 02, 2013112218, 99, CHP4,  24, 142S, 1263E,  63,  987,   ,   0,    ,    0,    0,    0,    0,
SH, 02, 2013112218, 99, CHP4,  30, 140S, 1273E,  50,  993,   ,   0,    ,    0,    0,    0,    0,
SH, 02, 2013112218, 99, CHP4,  36, 138S, 1283E,  45,  995,   ,   0,    ,    0,    0,    0,    0,
SH, 02, 2013112218, 99, CHP4,  42, 137S, 1292E,  45,  995,   ,   0,    ,    0,    0,    0,    0,
SH, 02, 2013112218, 99, CHP4,  48, 137S, 1301E,  44,  994,   ,   0,    ,    0,    0,    0,    0,
SH, 02, 2013112218, 99, CHP4,  54, 137S, 1306E,  38,  996,   ,   0,    ,    0,    0,    0,    0,
SH, 02, 2013112218, 99, CHP4,  60, 138S, 1312E,  32,  998,   ,   0,    ,    0,    0,    0,    0,
SH, 02, 2013112218, 99, CHP4,  66, 139S, 1318E,  29,  999,   ,   0,    ,    0,    0,    0,    0,
SH, 02, 2013112218, 99, CHP4,  72, 140S, 1324E,  27, 1000,   ,   0,    ,    0,    0,    0,    0,
SH, 02, 2013112218, 99, CHP4,  78, 141S, 1329E,  25, 1001,   ,   0,    ,    0,    0,    0,    0,
SH, 02, 2013112218, 99, CHP4,  84, 143S, 1335E,  23, 1001,   ,   0,    ,    0,    0,    0,    0,
SH, 02, 2013112218, 99, CHP4,  90, 144S, 1340E,  22, 1001,   ,   0,    ,    0,    0,    0,    0,
SH, 02, 2013112218, 99, CHP4,  96, 146S, 1346E,  21, 1001,   ,   0,    ,    0,    0,    0,    0,
SH, 02, 2013112218, 99, CHP5,   0, 147S, 1228E,  40,  998,   ,   0,    ,    0,    0,    0,    0,
SH, 02, 2013112218, 99, CHP5,   6, 147S, 1236E,  42,  997,   ,   0,    ,    0,    0,    0,    0,
SH, 02, 2013112218, 99, CHP5,  12, 146S, 1244E,  46,  995,   ,   0,    ,    0,    0,    0,    0,
SH, 02, 2013112218, 99, CHP5,  18, 144S, 1253E,  51,  993,   ,   0,    ,    0,    0,    0,    0,
SH, 02, 2013112218, 99, CHP5,  24, 142S, 1263E,  52,  993,   ,   0,    ,    0,    0,    0,    0,
SH, 02, 2013112218, 99, CHP5,  30, 140S, 1273E,  43,  996,   ,   0,    ,    0,    0,    0,    0,
SH, 02, 2013112218, 99, CHP5,  36, 138S, 1283E,  39,  997,   ,   0,    ,    0,    0,    0,    0,
SH, 02, 2013112218, 99, CHP5,  42, 137S, 1292E,  40,  997,   ,   0,    ,    0,    0,    0,    0,
SH, 02, 2013112218, 99, CHP5,  48, 137S, 1301E,  38,  997,   ,   0,    ,    0,    0,    0,    0,
SH, 02, 2013112218, 99, CHP5,  54, 137S, 1306E,  34,  998,   ,   0,    ,    0,    0,    0,    0,
SH, 02, 2013112218, 99, CHP5,  60, 138S, 1312E,  30, 1000,   ,   0,    ,    0,    0,    0,    0,
SH, 02, 2013112218, 99, CHP5,  66, 139S, 1318E,  27, 1000,   ,   0,    ,    0,    0,    0,    0,
SH, 02, 2013112218, 99, CHP5,  72, 140S, 1324E,  25, 1001,   ,   0,    ,    0,    0,    0,    0,
SH, 02, 2013112218, 99, CHP5,  78, 141S, 1329E,  23, 1001,   ,   0,    ,    0,    0,    0,    0,
SH, 02, 2013112218, 99, CHP5,  84, 143S, 1335E,  22, 1001,   ,   0,    ,    0,    0,    0,    0,
SH, 02, 2013112218, 99, CHP5,  90, 144S, 1340E,  21, 1002,   ,   0,    ,    0,    0,    0,    0,
SH, 02, 2013112218, 99, CHP5,  96, 146S, 1346E,  19, 1002,   ,   0,    ,    0,    0,    0,    0,
SH, 02, 2013112218, 99, CHP6,   0, 147S, 1228E,  47,  996,   ,   0,    ,    0,    0,    0,    0,
SH, 02, 2013112218, 99, CHP6,   6, 147S, 1236E,  54,  992,   ,   0,    ,    0,    0,    0,    0,
SH, 02, 2013112218, 99, CHP6,  12, 146S, 1244E,  66,  985,   ,   0,    ,    0,    0,    0,    0,
SH, 02, 2013112218, 99, CHP6,  18, 144S, 1253E,  91,  967,   ,   0,    ,    0,    0,    0,    0,
SH, 02, 2013112218, 99, CHP6,  24, 142S, 1263E, 102,  957,   ,   0,    ,    0,    0,    0,    0,
SH, 02, 2013112218, 99, CHP6,  30, 140S, 1273E,  77,  974,   ,   0,    ,    0,    0,    0,    0,
SH, 02, 2013112218, 99, CHP6,  36, 138S, 1283E,  69,  980,   ,   0,    ,    0,    0,    0,    0,
SH, 02, 2013112218, 99, CHP6,  42, 137S, 1292E,  80,  971,   ,   0,    ,    0,    0,    0,    0,
SH, 02, 2013112218, 99, CHP6,  48, 137S, 1301E,  86,  964,   ,   0,    ,    0,    0,    0,    0,
SH, 02, 2013112218, 99, CHP6,  54, 137S, 1306E,  64,  981,   ,   0,    ,    0,    0,    0,    0,
SH, 02, 2013112218, 99, CHP6,  60, 138S, 1312E,  49,  989,   ,   0,    ,    0,    0,    0,    0,
SH, 02, 2013112218, 99, CHP6,  66, 139S, 1318E,  40,  992,   ,   0,    ,    0,    0,    0,    0,
SH, 02, 2013112218, 99, CHP6,  72, 140S, 1324E,  35,  995,   ,   0,    ,    0,    0,    0,    0,
SH, 02, 2013112218, 99, CHP6,  78, 141S, 1329E,  31,  997,   ,   0,    ,    0,    0,    0,    0,
SH, 02, 2013112218, 99, CHP6,  84, 143S, 1335E,  28,  998,   ,   0,    ,    0,    0,    0,    0,
SH, 02, 2013112218, 99, CHP6,  90, 144S, 1340E,  26,  998,   ,   0,    ,    0,    0,    0,    0,
SH, 02, 2013112218, 99, CHP6,  96, 146S, 1346E,  24,  999,   ,   0,    ,    0,    0,    0,    0,
SH, 02, 2013112218, 99, CHP7,   0, 147S, 1228E,  41,  998,   ,   0,    ,    0,    0,    0,    0,
SH, 02, 2013112218, 99, CHP7,   6, 147S, 1236E,  34,  999,   ,   0,    ,    0,    0,    0,    0,
SH, 02, 2013112218, 99, CHP7,  12, 146S, 1244E,  33, 1000,   ,   0,    ,    0,    0,    0,    0,
SH, 02, 2013112218, 99, CHP7,  18, 144S, 1253E,  35,  999,   ,   0,    ,    0,    0,    0,    0,
SH, 02, 2013112218, 99, CHP7,  24, 142S, 1263E,  35, 1000,   ,   0,    ,    0,    0,    0,    0,
SH, 02, 2013112218, 99, CHP7,  30, 140S, 1273E,  31, 1000,   ,   0,    ,    0,    0,    0,    0,
SH, 02, 2013112218, 99, CHP7,  36, 138S, 1283E,  30, 1001,   ,   0,    ,    0,    0,    0,    0,
SH, 02, 2013112218, 99, CHP7,  42, 137S, 1292E,  30, 1001,   ,   0,    ,    0,    0,    0,    0,
SH, 02, 2013112218, 99, CHP7,  48, 137S, 1301E,  28, 1001,   ,   0,    ,    0,    0,    0,    0,
SH, 02, 2013112218, 99, CHP7,  54, 137S, 1306E,  25, 1001,   ,   0,    ,    0,    0,    0,    0,
SH, 02, 2013112218, 99, CHP7,  60, 138S, 1312E,  24, 1001,   ,   0,    ,    0,    0,    0,    0,
SH, 02, 2013112218, 99, CHP7,  66, 139S, 1318E,  22, 1002,   ,   0,    ,    0,    0,    0,    0,
SH, 02, 2013112218, 99, CHP7,  72, 140S, 1324E,  21, 1002,   ,   0,    ,    0,    0,    0,    0,
SH, 02, 2013112218, 99, CHP7,  78, 141S, 1329E,  20, 1002,   ,   0,    ,    0,    0,    0,    0,
SH, 02, 2013112218, 99, CHP7,  84, 143S, 1335E,  19, 1002,   ,   0,    ,    0,    0,    0,    0,
SH, 02, 2013112218, 99, CHP7,  90, 144S, 1340E,  18, 1002,   ,   0,    ,    0,    0,    0,    0,
SH, 02, 2013112218, 99, CHP7,  96, 146S, 1346E,  17, 1003,   ,   0,    ,    0,    0,    0,    0,
SH, 02, 2013112300, 99, CHIP,   0, 146S, 1238E,  45,  997,   ,   0,    ,    0,    0,    0,    0,
SH, 02, 2013112300, 99, CHIP,   6, 145S, 1247E,  47,  995,   ,   0,    ,    0,    0,    0,    0,
SH, 02, 2013112300, 99, CHIP,  12, 144S, 1256E,  50,  994,   ,   0,    ,    0,    0,    0,    0,
SH, 02, 2013112300, 99, CHIP,  18, 142S, 1265E,  45,  996,   ,   0,    ,    0,    0,    0,    0,
SH, 02, 2013112300, 99, CHIP,  24, 140S, 1275E,  38,  998,   ,   0,    ,    0,    0,    0,    0,
SH, 02, 2013112300, 99, CHIP,  30, 139S, 1284E,  35,  999,   ,   0,    ,    0,    0,    0,    0,
SH, 02, 2013112300, 99, CHIP,  36, 138S, 1293E,  36,  999,   ,   0,    ,    0,    0,    0,    0,
SH, 02, 2013112300, 99, CHIP,  42, 138S, 1300E,  36,  999,   ,   0,    ,    0,    0,    0,    0,
SH, 02, 2013112300, 99, CHIP,  48, 138S, 1308E,  31,  999,   ,   0,    ,    0,    0,    0,    0,
SH, 02, 2013112300, 99, CHIP,  54, 139S, 1313E,  27, 1000,   ,   0,    ,    0,    0,    0,    0,
SH, 02, 2013112300, 99, CHIP,  60, 140S, 1319E,  25, 1001,   ,   0,    ,    0,    0,    0,    0,
SH, 02, 2013112300, 99, CHIP,  66, 141S, 1325E,  23, 1001,   ,   0,    ,    0,    0,    0,    0,
SH, 02, 2013112300, 99, CHIP,  72, 142S, 1331E,  22, 1001,   ,   0,    ,    0,    0,    0,    0,
SH, 02, 2013112300, 99, CHIP,  78, 143S, 1336E,  21, 1002,   ,   0,    ,    0,    0,    0,    0,
SH, 02, 2013112300, 99, CHIP,  84, 145S, 1342E,  20, 1002,   ,   0,    ,    0,    0,    0,    0,
SH, 02, 2013112300, 99, CHIP,  90, 146S, 1347E,  19, 1002,   ,   0,    ,    0,    0,    0,    0,
SH, 02, 2013112300, 99, CHIP,  96, 148S, 1353E,  18, 1002,   ,   0,    ,    0,    0,    0,    0,
SH, 02, 2013112300, 99, CHP2,   0, 146S, 1238E,  46,  996,   ,   0,    ,    0,    0,    0,    0,
SH, 02, 2013112300, 99, CHP2,   6, 145S, 1247E,  50,  994,   ,   0,    ,    0,    0,    0,    0,
SH, 02, 2013112300, 99, CHP2,  12, 144S, 1256E,  54,  992,   ,   0,    ,    0,    0,    0,    0,
SH, 02, 2013112300, 99, CHP2,  18, 142S, 1265E,  49,  994,   ,   0,    ,    0,    0,    0,    0,
SH, 02, 2013112300, 99, CHP2,  24, 140S, 1275E,  40,  996,   ,   0,    ,    0,    0,    0,    0,
SH, 02, 2013112300, 99, CHP2,  30, 139S, 1284E,  38,  998,   ,   0,    ,    0,    0,    0,    0,
SH, 02, 2013112300, 99, CHP2,  36, 138S, 1293E,  39,  997,   ,   0,    ,    0,    0,    0,    0,
SH, 02, 2013112300, 99, CHP2,  42, 138S, 1300E,  39,  997,   ,   0,    ,    0,    0,    0,    0,
SH, 02, 2013112300, 99, CHP2,  48, 138S, 1308E,  34,  999,   ,   0,    ,    0,    0,    0,    0,
SH, 02, 2013112300, 99, CHP2,  54, 139S, 1313E,  29, 1000,   ,   0,    ,    0,    0,    0,    0,
SH, 02, 2013112300, 99, CHP2,  60, 140S, 1319E,  26, 1000,   ,   0,    ,    0,    0,    0,    0,
SH, 02, 2013112300, 99, CHP2,  66, 141S, 1325E,  24, 1001,   ,   0,    ,    0,    0,    0,    0,
SH, 02, 2013112300, 99, CHP2,  72, 142S, 1331E,  23, 1001,   ,   0,    ,    0,    0,    0,    0,
SH, 02, 2013112300, 99, CHP2,  78, 143S, 1336E,  22, 1002,   ,   0,    ,    0,    0,    0,    0,
SH, 02, 2013112300, 99, CHP2,  84, 145S, 1342E,  20, 1002,   ,   0,    ,    0,    0,    0,    0,
SH, 02, 2013112300, 99, CHP2,  90, 146S, 1347E,  19, 1002,   ,   0,    ,    0,    0,    0,    0,
SH, 02, 2013112300, 99, CHP2,  96, 148S, 1353E,  18, 1002,   ,   0,    ,    0,    0,    0,    0,
SH, 02, 2013112300, 99, CHP3,   0, 146S, 1238E,  38,  999,   ,   0,    ,    0,    0,    0,    0,
SH, 02, 2013112300, 99, CHP3,   6, 145S, 1247E,  38,  998,   ,   0,    ,    0,    0,    0,    0,
SH, 02, 2013112300, 99, CHP3,  12, 144S, 1256E,  40,  998,   ,   0,    ,    0,    0,    0,    0,
SH, 02, 2013112300, 99, CHP3,  18, 142S, 1265E,  36,  999,   ,   0,    ,    0,    0,    0,    0,
SH, 02, 2013112300, 99, CHP3,  24, 140S, 1275E,  31, 1000,   ,   0,    ,    0,    0,    0,    0,
SH, 02, 2013112300, 99, CHP3,  30, 139S, 1284E,  30, 1000,   ,   0,    ,    0,    0,    0,    0,
SH, 02, 2013112300, 99, CHP3,  36, 138S, 1293E,  30, 1000,   ,   0,    ,    0,    0,    0,    0,
SH, 02, 2013112300, 99, CHP3,  42, 138S, 1300E,  30, 1000,   ,   0,    ,    0,    0,    0,    0,
SH, 02, 2013112300, 99, CHP3,  48, 138S, 1308E,  26, 1001,   ,   0,    ,    0,    0,    0,    0,
SH, 02, 2013112300, 99, CHP3,  54, 139S, 1313E,  24, 1001,   ,   0,    ,    0,    0,    0,    0,
SH, 02, 2013112300, 99, CHP3,  60, 140S, 1319E,  22, 1002,   ,   0,    ,    0,    0,    0,    0,
SH, 02, 2013112300, 99, CHP3,  66, 141S, 1325E,  20, 1002,   ,   0,    ,    0,    0,    0,    0,
SH, 02, 2013112300, 99, CHP3,  72, 142S, 1331E,  20, 1002,   ,   0,    ,    0,    0,    0,    0,
SH, 02, 2013112300, 99, CHP3,  78, 143S, 1336E,  19, 1002,   ,   0,    ,    0,    0,    0,    0,
SH, 02, 2013112300, 99, CHP3,  84, 145S, 1342E,  18, 1002,   ,   0,    ,    0,    0,    0,    0,
SH, 02, 2013112300, 99, CHP3,  90, 146S, 1347E,  17, 1003,   ,   0,    ,    0,    0,    0,    0,
SH, 02, 2013112300, 99, CHP3,  96, 148S, 1353E,  17, 1003,   ,   0,    ,    0,    0,    0,    0,
SH, 02, 2013112300, 99, CHP4,   0, 146S, 1238E,  46,  996,   ,   0,    ,    0,    0,    0,    0,
SH, 02, 2013112300, 99, CHP4,   6, 145S, 1247E,  48,  995,   ,   0,    ,    0,    0,    0,    0,
SH, 02, 2013112300, 99, CHP4,  12, 144S, 1256E,  51,  993,   ,   0,    ,    0,    0,    0,    0,
SH, 02, 2013112300, 99, CHP4,  18, 142S, 1265E,  46,  995,   ,   0,    ,    0,    0,    0,    0,
SH, 02, 2013112300, 99, CHP4,  24, 140S, 1275E,  38,  997,   ,   0,    ,    0,    0,    0,    0,
SH, 02, 2013112300, 99, CHP4,  30, 139S, 1284E,  36,  998,   ,   0,    ,    0,    0,    0,    0,
SH, 02, 2013112300, 99, CHP4,  36, 138S, 1293E,  36,  998,   ,   0,    ,    0,    0,    0,    0,
SH, 02, 2013112300, 99, CHP4,  42, 138S, 1300E,  36,  998,   ,   0,    ,    0,    0,    0,    0,
SH, 02, 2013112300, 99, CHP4,  48, 138S, 1308E,  32,  999,   ,   0,    ,    0,    0,    0,    0,
SH, 02, 2013112300, 99, CHP4,  54, 139S, 1313E,  27, 1000,   ,   0,    ,    0,    0,    0,    0,
SH, 02, 2013112300, 99, CHP4,  60, 140S, 1319E,  25, 1001,   ,   0,    ,    0,    0,    0,    0,
SH, 02, 2013112300, 99, CHP4,  66, 141S, 1325E,  23, 1001,   ,   0,    ,    0,    0,    0,    0,
SH, 02, 2013112300, 99, CHP4,  72, 142S, 1331E,  22, 1001,   ,   0,    ,    0,    0,    0,    0,
SH, 02, 2013112300, 99, CHP4,  78, 143S, 1336E,  21, 1002,   ,   0,    ,    0,    0,    0,    0,
SH, 02, 2013112300, 99, CHP4,  84, 145S, 1342E,  20, 1002,   ,   0,    ,    0,    0,    0,    0,
SH, 02, 2013112300, 99, CHP4,  90, 146S, 1347E,  19, 1002,   ,   0,    ,    0,    0,    0,    0,
SH, 02, 2013112300, 99, CHP4,  96, 148S, 1353E,  18, 1002,   ,   0,    ,    0,    0,    0,    0,
SH, 02, 2013112300, 99, CHP5,   0, 146S, 1238E,  39,  998,   ,   0,    ,    0,    0,    0,    0,
SH, 02, 2013112300, 99, CHP5,   6, 145S, 1247E,  40,  997,   ,   0,    ,    0,    0,    0,    0,
SH, 02, 2013112300, 99, CHP5,  12, 144S, 1256E,  43,  997,   ,   0,    ,    0,    0,    0,    0,
SH, 02, 2013112300, 99, CHP5,  18, 142S, 1265E,  39,  998,   ,   0,    ,    0,    0,    0,    0,
SH, 02, 2013112300, 99, CHP5,  24, 140S, 1275E,  34,  999,   ,   0,    ,    0,    0,    0,    0,
SH, 02, 2013112300, 99, CHP5,  30, 139S, 1284E,  32, 1000,   ,   0,    ,    0,    0,    0,    0,
SH, 02, 2013112300, 99, CHP5,  36, 138S, 1293E,  33, 1000,   ,   0,    ,    0,    0,    0,    0,
SH, 02, 2013112300, 99, CHP5,  42, 138S, 1300E,  33,  999,   ,   0,    ,    0,    0,    0,    0,
SH, 02, 2013112300, 99, CHP5,  48, 138S, 1308E,  29, 1000,   ,   0,    ,    0,    0,    0,    0,
SH, 02, 2013112300, 99, CHP5,  54, 139S, 1313E,  26, 1001,   ,   0,    ,    0,    0,    0,    0,
SH, 02, 2013112300, 99, CHP5,  60, 140S, 1319E,  23, 1001,   ,   0,    ,    0,    0,    0,    0,
SH, 02, 2013112300, 99, CHP5,  66, 141S, 1325E,  22, 1001,   ,   0,    ,    0,    0,    0,    0,
SH, 02, 2013112300, 99, CHP5,  72, 142S, 1331E,  21, 1002,   ,   0,    ,    0,    0,    0,    0,
SH, 02, 2013112300, 99, CHP5,  78, 143S, 1336E,  20, 1002,   ,   0,    ,    0,    0,    0,    0,
SH, 02, 2013112300, 99, CHP5,  84, 145S, 1342E,  19, 1002,   ,   0,    ,    0,    0,    0,    0,
SH, 02, 2013112300, 99, CHP5,  90, 146S, 1347E,  18, 1002,   ,   0,    ,    0,    0,    0,    0,
SH, 02, 2013112300, 99, CHP5,  96, 148S, 1353E,  17, 1003,   ,   0,    ,    0,    0,    0,    0,
SH, 02, 2013112300, 99, CHP6,   0, 146S, 1238E,  45,  996,   ,   0,    ,    0,    0,    0,    0,
SH, 02, 2013112300, 99, CHP6,   6, 145S, 1247E,  48,  995,   ,   0,    ,    0,    0,    0,    0,
SH, 02, 2013112300, 99, CHP6,  12, 144S, 1256E,  53,  992,   ,   0,    ,    0,    0,    0,    0,
SH, 02, 2013112300, 99, CHP6,  18, 142S, 1265E,  48,  994,   ,   0,    ,    0,    0,    0,    0,
SH, 02, 2013112300, 99, CHP6,  24, 140S, 1275E,  40,  997,   ,   0,    ,    0,    0,    0,    0,
SH, 02, 2013112300, 99, CHP6,  30, 139S, 1284E,  38,  998,   ,   0,    ,    0,    0,    0,    0,
SH, 02, 2013112300, 99, CHP6,  36, 138S, 1293E,  39,  997,   ,   0,    ,    0,    0,    0,    0,
SH, 02, 2013112300, 99, CHP6,  42, 138S, 1300E,  39,  997,   ,   0,    ,    0,    0,    0,    0,
SH, 02, 2013112300, 99, CHP6,  48, 138S, 1308E,  34,  998,   ,   0,    ,    0,    0,    0,    0,
SH, 02, 2013112300, 99, CHP6,  54, 139S, 1313E,  29, 1000,   ,   0,    ,    0,    0,    0,    0,
SH, 02, 2013112300, 99, CHP6,  60, 140S, 1319E,  26, 1000,   ,   0,    ,    0,    0,    0,    0,
SH, 02, 2013112300, 99, CHP6,  66, 141S, 1325E,  25, 1001,   ,   0,    ,    0,    0,    0,    0,
SH, 02, 2013112300, 99, CHP6,  72, 142S, 1331E,  23, 1001,   ,   0,    ,    0,    0,    0,    0,
SH, 02, 2013112300, 99, CHP6,  78, 143S, 1336E,  22, 1002,   ,   0,    ,    0,    0,    0,    0,
SH, 02, 2013112300, 99, CHP6,  84, 145S, 1342E,  20, 1002,   ,   0,    ,    0,    0,    0,    0,
SH, 02, 2013112300, 99, CHP6,  90, 146S, 1347E,  19, 1002,   ,   0,    ,    0,    0,    0,    0,
SH, 02, 2013112300, 99, CHP6,  96, 148S, 1353E,  18, 1002,   ,   0,    ,    0,    0,    0,    0,
SH, 02, 2013112300, 99, CHP7,   0, 146S, 1238E,  41,  998,   ,   0,    ,    0,    0,    0,    0,
SH, 02, 2013112300, 99, CHP7,   6, 145S, 1247E,  34,  999,   ,   0,    ,    0,    0,    0,    0,
SH, 02, 2013112300, 99, CHP7,  12, 144S, 1256E,  33, 1000,   ,   0,    ,    0,    0,    0,    0,
SH, 02, 2013112300, 99, CHP7,  18, 142S, 1265E,  30, 1000,   ,   0,    ,    0,    0,    0,    0,
SH, 02, 2013112300, 99, CHP7,  24, 140S, 1275E,  28, 1001,   ,   0,    ,    0,    0,    0,    0,
SH, 02, 2013112300, 99, CHP7,  30, 139S, 1284E,  27, 1001,   ,   0,    ,    0,    0,    0,    0,
SH, 02, 2013112300, 99, CHP7,  36, 138S, 1293E,  27, 1001,   ,   0,    ,    0,    0,    0,    0,
SH, 02, 2013112300, 99, CHP7,  42, 138S, 1300E,  26, 1001,   ,   0,    ,    0,    0,    0,    0,
SH, 02, 2013112300, 99, CHP7,  48, 138S, 1308E,  23, 1002,   ,   0,    ,    0,    0,    0,    0,
SH, 02, 2013112300, 99, CHP7,  54, 139S, 1313E,  21, 1002,   ,   0,    ,    0,    0,    0,    0,
SH, 02, 2013112300, 99, CHP7,  60, 140S, 1319E,  20, 1002,   ,   0,    ,    0,    0,    0,    0,
SH, 02, 2013112300, 99, CHP7,  66, 141S, 1325E,  19, 1002,   ,   0,    ,    0,    0,    0,    0,
SH, 02, 2013112300, 99, CHP7,  72, 142S, 1331E,  18, 1002,   ,   0,    ,    0,    0,    0,    0,
SH, 02, 2013112300, 99, CHP7,  78, 143S, 1336E,  17, 1003,   ,   0,    ,    0,    0,    0,    0,
SH, 02, 2013112300, 99, CHP7,  84, 145S, 1342E,  17, 1003,   ,   0,    ,    0,    0,    0,    0,
SH, 02, 2013112300, 99, CHP7,  90, 146S, 1347E,  16, 1003,   ,   0,    ,    0,    0,    0,    0,
SH, 02, 2013112300, 99, CHP7,  96, 148S, 1353E,  16, 1003,   ,   0,    ,    0,    0,    0,    0,
SH, 02, 2013112306, 99, CHIP,   0, 148S, 1247E,  45,  996,   ,   0,    ,    0,    0,    0,    0,
SH, 02, 2013112306, 99, CHIP,   6, 147S, 1255E,  42,  997,   ,   0,    ,    0,    0,    0,    0,
SH, 02, 2013112306, 99, CHIP,  12, 146S, 1264E,  35,  999,   ,   0,    ,    0,    0,    0,    0,
SH, 02, 2013112306, 99, CHIP,  18, 145S, 1273E,  32, 1000,   ,   0,    ,    0,    0,    0,    0,
SH, 02, 2013112306, 99, CHIP,  24, 144S, 1283E,  29, 1000,   ,   0,    ,    0,    0,    0,    0,
SH, 02, 2013112306, 99, CHIP,  30, 144S, 1291E,  29, 1001,   ,   0,    ,    0,    0,    0,    0,
SH, 02, 2013112306, 99, CHIP,  36, 144S, 1300E,  28, 1001,   ,   0,    ,    0,    0,    0,    0,
SH, 02, 2013112306, 99, CHIP,  42, 144S, 1306E,  26, 1001,   ,   0,    ,    0,    0,    0,    0,
SH, 02, 2013112306, 99, CHIP,  48, 145S, 1313E,  23, 1001,   ,   0,    ,    0,    0,    0,    0,
SH, 02, 2013112306, 99, CHIP,  54, 147S, 1318E,  21, 1002,   ,   0,    ,    0,    0,    0,    0,
SH, 02, 2013112306, 99, CHIP,  60, 149S, 1323E,  20, 1002,   ,   0,    ,    0,    0,    0,    0,
SH, 02, 2013112306, 99, CHIP,  66, 151S, 1328E,  19, 1002,   ,   0,    ,    0,    0,    0,    0,
SH, 02, 2013112306, 99, CHIP,  72, 154S, 1333E,  18, 1002,   ,   0,    ,    0,    0,    0,    0,
SH, 02, 2013112306, 99, CHP2,   0, 148S, 1247E,  47,  995,   ,   0,    ,    0,    0,    0,    0,
SH, 02, 2013112306, 99, CHP2,   6, 147S, 1255E,  46,  995,   ,   0,    ,    0,    0,    0,    0,
SH, 02, 2013112306, 99, CHP2,  12, 146S, 1264E,  39,  998,   ,   0,    ,    0,    0,    0,    0,
SH, 02, 2013112306, 99, CHP2,  18, 145S, 1273E,  34,  999,   ,   0,    ,    0,    0,    0,    0,
SH, 02, 2013112306, 99, CHP2,  24, 144S, 1283E,  31, 1000,   ,   0,    ,    0,    0,    0,    0,
SH, 02, 2013112306, 99, CHP2,  30, 144S, 1291E,  31, 1000,   ,   0,    ,    0,    0,    0,    0,
SH, 02, 2013112306, 99, CHP2,  36, 144S, 1300E,  31, 1000,   ,   0,    ,    0,    0,    0,    0,
SH, 02, 2013112306, 99, CHP2,  42, 144S, 1306E,  28, 1001,   ,   0,    ,    0,    0,    0,    0,
SH, 02, 2013112306, 99, CHP2,  48, 145S, 1313E,  24, 1001,   ,   0,    ,    0,    0,    0,    0,
SH, 02, 2013112306, 99, CHP2,  54, 147S, 1318E,  22, 1001,   ,   0,    ,    0,    0,    0,    0,
SH, 02, 2013112306, 99, CHP2,  60, 149S, 1323E,  21, 1002,   ,   0,    ,    0,    0,    0,    0,
SH, 02, 2013112306, 99, CHP2,  66, 151S, 1328E,  20, 1002,   ,   0,    ,    0,    0,    0,    0,
SH, 02, 2013112306, 99, CHP2,  72, 154S, 1333E,  19, 1002,   ,   0,    ,    0,    0,    0,    0,
SH, 02, 2013112306, 99, CHP3,   0, 148S, 1247E,  37,  999,   ,   0,    ,    0,    0,    0,    0,
SH, 02, 2013112306, 99, CHP3,   6, 147S, 1255E,  33, 1000,   ,   0,    ,    0,    0,    0,    0,
SH, 02, 2013112306, 99, CHP3,  12, 146S, 1264E,  31, 1000,   ,   0,    ,    0,    0,    0,    0,
SH, 02, 2013112306, 99, CHP3,  18, 145S, 1273E,  28, 1001,   ,   0,    ,    0,    0,    0,    0,
SH, 02, 2013112306, 99, CHP3,  24, 144S, 1283E,  26, 1001,   ,   0,    ,    0,    0,    0,    0,
SH, 02, 2013112306, 99, CHP3,  30, 144S, 1291E,  25, 1001,   ,   0,    ,    0,    0,    0,    0,
SH, 02, 2013112306, 99, CHP3,  36, 144S, 1300E,  25, 1002,   ,   0,    ,    0,    0,    0,    0,
SH, 02, 2013112306, 99, CHP3,  42, 144S, 1306E,  23, 1002,   ,   0,    ,    0,    0,    0,    0,
SH, 02, 2013112306, 99, CHP3,  48, 145S, 1313E,  21, 1002,   ,   0,    ,    0,    0,    0,    0,
SH, 02, 2013112306, 99, CHP3,  54, 147S, 1318E,  19, 1002,   ,   0,    ,    0,    0,    0,    0,
SH, 02, 2013112306, 99, CHP3,  60, 149S, 1323E,  18, 1002,   ,   0,    ,    0,    0,    0,    0,
SH, 02, 2013112306, 99, CHP3,  66, 151S, 1328E,  17, 1003,   ,   0,    ,    0,    0,    0,    0,
SH, 02, 2013112306, 99, CHP3,  72, 154S, 1333E,  16, 1003,   ,   0,    ,    0,    0,    0,    0,
SH, 02, 2013112306, 99, CHP4,   0, 148S, 1247E,  46,  996,   ,   0,    ,    0,    0,    0,    0,
SH, 02, 2013112306, 99, CHP4,   6, 147S, 1255E,  43,  996,   ,   0,    ,    0,    0,    0,    0,
SH, 02, 2013112306, 99, CHP4,  12, 146S, 1264E,  35,  999,   ,   0,    ,    0,    0,    0,    0,
SH, 02, 2013112306, 99, CHP4,  18, 145S, 1273E,  32,  999,   ,   0,    ,    0,    0,    0,    0,
SH, 02, 2013112306, 99, CHP4,  24, 144S, 1283E,  30, 1000,   ,   0,    ,    0,    0,    0,    0,
SH, 02, 2013112306, 99, CHP4,  30, 144S, 1291E,  29, 1000,   ,   0,    ,    0,    0,    0,    0,
SH, 02, 2013112306, 99, CHP4,  36, 144S, 1300E,  28, 1001,   ,   0,    ,    0,    0,    0,    0,
SH, 02, 2013112306, 99, CHP4,  42, 144S, 1306E,  26, 1001,   ,   0,    ,    0,    0,    0,    0,
SH, 02, 2013112306, 99, CHP4,  48, 145S, 1313E,  23, 1001,   ,   0,    ,    0,    0,    0,    0,
SH, 02, 2013112306, 99, CHP4,  54, 147S, 1318E,  21, 1002,   ,   0,    ,    0,    0,    0,    0,
SH, 02, 2013112306, 99, CHP4,  60, 149S, 1323E,  20, 1002,   ,   0,    ,    0,    0,    0,    0,
SH, 02, 2013112306, 99, CHP4,  66, 151S, 1328E,  19, 1002,   ,   0,    ,    0,    0,    0,    0,
SH, 02, 2013112306, 99, CHP4,  72, 154S, 1333E,  18, 1002,   ,   0,    ,    0,    0,    0,    0,
SH, 02, 2013112306, 99, CHP5,   0, 148S, 1247E,  38,  998,   ,   0,    ,    0,    0,    0,    0,
SH, 02, 2013112306, 99, CHP5,   6, 147S, 1255E,  35,  999,   ,   0,    ,    0,    0,    0,    0,
SH, 02, 2013112306, 99, CHP5,  12, 146S, 1264E,  32, 1000,   ,   0,    ,    0,    0,    0,    0,
SH, 02, 2013112306, 99, CHP5,  18, 145S, 1273E,  29, 1000,   ,   0,    ,    0,    0,    0,    0,
SH, 02, 2013112306, 99, CHP5,  24, 144S, 1283E,  27, 1001,   ,   0,    ,    0,    0,    0,    0,
SH, 02, 2013112306, 99, CHP5,  30, 144S, 1291E,  27, 1001,   ,   0,    ,    0,    0,    0,    0,
SH, 02, 2013112306, 99, CHP5,  36, 144S, 1300E,  27, 1001,   ,   0,    ,    0,    0,    0,    0,
SH, 02, 2013112306, 99, CHP5,  42, 144S, 1306E,  25, 1001,   ,   0,    ,    0,    0,    0,    0,
SH, 02, 2013112306, 99, CHP5,  48, 145S, 1313E,  22, 1002,   ,   0,    ,    0,    0,    0,    0,
SH, 02, 2013112306, 99, CHP5,  54, 147S, 1318E,  20, 1002,   ,   0,    ,    0,    0,    0,    0,
SH, 02, 2013112306, 99, CHP5,  60, 149S, 1323E,  19, 1002,   ,   0,    ,    0,    0,    0,    0,
SH, 02, 2013112306, 99, CHP5,  66, 151S, 1328E,  18, 1002,   ,   0,    ,    0,    0,    0,    0,
SH, 02, 2013112306, 99, CHP5,  72, 154S, 1333E,  17, 1003,   ,   0,    ,    0,    0,    0,    0,
SH, 02, 2013112306, 99, CHP6,   0, 148S, 1247E,  45,  996,   ,   0,    ,    0,    0,    0,    0,
SH, 02, 2013112306, 99, CHP6,   6, 147S, 1255E,  44,  996,   ,   0,    ,    0,    0,    0,    0,
SH, 02, 2013112306, 99, CHP6,  12, 146S, 1264E,  37,  998,   ,   0,    ,    0,    0,    0,    0,
SH, 02, 2013112306, 99, CHP6,  18, 145S, 1273E,  33,  999,   ,   0,    ,    0,    0,    0,    0,
SH, 02, 2013112306, 99, CHP6,  24, 144S, 1283E,  30, 1000,   ,   0,    ,    0,    0,    0,    0,
SH, 02, 2013112306, 99, CHP6,  30, 144S, 1291E,  31, 1000,   ,   0,    ,    0,    0,    0,    0,
SH, 02, 2013112306, 99, CHP6,  36, 144S, 1300E,  30, 1000,   ,   0,    ,    0,    0,    0,    0,
SH, 02, 2013112306, 99, CHP6,  42, 144S, 1306E,  27, 1001,   ,   0,    ,    0,    0,    0,    0,
SH, 02, 2013112306, 99, CHP6,  48, 145S, 1313E,  24, 1001,   ,   0,    ,    0,    0,    0,    0,
SH, 02, 2013112306, 99, CHP6,  54, 147S, 1318E,  22, 1001,   ,   0,    ,    0,    0,    0,    0,
SH, 02, 2013112306, 99, CHP6,  60, 149S, 1323E,  21, 1002,   ,   0,    ,    0,    0,    0,    0,
SH, 02, 2013112306, 99, CHP6,  66, 151S, 1328E,  19, 1002,   ,   0,    ,    0,    0,    0,    0,
SH, 02, 2013112306, 99, CHP6,  72, 154S, 1333E,  18, 1002,   ,   0,    ,    0,    0,    0,    0,
SH, 02, 2013112306, 99, CHP7,   0, 148S, 1247E,  41,  998,   ,   0,    ,    0,    0,    0,    0,
SH, 02, 2013112306, 99, CHP7,   6, 147S, 1255E,  34,  999,   ,   0,    ,    0,    0,    0,    0,
SH, 02, 2013112306, 99, CHP7,  12, 146S, 1264E,  31, 1000,   ,   0,    ,    0,    0,    0,    0,
SH, 02, 2013112306, 99, CHP7,  18, 145S, 1273E,  28, 1001,   ,   0,    ,    0,    0,    0,    0,
SH, 02, 2013112306, 99, CHP7,  24, 144S, 1283E,  26, 1001,   ,   0,    ,    0,    0,    0,    0,
SH, 02, 2013112306, 99, CHP7,  30, 144S, 1291E,  25, 1001,   ,   0,    ,    0,    0,    0,    0,
SH, 02, 2013112306, 99, CHP7,  36, 144S, 1300E,  24, 1002,   ,   0,    ,    0,    0,    0,    0,
SH, 02, 2013112306, 99, CHP7,  42, 144S, 1306E,  23, 1002,   ,   0,    ,    0,    0,    0,    0,
SH, 02, 2013112306, 99, CHP7,  48, 145S, 1313E,  20, 1002,   ,   0,    ,    0,    0,    0,    0,
SH, 02, 2013112306, 99, CHP7,  54, 147S, 1318E,  18, 1002,   ,   0,    ,    0,    0,    0,    0,
SH, 02, 2013112306, 99, CHP7,  60, 149S, 1323E,  17, 1002,   ,   0,    ,    0,    0,    0,    0,
SH, 02, 2013112306, 99, CHP7,  66, 151S, 1328E,  17, 1003,   ,   0,    ,    0,    0,    0,    0,
SH, 02, 2013112306, 99, CHP7,  72, 154S, 1333E,  16, 1003,   ,   0,    ,    0,    0,    0,    0,
SH, 02, 2013112312, 99, CHIP,   0, 150S, 1255E,  40,  997,   ,   0,    ,    0,    0,    0,    0,
SH, 02, 2013112312, 99, CHIP,   6, 149S, 1264E,  35,  999,   ,   0,    ,    0,    0,    0,    0,
SH, 02, 2013112312, 99, CHIP,  12, 147S, 1273E,  31, 1000,   ,   0,    ,    0,    0,    0,    0,
SH, 02, 2013112312, 99, CHIP,  18, 146S, 1282E,  28, 1000,   ,   0,    ,    0,    0,    0,    0,
SH, 02, 2013112312, 99, CHIP,  24, 146S, 1291E,  27, 1001,   ,   0,    ,    0,    0,    0,    0,
SH, 02, 2013112312, 99, CHIP,  30, 146S, 1298E,  26, 1001,   ,   0,    ,    0,    0,    0,    0,
SH, 02, 2013112312, 99, CHIP,  36, 147S, 1306E,  25, 1001,   ,   0,    ,    0,    0,    0,    0,
SH, 02, 2013112312, 99, CHIP,  42, 148S, 1311E,  23, 1002,   ,   0,    ,    0,    0,    0,    0,
SH, 02, 2013112312, 99, CHIP,  48, 149S, 1317E,  21, 1002,   ,   0,    ,    0,    0,    0,    0,
SH, 02, 2013112312, 99, CHIP,  54, 151S, 1322E,  19, 1002,   ,   0,    ,    0,    0,    0,    0,
SH, 02, 2013112312, 99, CHIP,  60, 153S, 1327E,  18, 1002,   ,   0,    ,    0,    0,    0,    0,
SH, 02, 2013112312, 99, CHIP,  66, 155S, 1333E,  17, 1002,   ,   0,    ,    0,    0,    0,    0,
SH, 02, 2013112312, 99, CHIP,  72, 158S, 1338E,  17, 1003,   ,   0,    ,    0,    0,    0,    0,
SH, 02, 2013112312, 99, CHP2,   0, 150S, 1255E,  44,  996,   ,   0,    ,    0,    0,    0,    0,
SH, 02, 2013112312, 99, CHP2,   6, 149S, 1264E,  38,  998,   ,   0,    ,    0,    0,    0,    0,
SH, 02, 2013112312, 99, CHP2,  12, 147S, 1273E,  33,  999,   ,   0,    ,    0,    0,    0,    0,
SH, 02, 2013112312, 99, CHP2,  18, 146S, 1282E,  30, 1000,   ,   0,    ,    0,    0,    0,    0,
SH, 02, 2013112312, 99, CHP2,  24, 146S, 1291E,  29, 1000,   ,   0,    ,    0,    0,    0,    0,
SH, 02, 2013112312, 99, CHP2,  30, 146S, 1298E,  28, 1001,   ,   0,    ,    0,    0,    0,    0,
SH, 02, 2013112312, 99, CHP2,  36, 147S, 1306E,  26, 1001,   ,   0,    ,    0,    0,    0,    0,
SH, 02, 2013112312, 99, CHP2,  42, 148S, 1311E,  24, 1002,   ,   0,    ,    0,    0,    0,    0,
SH, 02, 2013112312, 99, CHP2,  48, 149S, 1317E,  22, 1002,   ,   0,    ,    0,    0,    0,    0,
SH, 02, 2013112312, 99, CHP2,  54, 151S, 1322E,  20, 1002,   ,   0,    ,    0,    0,    0,    0,
SH, 02, 2013112312, 99, CHP2,  60, 153S, 1327E,  19, 1002,   ,   0,    ,    0,    0,    0,    0,
SH, 02, 2013112312, 99, CHP2,  66, 155S, 1333E,  18, 1002,   ,   0,    ,    0,    0,    0,    0,
SH, 02, 2013112312, 99, CHP2,  72, 158S, 1338E,  17, 1003,   ,   0,    ,    0,    0,    0,    0,
SH, 02, 2013112312, 99, CHP3,   0, 150S, 1255E,  35,  999,   ,   0,    ,    0,    0,    0,    0,
SH, 02, 2013112312, 99, CHP3,   6, 149S, 1264E,  31, 1000,   ,   0,    ,    0,    0,    0,    0,
SH, 02, 2013112312, 99, CHP3,  12, 147S, 1273E,  29, 1000,   ,   0,    ,    0,    0,    0,    0,
SH, 02, 2013112312, 99, CHP3,  18, 146S, 1282E,  26, 1001,   ,   0,    ,    0,    0,    0,    0,
SH, 02, 2013112312, 99, CHP3,  24, 146S, 1291E,  25, 1001,   ,   0,    ,    0,    0,    0,    0,
SH, 02, 2013112312, 99, CHP3,  30, 146S, 1298E,  24, 1001,   ,   0,    ,    0,    0,    0,    0,
SH, 02, 2013112312, 99, CHP3,  36, 147S, 1306E,  23, 1002,   ,   0,    ,    0,    0,    0,    0,
SH, 02, 2013112312, 99, CHP3,  42, 148S, 1311E,  22, 1002,   ,   0,    ,    0,    0,    0,    0,
SH, 02, 2013112312, 99, CHP3,  48, 149S, 1317E,  20, 1002,   ,   0,    ,    0,    0,    0,    0,
SH, 02, 2013112312, 99, CHP3,  54, 151S, 1322E,  18, 1002,   ,   0,    ,    0,    0,    0,    0,
SH, 02, 2013112312, 99, CHP3,  60, 153S, 1327E,  17, 1003,   ,   0,    ,    0,    0,    0,    0,
SH, 02, 2013112312, 99, CHP3,  66, 155S, 1333E,  16, 1003,   ,   0,    ,    0,    0,    0,    0,
SH, 02, 2013112312, 99, CHP3,  72, 158S, 1338E,  16, 1003,   ,   0,    ,    0,    0,    0,    0,
SH, 02, 2013112312, 99, CHP4,   0, 150S, 1255E,  44,  996,   ,   0,    ,    0,    0,    0,    0,
SH, 02, 2013112312, 99, CHP4,   6, 149S, 1264E,  38,  998,   ,   0,    ,    0,    0,    0,    0,
SH, 02, 2013112312, 99, CHP4,  12, 147S, 1273E,  33,  999,   ,   0,    ,    0,    0,    0,    0,
SH, 02, 2013112312, 99, CHP4,  18, 146S, 1282E,  30, 1000,   ,   0,    ,    0,    0,    0,    0,
SH, 02, 2013112312, 99, CHP4,  24, 146S, 1291E,  29, 1000,   ,   0,    ,    0,    0,    0,    0,
SH, 02, 2013112312, 99, CHP4,  30, 146S, 1298E,  28, 1001,   ,   0,    ,    0,    0,    0,    0,
SH, 02, 2013112312, 99, CHP4,  36, 147S, 1306E,  26, 1001,   ,   0,    ,    0,    0,    0,    0,
SH, 02, 2013112312, 99, CHP4,  42, 148S, 1311E,  24, 1002,   ,   0,    ,    0,    0,    0,    0,
SH, 02, 2013112312, 99, CHP4,  48, 149S, 1317E,  22, 1002,   ,   0,    ,    0,    0,    0,    0,
SH, 02, 2013112312, 99, CHP4,  54, 151S, 1322E,  20, 1002,   ,   0,    ,    0,    0,    0,    0,
SH, 02, 2013112312, 99, CHP4,  60, 153S, 1327E,  19, 1002,   ,   0,    ,    0,    0,    0,    0,
SH, 02, 2013112312, 99, CHP4,  66, 155S, 1333E,  18, 1002,   ,   0,    ,    0,    0,    0,    0,
SH, 02, 2013112312, 99, CHP4,  72, 158S, 1338E,  17, 1003,   ,   0,    ,    0,    0,    0,    0,
SH, 02, 2013112312, 99, CHP5,   0, 150S, 1255E,  35,  999,   ,   0,    ,    0,    0,    0,    0,
SH, 02, 2013112312, 99, CHP5,   6, 149S, 1264E,  31, 1000,   ,   0,    ,    0,    0,    0,    0,
SH, 02, 2013112312, 99, CHP5,  12, 147S, 1273E,  29, 1000,   ,   0,    ,    0,    0,    0,    0,
SH, 02, 2013112312, 99, CHP5,  18, 146S, 1282E,  26, 1001,   ,   0,    ,    0,    0,    0,    0,
SH, 02, 2013112312, 99, CHP5,  24, 146S, 1291E,  25, 1001,   ,   0,    ,    0,    0,    0,    0,
SH, 02, 2013112312, 99, CHP5,  30, 146S, 1298E,  24, 1001,   ,   0,    ,    0,    0,    0,    0,
SH, 02, 2013112312, 99, CHP5,  36, 147S, 1306E,  23, 1002,   ,   0,    ,    0,    0,    0,    0,
SH, 02, 2013112312, 99, CHP5,  42, 148S, 1311E,  22, 1002,   ,   0,    ,    0,    0,    0,    0,
SH, 02, 2013112312, 99, CHP5,  48, 149S, 1317E,  20, 1002,   ,   0,    ,    0,    0,    0,    0,
SH, 02, 2013112312, 99, CHP5,  54, 151S, 1322E,  18, 1002,   ,   0,    ,    0,    0,    0,    0,
SH, 02, 2013112312, 99, CHP5,  60, 153S, 1327E,  17, 1003,   ,   0,    ,    0,    0,    0,    0,
SH, 02, 2013112312, 99, CHP5,  66, 155S, 1333E,  16, 1003,   ,   0,    ,    0,    0,    0,    0,
SH, 02, 2013112312, 99, CHP5,  72, 158S, 1338E,  16, 1003,   ,   0,    ,    0,    0,    0,    0,
SH, 02, 2013112312, 99, CHP6,   0, 150S, 1255E,  42,  997,   ,   0,    ,    0,    0,    0,    0,
SH, 02, 2013112312, 99, CHP6,   6, 149S, 1264E,  36,  999,   ,   0,    ,    0,    0,    0,    0,
SH, 02, 2013112312, 99, CHP6,  12, 147S, 1273E,  32,  999,   ,   0,    ,    0,    0,    0,    0,
SH, 02, 2013112312, 99, CHP6,  18, 146S, 1282E,  29, 1000,   ,   0,    ,    0,    0,    0,    0,
SH, 02, 2013112312, 99, CHP6,  24, 146S, 1291E,  28, 1001,   ,   0,    ,    0,    0,    0,    0,
SH, 02, 2013112312, 99, CHP6,  30, 146S, 1298E,  27, 1001,   ,   0,    ,    0,    0,    0,    0,
SH, 02, 2013112312, 99, CHP6,  36, 147S, 1306E,  25, 1001,   ,   0,    ,    0,    0,    0,    0,
SH, 02, 2013112312, 99, CHP6,  42, 148S, 1311E,  24, 1001,   ,   0,    ,    0,    0,    0,    0,
SH, 02, 2013112312, 99, CHP6,  48, 149S, 1317E,  21, 1002,   ,   0,    ,    0,    0,    0,    0,
SH, 02, 2013112312, 99, CHP6,  54, 151S, 1322E,  19, 1002,   ,   0,    ,    0,    0,    0,    0,
SH, 02, 2013112312, 99, CHP6,  60, 153S, 1327E,  18, 1002,   ,   0,    ,    0,    0,    0,    0,
SH, 02, 2013112312, 99, CHP6,  66, 155S, 1333E,  17, 1002,   ,   0,    ,    0,    0,    0,    0,
SH, 02, 2013112312, 99, CHP6,  72, 158S, 1338E,  17, 1003,   ,   0,    ,    0,    0,    0,    0,
SH, 02, 2013112312, 99, CHP7,   0, 150S, 1255E,  42,  997,   ,   0,    ,    0,    0,    0,    0,
SH, 02, 2013112312, 99, CHP7,   6, 149S, 1264E,  36,  999,   ,   0,    ,    0,    0,    0,    0,
SH, 02, 2013112312, 99, CHP7,  12, 147S, 1273E,  32,  999,   ,   0,    ,    0,    0,    0,    0,
SH, 02, 2013112312, 99, CHP7,  18, 146S, 1282E,  29, 1000,   ,   0,    ,    0,    0,    0,    0,
SH, 02, 2013112312, 99, CHP7,  24, 146S, 1291E,  28, 1001,   ,   0,    ,    0,    0,    0,    0,
SH, 02, 2013112312, 99, CHP7,  30, 146S, 1298E,  27, 1001,   ,   0,    ,    0,    0,    0,    0,
SH, 02, 2013112312, 99, CHP7,  36, 147S, 1306E,  25, 1001,   ,   0,    ,    0,    0,    0,    0,
SH, 02, 2013112312, 99, CHP7,  42, 148S, 1311E,  24, 1001,   ,   0,    ,    0,    0,    0,    0,
SH, 02, 2013112312, 99, CHP7,  48, 149S, 1317E,  21, 1002,   ,   0,    ,    0,    0,    0,    0,
SH, 02, 2013112312, 99, CHP7,  54, 151S, 1322E,  19, 1002,   ,   0,    ,    0,    0,    0,    0,
SH, 02, 2013112312, 99, CHP7,  60, 153S, 1327E,  18, 1002,   ,   0,    ,    0,    0,    0,    0,
SH, 02, 2013112312, 99, CHP7,  66, 155S, 1333E,  17, 1002,   ,   0,    ,    0,    0,    0,    0,
SH, 02, 2013112312, 99, CHP7,  72, 158S, 1338E,  17, 1003,   ,   0,    ,    0,    0,    0,    0,
SH, 02, 2013112318, 99, CHIP,   0, 139S, 1267E,  39,  997,   ,   0,    ,    0,    0,    0,    0,
SH, 02, 2013112318, 99, CHIP,   6, 138S, 1276E,  37,  998,   ,   0,    ,    0,    0,    0,    0,
SH, 02, 2013112318, 99, CHIP,  12, 137S, 1285E,  39,  998,   ,   0,    ,    0,    0,    0,    0,
SH, 02, 2013112318, 99, CHIP,  18, 137S, 1294E,  41,  997,   ,   0,    ,    0,    0,    0,    0,
SH, 02, 2013112318, 99, CHIP,  24, 137S, 1304E,  41,  997,   ,   0,    ,    0,    0,    0,    0,
SH, 02, 2013112318, 99, CHIP,  30, 138S, 1312E,  35,  999,   ,   0,    ,    0,    0,    0,    0,
SH, 02, 2013112318, 99, CHIP,  36, 139S, 1320E,  31, 1000,   ,   0,    ,    0,    0,    0,    0,
SH, 02, 2013112318, 99, CHIP,  42, 141S, 1327E,  29, 1000,   ,   0,    ,    0,    0,    0,    0,
SH, 02, 2013112318, 99, CHIP,  48, 143S, 1335E,  26, 1001,   ,   0,    ,    0,    0,    0,    0,
SH, 02, 2013112318, 99, CHP2,   0, 139S, 1267E,  43,  997,   ,   0,    ,    0,    0,    0,    0,
SH, 02, 2013112318, 99, CHP2,   6, 138S, 1276E,  39,  998,   ,   0,    ,    0,    0,    0,    0,
SH, 02, 2013112318, 99, CHP2,  12, 137S, 1285E,  41,  997,   ,   0,    ,    0,    0,    0,    0,
SH, 02, 2013112318, 99, CHP2,  18, 137S, 1294E,  43,  996,   ,   0,    ,    0,    0,    0,    0,
SH, 02, 2013112318, 99, CHP2,  24, 137S, 1304E,  42,  997,   ,   0,    ,    0,    0,    0,    0,
SH, 02, 2013112318, 99, CHP2,  30, 138S, 1312E,  36,  999,   ,   0,    ,    0,    0,    0,    0,
SH, 02, 2013112318, 99, CHP2,  36, 139S, 1320E,  32,  999,   ,   0,    ,    0,    0,    0,    0,
SH, 02, 2013112318, 99, CHP2,  42, 141S, 1327E,  29, 1000,   ,   0,    ,    0,    0,    0,    0,
SH, 02, 2013112318, 99, CHP2,  48, 143S, 1335E,  27, 1001,   ,   0,    ,    0,    0,    0,    0,
SH, 02, 2013112318, 99, CHP3,   0, 139S, 1267E,  37,  999,   ,   0,    ,    0,    0,    0,    0,
SH, 02, 2013112318, 99, CHP3,   6, 138S, 1276E,  33, 1000,   ,   0,    ,    0,    0,    0,    0,
SH, 02, 2013112318, 99, CHP3,  12, 137S, 1285E,  34,  999,   ,   0,    ,    0,    0,    0,    0,
SH, 02, 2013112318, 99, CHP3,  18, 137S, 1294E,  36,  999,   ,   0,    ,    0,    0,    0,    0,
SH, 02, 2013112318, 99, CHP3,  24, 137S, 1304E,  34,  999,   ,   0,    ,    0,    0,    0,    0,
SH, 02, 2013112318, 99, CHP3,  30, 138S, 1312E,  30, 1000,   ,   0,    ,    0,    0,    0,    0,
SH, 02, 2013112318, 99, CHP3,  36, 139S, 1320E,  27, 1001,   ,   0,    ,    0,    0,    0,    0,
SH, 02, 2013112318, 99, CHP3,  42, 141S, 1327E,  26, 1001,   ,   0,    ,    0,    0,    0,    0,
SH, 02, 2013112318, 99, CHP3,  48, 143S, 1335E,  24, 1002,   ,   0,    ,    0,    0,    0,    0,
SH, 02, 2013112318, 99, CHP4,   0, 139S, 1267E,  43,  997,   ,   0,    ,    0,    0,    0,    0,
SH, 02, 2013112318, 99, CHP4,   6, 138S, 1276E,  40,  997,   ,   0,    ,    0,    0,    0,    0,
SH, 02, 2013112318, 99, CHP4,  12, 137S, 1285E,  41,  997,   ,   0,    ,    0,    0,    0,    0,
SH, 02, 2013112318, 99, CHP4,  18, 137S, 1294E,  44,  996,   ,   0,    ,    0,    0,    0,    0,
SH, 02, 2013112318, 99, CHP4,  24, 137S, 1304E,  43,  996,   ,   0,    ,    0,    0,    0,    0,
SH, 02, 2013112318, 99, CHP4,  30, 138S, 1312E,  37,  998,   ,   0,    ,    0,    0,    0,    0,
SH, 02, 2013112318, 99, CHP4,  36, 139S, 1320E,  32,  999,   ,   0,    ,    0,    0,    0,    0,
SH, 02, 2013112318, 99, CHP4,  42, 141S, 1327E,  30, 1000,   ,   0,    ,    0,    0,    0,    0,
SH, 02, 2013112318, 99, CHP4,  48, 143S, 1335E,  27, 1001,   ,   0,    ,    0,    0,    0,    0,
SH, 02, 2013112318, 99, CHP5,   0, 139S, 1267E,  37,  999,   ,   0,    ,    0,    0,    0,    0,
SH, 02, 2013112318, 99, CHP5,   6, 138S, 1276E,  33, 1000,   ,   0,    ,    0,    0,    0,    0,
SH, 02, 2013112318, 99, CHP5,  12, 137S, 1285E,  34,  999,   ,   0,    ,    0,    0,    0,    0,
SH, 02, 2013112318, 99, CHP5,  18, 137S, 1294E,  36,  999,   ,   0,    ,    0,    0,    0,    0,
SH, 02, 2013112318, 99, CHP5,  24, 137S, 1304E,  35,  999,   ,   0,    ,    0,    0,    0,    0,
SH, 02, 2013112318, 99, CHP5,  30, 138S, 1312E,  30, 1000,   ,   0,    ,    0,    0,    0,    0,
SH, 02, 2013112318, 99, CHP5,  36, 139S, 1320E,  28, 1001,   ,   0,    ,    0,    0,    0,    0,
SH, 02, 2013112318, 99, CHP5,  42, 141S, 1327E,  26, 1001,   ,   0,    ,    0,    0,    0,    0,
SH, 02, 2013112318, 99, CHP5,  48, 143S, 1335E,  24, 1002,   ,   0,    ,    0,    0,    0,    0,
SH, 02, 2013112318, 99, CHP6,   0, 139S, 1267E,  41,  997,   ,   0,    ,    0,    0,    0,    0,
SH, 02, 2013112318, 99, CHP6,   6, 138S, 1276E,  37,  998,   ,   0,    ,    0,    0,    0,    0,
SH, 02, 2013112318, 99, CHP6,  12, 137S, 1285E,  39,  998,   ,   0,    ,    0,    0,    0,    0,
SH, 02, 2013112318, 99, CHP6,  18, 137S, 1294E,  41,  997,   ,   0,    ,    0,    0,    0,    0,
SH, 02, 2013112318, 99, CHP6,  24, 137S, 1304E,  40,  997,   ,   0,    ,    0,    0,    0,    0,
SH, 02, 2013112318, 99, CHP6,  30, 138S, 1312E,  34,  999,   ,   0,    ,    0,    0,    0,    0,
SH, 02, 2013112318, 99, CHP6,  36, 139S, 1320E,  31, 1000,   ,   0,    ,    0,    0,    0,    0,
SH, 02, 2013112318, 99, CHP6,  42, 141S, 1327E,  28, 1001,   ,   0,    ,    0,    0,    0,    0,
SH, 02, 2013112318, 99, CHP6,  48, 143S, 1335E,  26, 1001,   ,   0,    ,    0,    0,    0,    0,
SH, 02, 2013112318, 99, CHP7,   0, 139S, 1267E,  41,  998,   ,   0,    ,    0,    0,    0,    0,
SH, 02, 2013112318, 99, CHP7,   6, 138S, 1276E,  37,  998,   ,   0,    ,    0,    0,    0,    0,
SH, 02, 2013112318, 99, CHP7,  12, 137S, 1285E,  39,  998,   ,   0,    ,    0,    0,    0,    0,
SH, 02, 2013112318, 99, CHP7,  18, 137S, 1294E,  40,  997,   ,   0,    ,    0,    0,    0,    0,
SH, 02, 2013112318, 99, CHP7,  24, 137S, 1304E,  39,  998,   ,   0,    ,    0,    0,    0,    0,
SH, 02, 2013112318, 99, CHP7,  30, 138S, 1312E,  34,  999,   ,   0,    ,    0,    0,    0,    0,
SH, 02, 2013112318, 99, CHP7,  36, 139S, 1320E,  30, 1000,   ,   0,    ,    0,    0,    0,    0,
SH, 02, 2013112318, 99, CHP7,  42, 141S, 1327E,  28, 1001,   ,   0,    ,    0,    0,    0,    0,
SH, 02, 2013112318, 99, CHP7,  48, 143S, 1335E,  26, 1001,   ,   0,    ,    0,    0,    0,    0,
SH, 02, 2013112400, 99, CHIP,   0, 137S, 1275E,  39,  997,   ,   0,    ,    0,    0,    0,    0,
SH, 02, 2013112400, 99, CHIP,   6, 136S, 1284E,  34,  999,   ,   0,    ,    0,    0,    0,    0,
SH, 02, 2013112400, 99, CHIP,  12, 136S, 1293E,  31,  999,   ,   0,    ,    0,    0,    0,    0,
SH, 02, 2013112400, 99, CHIP,  18, 136S, 1302E,  30, 1000,   ,   0,    ,    0,    0,    0,    0,
SH, 02, 2013112400, 99, CHIP,  24, 137S, 1311E,  28, 1000,   ,   0,    ,    0,    0,    0,    0,
SH, 02, 2013112400, 99, CHIP,  30, 138S, 1318E,  26, 1001,   ,   0,    ,    0,    0,    0,    0,
SH, 02, 2013112400, 99, CHIP,  36, 139S, 1326E,  24, 1001,   ,   0,    ,    0,    0,    0,    0,
SH, 02, 2013112400, 99, CHIP,  42, 140S, 1334E,  23, 1002,   ,   0,    ,    0,    0,    0,    0,
SH, 02, 2013112400, 99, CHIP,  48, 142S, 1342E,  22, 1002,   ,   0,    ,    0,    0,    0,    0,
SH, 02, 2013112400, 99, CHP2,   0, 137S, 1275E,  44,  996,   ,   0,    ,    0,    0,    0,    0,
SH, 02, 2013112400, 99, CHP2,   6, 136S, 1284E,  46,  995,   ,   0,    ,    0,    0,    0,    0,
SH, 02, 2013112400, 99, CHP2,  12, 136S, 1293E,  50,  993,   ,   0,    ,    0,    0,    0,    0,
SH, 02, 2013112400, 99, CHP2,  18, 136S, 1302E,  53,  992,   ,   0,    ,    0,    0,    0,    0,
SH, 02, 2013112400, 99, CHP2,  24, 137S, 1311E,  45,  995,   ,   0,    ,    0,    0,    0,    0,
SH, 02, 2013112400, 99, CHP2,  30, 138S, 1318E,  38,  997,   ,   0,    ,    0,    0,    0,    0,
SH, 02, 2013112400, 99, CHP2,  36, 139S, 1326E,  34,  999,   ,   0,    ,    0,    0,    0,    0,
SH, 02, 2013112400, 99, CHP2,  42, 140S, 1334E,  30, 1000,   ,   0,    ,    0,    0,    0,    0,
SH, 02, 2013112400, 99, CHP2,  48, 142S, 1342E,  28, 1000,   ,   0,    ,    0,    0,    0,    0,
SH, 02, 2013112400, 99, CHP3,   0, 137S, 1275E,  38,  998,   ,   0,    ,    0,    0,    0,    0,
SH, 02, 2013112400, 99, CHP3,   6, 136S, 1284E,  32,  999,   ,   0,    ,    0,    0,    0,    0,
SH, 02, 2013112400, 99, CHP3,  12, 136S, 1293E,  29, 1000,   ,   0,    ,    0,    0,    0,    0,
SH, 02, 2013112400, 99, CHP3,  18, 136S, 1302E,  27, 1001,   ,   0,    ,    0,    0,    0,    0,
SH, 02, 2013112400, 99, CHP3,  24, 137S, 1311E,  25, 1001,   ,   0,    ,    0,    0,    0,    0,
SH, 02, 2013112400, 99, CHP3,  30, 138S, 1318E,  24, 1001,   ,   0,    ,    0,    0,    0,    0,
SH, 02, 2013112400, 99, CHP3,  36, 139S, 1326E,  23, 1002,   ,   0,    ,    0,    0,    0,    0,
SH, 02, 2013112400, 99, CHP3,  42, 140S, 1334E,  22, 1002,   ,   0,    ,    0,    0,    0,    0,
SH, 02, 2013112400, 99, CHP3,  48, 142S, 1342E,  21, 1002,   ,   0,    ,    0,    0,    0,    0,
SH, 02, 2013112400, 99, CHP4,   0, 137S, 1275E,  41,  997,   ,   0,    ,    0,    0,    0,    0,
SH, 02, 2013112400, 99, CHP4,   6, 136S, 1284E,  35,  999,   ,   0,    ,    0,    0,    0,    0,
SH, 02, 2013112400, 99, CHP4,  12, 136S, 1293E,  34,  999,   ,   0,    ,    0,    0,    0,    0,
SH, 02, 2013112400, 99, CHP4,  18, 136S, 1302E,  34,  999,   ,   0,    ,    0,    0,    0,    0,
SH, 02, 2013112400, 99, CHP4,  24, 137S, 1311E,  29, 1000,   ,   0,    ,    0,    0,    0,    0,
SH, 02, 2013112400, 99, CHP4,  30, 138S, 1318E,  27, 1001,   ,   0,    ,    0,    0,    0,    0,
SH, 02, 2013112400, 99, CHP4,  36, 139S, 1326E,  26, 1001,   ,   0,    ,    0,    0,    0,    0,
SH, 02, 2013112400, 99, CHP4,  42, 140S, 1334E,  24, 1002,   ,   0,    ,    0,    0,    0,    0,
SH, 02, 2013112400, 99, CHP4,  48, 142S, 1342E,  22, 1002,   ,   0,    ,    0,    0,    0,    0,
SH, 02, 2013112400, 99, CHP5,   0, 137S, 1275E,  40,  998,   ,   0,    ,    0,    0,    0,    0,
SH, 02, 2013112400, 99, CHP5,   6, 136S, 1284E,  33,  999,   ,   0,    ,    0,    0,    0,    0,
SH, 02, 2013112400, 99, CHP5,  12, 136S, 1293E,  30, 1000,   ,   0,    ,    0,    0,    0,    0,
SH, 02, 2013112400, 99, CHP5,  18, 136S, 1302E,  28, 1000,   ,   0,    ,    0,    0,    0,    0,
SH, 02, 2013112400, 99, CHP5,  24, 137S, 1311E,  27, 1001,   ,   0,    ,    0,    0,    0,    0,
SH, 02, 2013112400, 99, CHP5,  30, 138S, 1318E,  25, 1001,   ,   0,    ,    0,    0,    0,    0,
SH, 02, 2013112400, 99, CHP5,  36, 139S, 1326E,  23, 1002,   ,   0,    ,    0,    0,    0,    0,
SH, 02, 2013112400, 99, CHP5,  42, 140S, 1334E,  22, 1002,   ,   0,    ,    0,    0,    0,    0,
SH, 02, 2013112400, 99, CHP5,  48, 142S, 1342E,  21, 1002,   ,   0,    ,    0,    0,    0,    0,
SH, 02, 2013112400, 99, CHP6,   0, 137S, 1275E,  43,  997,   ,   0,    ,    0,    0,    0,    0,
SH, 02, 2013112400, 99, CHP6,   6, 136S, 1284E,  44,  996,   ,   0,    ,    0,    0,    0,    0,
SH, 02, 2013112400, 99, CHP6,  12, 136S, 1293E,  48,  994,   ,   0,    ,    0,    0,    0,    0,
SH, 02, 2013112400, 99, CHP6,  18, 136S, 1302E,  51,  993,   ,   0,    ,    0,    0,    0,    0,
SH, 02, 2013112400, 99, CHP6,  24, 137S, 1311E,  44,  995,   ,   0,    ,    0,    0,    0,    0,
SH, 02, 2013112400, 99, CHP6,  30, 138S, 1318E,  37,  997,   ,   0,    ,    0,    0,    0,    0,
SH, 02, 2013112400, 99, CHP6,  36, 139S, 1326E,  33,  999,   ,   0,    ,    0,    0,    0,    0,
SH, 02, 2013112400, 99, CHP6,  42, 140S, 1334E,  30, 1000,   ,   0,    ,    0,    0,    0,    0,
SH, 02, 2013112400, 99, CHP6,  48, 142S, 1342E,  28, 1000,   ,   0,    ,    0,    0,    0,    0,
SH, 02, 2013112400, 99, CHP7,   0, 137S, 1275E,  38,  998,   ,   0,    ,    0,    0,    0,    0,
SH, 02, 2013112400, 99, CHP7,   6, 136S, 1284E,  32,  999,   ,   0,    ,    0,    0,    0,    0,
SH, 02, 2013112400, 99, CHP7,  12, 136S, 1293E,  30, 1000,   ,   0,    ,    0,    0,    0,    0,
SH, 02, 2013112400, 99, CHP7,  18, 136S, 1302E,  27, 1001,   ,   0,    ,    0,    0,    0,    0,
SH, 02, 2013112400, 99, CHP7,  24, 137S, 1311E,  25, 1001,   ,   0,    ,    0,    0,    0,    0,
SH, 02, 2013112400, 99, CHP7,  30, 138S, 1318E,  24, 1001,   ,   0,    ,    0,    0,    0,    0,
SH, 02, 2013112400, 99, CHP7,  36, 139S, 1326E,  23, 1002,   ,   0,    ,    0,    0,    0,    0,
SH, 02, 2013112400, 99, CHP7,  42, 140S, 1334E,  22, 1002,   ,   0,    ,    0,    0,    0,    0,
SH, 02, 2013112400, 99, CHP7,  48, 142S, 1342E,  21, 1002,   ,   0,    ,    0,    0,    0,    0,
SH, 02, 2013112406, 99, CHIP,   0, 138S, 1290E,  35,  999,   ,   0,    ,    0,    0,    0,    0,
SH, 02, 2013112406, 99, CHIP,   6, 138S, 1300E,  31, 1000,   ,   0,    ,    0,    0,    0,    0,
SH, 02, 2013112406, 99, CHIP,  12, 139S, 1310E,  29, 1000,   ,   0,    ,    0,    0,    0,    0,
SH, 02, 2013112406, 99, CHIP,  18, 142S, 1318E,  26, 1001,   ,   0,    ,    0,    0,    0,    0,
SH, 02, 2013112406, 99, CHIP,  24, 145S, 1326E,  25, 1001,   ,   0,    ,    0,    0,    0,    0,
SH, 02, 2013112406, 99, CHP2,   0, 138S, 1290E,  35,  999,   ,   0,    ,    0,    0,    0,    0,
SH, 02, 2013112406, 99, CHP2,   6, 138S, 1300E,  31, 1000,   ,   0,    ,    0,    0,    0,    0,
SH, 02, 2013112406, 99, CHP2,  12, 139S, 1310E,  29, 1001,   ,   0,    ,    0,    0,    0,    0,
SH, 02, 2013112406, 99, CHP2,  18, 142S, 1318E,  26, 1001,   ,   0,    ,    0,    0,    0,    0,
SH, 02, 2013112406, 99, CHP2,  24, 145S, 1326E,  25, 1001,   ,   0,    ,    0,    0,    0,    0,
SH, 02, 2013112406, 99, CHP3,   0, 138S, 1290E,  34,  999,   ,   0,    ,    0,    0,    0,    0,
SH, 02, 2013112406, 99, CHP3,   6, 138S, 1300E,  30, 1000,   ,   0,    ,    0,    0,    0,    0,
SH, 02, 2013112406, 99, CHP3,  12, 139S, 1310E,  27, 1001,   ,   0,    ,    0,    0,    0,    0,
SH, 02, 2013112406, 99, CHP3,  18, 142S, 1318E,  25, 1001,   ,   0,    ,    0,    0,    0,    0,
SH, 02, 2013112406, 99, CHP3,  24, 145S, 1326E,  24, 1001,   ,   0,    ,    0,    0,    0,    0,
SH, 02, 2013112406, 99, CHP4,   0, 138S, 1290E,  34,  999,   ,   0,    ,    0,    0,    0,    0,
SH, 02, 2013112406, 99, CHP4,   6, 138S, 1300E,  31, 1000,   ,   0,    ,    0,    0,    0,    0,
SH, 02, 2013112406, 99, CHP4,  12, 139S, 1310E,  28, 1001,   ,   0,    ,    0,    0,    0,    0,
SH, 02, 2013112406, 99, CHP4,  18, 142S, 1318E,  26, 1001,   ,   0,    ,    0,    0,    0,    0,
SH, 02, 2013112406, 99, CHP4,  24, 145S, 1326E,  24, 1001,   ,   0,    ,    0,    0,    0,    0,
SH, 02, 2013112406, 99, CHP5,   0, 138S, 1290E,  34,  999,   ,   0,    ,    0,    0,    0,    0,
SH, 02, 2013112406, 99, CHP5,   6, 138S, 1300E,  30, 1000,   ,   0,    ,    0,    0,    0,    0,
SH, 02, 2013112406, 99, CHP5,  12, 139S, 1310E,  27, 1001,   ,   0,    ,    0,    0,    0,    0,
SH, 02, 2013112406, 99, CHP5,  18, 142S, 1318E,  25, 1001,   ,   0,    ,    0,    0,    0,    0,
SH, 02, 2013112406, 99, CHP5,  24, 145S, 1326E,  24, 1001,   ,   0,    ,    0,    0,    0,    0,
SH, 02, 2013112406, 99, CHP6,   0, 138S, 1290E,  34,  999,   ,   0,    ,    0,    0,    0,    0,
SH, 02, 2013112406, 99, CHP6,   6, 138S, 1300E,  31, 1000,   ,   0,    ,    0,    0,    0,    0,
SH, 02, 2013112406, 99, CHP6,  12, 139S, 1310E,  28, 1001,   ,   0,    ,    0,    0,    0,    0,
SH, 02, 2013112406, 99, CHP6,  18, 142S, 1318E,  26, 1001,   ,   0,    ,    0,    0,    0,    0,
SH, 02, 2013112406, 99, CHP6,  24, 145S, 1326E,  24, 1001,   ,   0,    ,    0,    0,    0,    0,
SH, 02, 2013112406, 99, CHP7,   0, 138S, 1290E,  34,  999,   ,   0,    ,    0,    0,    0,    0,
SH, 02, 2013112406, 99, CHP7,   6, 138S, 1300E,  30, 1000,   ,   0,    ,    0,    0,    0,    0,
SH, 02, 2013112406, 99, CHP7,  12, 139S, 1310E,  28, 1001,   ,   0,    ,    0,    0,    0,    0,
SH, 02, 2013112406, 99, CHP7,  18, 142S, 1318E,  25, 1001,   ,   0,    ,    0,    0,    0,    0,
SH, 02, 2013112406, 99, CHP7,  24, 145S, 1326E,  24, 1001,   ,   0,    ,    0,    0,    0,    0,
SH, 02, 2013112412, 99, CHIP,   0, 137S, 1310E,  30, 1000,   ,   0,    ,    0,    0,    0,    0,
SH, 02, 2013112412, 99, CHIP,   6, 138S, 1319E,  27, 1001,   ,   0,    ,    0,    0,    0,    0,
SH, 02, 2013112412, 99, CHIP,  12, 139S, 1328E,  25, 1001,   ,   0,    ,    0,    0,    0,    0,
SH, 02, 2013112412, 99, CHP2,   0, 137S, 1310E,  33, 1000,   ,   0,    ,    0,    0,    0,    0,
SH, 02, 2013112412, 99, CHP2,   6, 138S, 1319E,  28, 1001,   ,   0,    ,    0,    0,    0,    0,
SH, 02, 2013112412, 99, CHP2,  12, 139S, 1328E,  26, 1001,   ,   0,    ,    0,    0,    0,    0,
SH, 02, 2013112412, 99, CHP3,   0, 137S, 1310E,  33, 1000,   ,   0,    ,    0,    0,    0,    0,
SH, 02, 2013112412, 99, CHP3,   6, 138S, 1319E,  28, 1001,   ,   0,    ,    0,    0,    0,    0,
SH, 02, 2013112412, 99, CHP3,  12, 139S, 1328E,  26, 1001,   ,   0,    ,    0,    0,    0,    0,
SH, 02, 2013112412, 99, CHP4,   0, 137S, 1310E,  33, 1000,   ,   0,    ,    0,    0,    0,    0,
SH, 02, 2013112412, 99, CHP4,   6, 138S, 1319E,  28, 1001,   ,   0,    ,    0,    0,    0,    0,
SH, 02, 2013112412, 99, CHP4,  12, 139S, 1328E,  26, 1001,   ,   0,    ,    0,    0,    0,    0,
SH, 02, 2013112412, 99, CHP5,   0, 137S, 1310E,  33, 1000,   ,   0,    ,    0,    0,    0,    0,
SH, 02, 2013112412, 99, CHP5,   6, 138S, 1319E,  28, 1001,   ,   0,    ,    0,    0,    0,    0,
SH, 02, 2013112412, 99, CHP5,  12, 139S, 1328E,  26, 1001,   ,   0,    ,    0,    0,    0,    0,
SH, 02, 2013112412, 99, CHP6,   0, 137S, 1310E,  33, 1000,   ,   0,    ,    0,    0,    0,    0,
SH, 02, 2013112412, 99, CHP6,   6, 138S, 1319E,  28, 1001,   ,   0,    ,    0,    0,    0,    0,
SH, 02, 2013112412, 99, CHP6,  12, 139S, 1328E,  26, 1001,   ,   0,    ,    0,    0,    0,    0,
SH, 02, 2013112412, 99, CHP7,   0, 137S, 1310E,  33, 1000,   ,   0,    ,    0,    0,    0,    0,
SH, 02, 2013112412, 99, CHP7,   6, 138S, 1319E,  28, 1001,   ,   0,    ,    0,    0,    0,    0,
SH, 02, 2013112412, 99, CHP7,  12, 139S, 1328E,  26, 1001,   ,   0,    ,    0,    0,    0,    0,
SH, 02, 2013112706, 99, CHIP,   0, 158S, 1376E,  34,  999,   ,   0,    ,    0,    0,    0,    0,
SH, 02, 2013112706, 99, CHIP,   6, 160S, 1379E,  41,  996,   ,   0,    ,    0,    0,    0,    0,
SH, 02, 2013112706, 99, CHIP,  12, 162S, 1382E,  48,  993,   ,   0,    ,    0,    0,    0,    0,
SH, 02, 2013112706, 99, CHIP,  18, 164S, 1383E,  53,  990,   ,   0,    ,    0,    0,    0,    0,
SH, 02, 2013112706, 99, CHIP,  24, 167S, 1385E,  58,  987,   ,   0,    ,    0,    0,    0,    0,
SH, 02, 2013112706, 99, CHIP,  30, 171S, 1386E,  58,  987,   ,   0,    ,    0,    0,    0,    0,
SH, 02, 2013112706, 99, CHIP,  36, 175S, 1388E,  46,  993,   ,   0,    ,    0,    0,    0,    0,
SH, 02, 2013112706, 99, CHIP,  42, 179S, 1389E,  39,  995,   ,   0,    ,    0,    0,    0,    0,
SH, 02, 2013112706, 99, CHIP,  48, 183S, 1390E,  33,  998,   ,   0,    ,    0,    0,    0,    0,
SH, 02, 2013112706, 99, CHP2,   0, 158S, 1376E,  37,  996,   ,   0,    ,    0,    0,    0,    0,
SH, 02, 2013112706, 99, CHP2,   6, 160S, 1379E,  47,  993,   ,   0,    ,    0,    0,    0,    0,
SH, 02, 2013112706, 99, CHP2,  12, 162S, 1382E,  60,  986,   ,   0,    ,    0,    0,    0,    0,
SH, 02, 2013112706, 99, CHP2,  18, 164S, 1383E,  67,  981,   ,   0,    ,    0,    0,    0,    0,
SH, 02, 2013112706, 99, CHP2,  24, 167S, 1385E,  73,  978,   ,   0,    ,    0,    0,    0,    0,
SH, 02, 2013112706, 99, CHP2,  30, 171S, 1386E,  71,  979,   ,   0,    ,    0,    0,    0,    0,
SH, 02, 2013112706, 99, CHP2,  36, 175S, 1388E,  54,  987,   ,   0,    ,    0,    0,    0,    0,
SH, 02, 2013112706, 99, CHP2,  42, 179S, 1389E,  43,  993,   ,   0,    ,    0,    0,    0,    0,
SH, 02, 2013112706, 99, CHP2,  48, 183S, 1390E,  36,  995,   ,   0,    ,    0,    0,    0,    0,
SH, 02, 2013112706, 99, CHP3,   0, 158S, 1376E,  30,  999,   ,   0,    ,    0,    0,    0,    0,
SH, 02, 2013112706, 99, CHP3,   6, 160S, 1379E,  34,  998,   ,   0,    ,    0,    0,    0,    0,
SH, 02, 2013112706, 99, CHP3,  12, 162S, 1382E,  40,  996,   ,   0,    ,    0,    0,    0,    0,
SH, 02, 2013112706, 99, CHP3,  18, 164S, 1383E,  46,  993,   ,   0,    ,    0,    0,    0,    0,
SH, 02, 2013112706, 99, CHP3,  24, 167S, 1385E,  51,  991,   ,   0,    ,    0,    0,    0,    0,
SH, 02, 2013112706, 99, CHP3,  30, 171S, 1386E,  52,  990,   ,   0,    ,    0,    0,    0,    0,
SH, 02, 2013112706, 99, CHP3,  36, 175S, 1388E,  43,  994,   ,   0,    ,    0,    0,    0,    0,
SH, 02, 2013112706, 99, CHP3,  42, 179S, 1389E,  36,  996,   ,   0,    ,    0,    0,    0,    0,
SH, 02, 2013112706, 99, CHP3,  48, 183S, 1390E,  31,  998,   ,   0,    ,    0,    0,    0,    0,
SH, 02, 2013112706, 99, CHP4,   0, 158S, 1376E,  36,  997,   ,   0,    ,    0,    0,    0,    0,
SH, 02, 2013112706, 99, CHP4,   6, 160S, 1379E,  42,  995,   ,   0,    ,    0,    0,    0,    0,
SH, 02, 2013112706, 99, CHP4,  12, 162S, 1382E,  53,  990,   ,   0,    ,    0,    0,    0,    0,
SH, 02, 2013112706, 99, CHP4,  18, 164S, 1383E,  61,  985,   ,   0,    ,    0,    0,    0,    0,
SH, 02, 2013112706, 99, CHP4,  24, 167S, 1385E,  67,  982,   ,   0,    ,    0,    0,    0,    0,
SH, 02, 2013112706, 99, CHP4,  30, 171S, 1386E,  66,  982,   ,   0,    ,    0,    0,    0,    0,
SH, 02, 2013112706, 99, CHP4,  36, 175S, 1388E,  51,  989,   ,   0,    ,    0,    0,    0,    0,
SH, 02, 2013112706, 99, CHP4,  42, 179S, 1389E,  42,  994,   ,   0,    ,    0,    0,    0,    0,
SH, 02, 2013112706, 99, CHP4,  48, 183S, 1390E,  35,  996,   ,   0,    ,    0,    0,    0,    0,
SH, 02, 2013112706, 99, CHP5,   0, 158S, 1376E,  30,  999,   ,   0,    ,    0,    0,    0,    0,
SH, 02, 2013112706, 99, CHP5,   6, 160S, 1379E,  36,  997,   ,   0,    ,    0,    0,    0,    0,
SH, 02, 2013112706, 99, CHP5,  12, 162S, 1382E,  44,  994,   ,   0,    ,    0,    0,    0,    0,
SH, 02, 2013112706, 99, CHP5,  18, 164S, 1383E,  50,  992,   ,   0,    ,    0,    0,    0,    0,
SH, 02, 2013112706, 99, CHP5,  24, 167S, 1385E,  55,  989,   ,   0,    ,    0,    0,    0,    0,
SH, 02, 2013112706, 99, CHP5,  30, 171S, 1386E,  56,  988,   ,   0,    ,    0,    0,    0,    0,
SH, 02, 2013112706, 99, CHP5,  36, 175S, 1388E,  45,  993,   ,   0,    ,    0,    0,    0,    0,
SH, 02, 2013112706, 99, CHP5,  42, 179S, 1389E,  38,  996,   ,   0,    ,    0,    0,    0,    0,
SH, 02, 2013112706, 99, CHP5,  48, 183S, 1390E,  32,  998,   ,   0,    ,    0,    0,    0,    0,
SH, 02, 2013112706, 99, CHP6,   0, 158S, 1376E,  33,  998,   ,   0,    ,    0,    0,    0,    0,
SH, 02, 2013112706, 99, CHP6,   6, 160S, 1379E,  45,  993,   ,   0,    ,    0,    0,    0,    0,
SH, 02, 2013112706, 99, CHP6,  12, 162S, 1382E,  62,  985,   ,   0,    ,    0,    0,    0,    0,
SH, 02, 2013112706, 99, CHP6,  18, 164S, 1383E,  76,  975,   ,   0,    ,    0,    0,    0,    0,
SH, 02, 2013112706, 99, CHP6,  24, 167S, 1385E,  91,  963,   ,   0,    ,    0,    0,    0,    0,
SH, 02, 2013112706, 99, CHP6,  30, 171S, 1386E,  96,  958,   ,   0,    ,    0,    0,    0,    0,
SH, 02, 2013112706, 99, CHP6,  36, 175S, 1388E,  70,  976,   ,   0,    ,    0,    0,    0,    0,
SH, 02, 2013112706, 99, CHP6,  42, 179S, 1389E,  51,  986,   ,   0,    ,    0,    0,    0,    0,
SH, 02, 2013112706, 99, CHP6,  48, 183S, 1390E,  42,  992,   ,   0,    ,    0,    0,    0,    0,
SH, 02, 2013112706, 99, CHP7,   0, 158S, 1376E,  31,  999,   ,   0,    ,    0,    0,    0,    0,
SH, 02, 2013112706, 99, CHP7,   6, 160S, 1379E,  32,  999,   ,   0,    ,    0,    0,    0,    0,
SH, 02, 2013112706, 99, CHP7,  12, 162S, 1382E,  36,  997,   ,   0,    ,    0,    0,    0,    0,
SH, 02, 2013112706, 99, CHP7,  18, 164S, 1383E,  41,  995,   ,   0,    ,    0,    0,    0,    0,
SH, 02, 2013112706, 99, CHP7,  24, 167S, 1385E,  45,  994,   ,   0,    ,    0,    0,    0,    0,
SH, 02, 2013112706, 99, CHP7,  30, 171S, 1386E,  46,  993,   ,   0,    ,    0,    0,    0,    0,
SH, 02, 2013112706, 99, CHP7,  36, 175S, 1388E,  39,  996,   ,   0,    ,    0,    0,    0,    0,
SH, 02, 2013112706, 99, CHP7,  42, 179S, 1389E,  33,  998,   ,   0,    ,    0,    0,    0,    0,
SH, 02, 2013112706, 99, CHP7,  48, 183S, 1390E,  29,  999,   ,   0,    ,    0,    0,    0,    0,
SH, 02, 2013112712, 99, CHIP,   0, 162S, 1381E,  35,  997,   ,   0,    ,    0,    0,    0,    0,
SH, 02, 2013112712, 99, CHIP,   6, 164S, 1383E,  38,  997,   ,   0,    ,    0,    0,    0,    0,
SH, 02, 2013112712, 99, CHIP,  12, 166S, 1385E,  41,  995,   ,   0,    ,    0,    0,    0,    0,
SH, 02, 2013112712, 99, CHIP,  18, 169S, 1387E,  45,  994,   ,   0,    ,    0,    0,    0,    0,
SH, 02, 2013112712, 99, CHIP,  24, 172S, 1389E,  48,  992,   ,   0,    ,    0,    0,    0,    0,
SH, 02, 2013112712, 99, CHIP,  30, 176S, 1390E,  45,  994,   ,   0,    ,    0,    0,    0,    0,
SH, 02, 2013112712, 99, CHIP,  36, 180S, 1391E,  36,  997,   ,   0,    ,    0,    0,    0,    0,
SH, 02, 2013112712, 99, CHIP,  42, 184S, 1392E,  32,  998,   ,   0,    ,    0,    0,    0,    0,
SH, 02, 2013112712, 99, CHIP,  48, 188S, 1394E,  28,  999,   ,   0,    ,    0,    0,    0,    0,
SH, 02, 2013112712, 99, CHP2,   0, 162S, 1381E,  39,  996,   ,   0,    ,    0,    0,    0,    0,
SH, 02, 2013112712, 99, CHP2,   6, 164S, 1383E,  47,  993,   ,   0,    ,    0,    0,    0,    0,
SH, 02, 2013112712, 99, CHP2,  12, 166S, 1385E,  52,  990,   ,   0,    ,    0,    0,    0,    0,
SH, 02, 2013112712, 99, CHP2,  18, 169S, 1387E,  57,  988,   ,   0,    ,    0,    0,    0,    0,
SH, 02, 2013112712, 99, CHP2,  24, 172S, 1389E,  59,  987,   ,   0,    ,    0,    0,    0,    0,
SH, 02, 2013112712, 99, CHP2,  30, 176S, 1390E,  53,  990,   ,   0,    ,    0,    0,    0,    0,
SH, 02, 2013112712, 99, CHP2,  36, 180S, 1391E,  42,  994,   ,   0,    ,    0,    0,    0,    0,
SH, 02, 2013112712, 99, CHP2,  42, 184S, 1392E,  36,  997,   ,   0,    ,    0,    0,    0,    0,
SH, 02, 2013112712, 99, CHP2,  48, 188S, 1394E,  31,  998,   ,   0,    ,    0,    0,    0,    0,
SH, 02, 2013112712, 99, CHP3,   0, 162S, 1381E,  31,  999,   ,   0,    ,    0,    0,    0,    0,
SH, 02, 2013112712, 99, CHP3,   6, 164S, 1383E,  28,  999,   ,   0,    ,    0,    0,    0,    0,
SH, 02, 2013112712, 99, CHP3,  12, 166S, 1385E,  28, 1000,   ,   0,    ,    0,    0,    0,    0,
SH, 02, 2013112712, 99, CHP3,  18, 169S, 1387E,  28, 1000,   ,   0,    ,    0,    0,    0,    0,
SH, 02, 2013112712, 99, CHP3,  24, 172S, 1389E,  28, 1000,   ,   0,    ,    0,    0,    0,    0,
SH, 02, 2013112712, 99, CHP3,  30, 176S, 1390E,  27, 1000,   ,   0,    ,    0,    0,    0,    0,
SH, 02, 2013112712, 99, CHP3,  36, 180S, 1391E,  25, 1000,   ,   0,    ,    0,    0,    0,    0,
SH, 02, 2013112712, 99, CHP3,  42, 184S, 1392E,  23, 1001,   ,   0,    ,    0,    0,    0,    0,
SH, 02, 2013112712, 99, CHP3,  48, 188S, 1394E,  22, 1001,   ,   0,    ,    0,    0,    0,    0,
SH, 02, 2013112712, 99, CHP4,   0, 162S, 1381E,  38,  997,   ,   0,    ,    0,    0,    0,    0,
SH, 02, 2013112712, 99, CHP4,   6, 164S, 1383E,  38,  997,   ,   0,    ,    0,    0,    0,    0,
SH, 02, 2013112712, 99, CHP4,  12, 166S, 1385E,  41,  995,   ,   0,    ,    0,    0,    0,    0,
SH, 02, 2013112712, 99, CHP4,  18, 169S, 1387E,  45,  994,   ,   0,    ,    0,    0,    0,    0,
SH, 02, 2013112712, 99, CHP4,  24, 172S, 1389E,  47,  993,   ,   0,    ,    0,    0,    0,    0,
SH, 02, 2013112712, 99, CHP4,  30, 176S, 1390E,  44,  994,   ,   0,    ,    0,    0,    0,    0,
SH, 02, 2013112712, 99, CHP4,  36, 180S, 1391E,  36,  997,   ,   0,    ,    0,    0,    0,    0,
SH, 02, 2013112712, 99, CHP4,  42, 184S, 1392E,  32,  998,   ,   0,    ,    0,    0,    0,    0,
SH, 02, 2013112712, 99, CHP4,  48, 188S, 1394E,  28,  999,   ,   0,    ,    0,    0,    0,    0,
SH, 02, 2013112712, 99, CHP5,   0, 162S, 1381E,  35,  998,   ,   0,    ,    0,    0,    0,    0,
SH, 02, 2013112712, 99, CHP5,   6, 164S, 1383E,  40,  996,   ,   0,    ,    0,    0,    0,    0,
SH, 02, 2013112712, 99, CHP5,  12, 166S, 1385E,  45,  994,   ,   0,    ,    0,    0,    0,    0,
SH, 02, 2013112712, 99, CHP5,  18, 169S, 1387E,  49,  992,   ,   0,    ,    0,    0,    0,    0,
SH, 02, 2013112712, 99, CHP5,  24, 172S, 1389E,  52,  990,   ,   0,    ,    0,    0,    0,    0,
SH, 02, 2013112712, 99, CHP5,  30, 176S, 1390E,  48,  992,   ,   0,    ,    0,    0,    0,    0,
SH, 02, 2013112712, 99, CHP5,  36, 180S, 1391E,  38,  996,   ,   0,    ,    0,    0,    0,    0,
SH, 02, 2013112712, 99, CHP5,  42, 184S, 1392E,  34,  997,   ,   0,    ,    0,    0,    0,    0,
SH, 02, 2013112712, 99, CHP5,  48, 188S, 1394E,  29,  999,   ,   0,    ,    0,    0,    0,    0,
SH, 02, 2013112712, 99, CHP6,   0, 162S, 1381E,  37,  997,   ,   0,    ,    0,    0,    0,    0,
SH, 02, 2013112712, 99, CHP6,   6, 164S, 1383E,  46,  993,   ,   0,    ,    0,    0,    0,    0,
SH, 02, 2013112712, 99, CHP6,  12, 166S, 1385E,  53,  990,   ,   0,    ,    0,    0,    0,    0,
SH, 02, 2013112712, 99, CHP6,  18, 169S, 1387E,  61,  985,   ,   0,    ,    0,    0,    0,    0,
SH, 02, 2013112712, 99, CHP6,  24, 172S, 1389E,  68,  981,   ,   0,    ,    0,    0,    0,    0,
SH, 02, 2013112712, 99, CHP6,  30, 176S, 1390E,  62,  984,   ,   0,    ,    0,    0,    0,    0,
SH, 02, 2013112712, 99, CHP6,  36, 180S, 1391E,  48,  990,   ,   0,    ,    0,    0,    0,    0,
SH, 02, 2013112712, 99, CHP6,  42, 184S, 1392E,  40,  995,   ,   0,    ,    0,    0,    0,    0,
SH, 02, 2013112712, 99, CHP6,  48, 188S, 1394E,  34,  996,   ,   0,    ,    0,    0,    0,    0,
SH, 02, 2013112712, 99, CHP7,   0, 162S, 1381E,  33,  999,   ,   0,    ,    0,    0,    0,    0,
SH, 02, 2013112712, 99, CHP7,   6, 164S, 1383E,  29,  999,   ,   0,    ,    0,    0,    0,    0,
SH, 02, 2013112712, 99, CHP7,  12, 166S, 1385E,  27, 1000,   ,   0,    ,    0,    0,    0,    0,
SH, 02, 2013112712, 99, CHP7,  18, 169S, 1387E,  26, 1000,   ,   0,    ,    0,    0,    0,    0,
SH, 02, 2013112712, 99, CHP7,  24, 172S, 1389E,  26, 1000,   ,   0,    ,    0,    0,    0,    0,
SH, 02, 2013112712, 99, CHP7,  30, 176S, 1390E,  25, 1000,   ,   0,    ,    0,    0,    0,    0,
SH, 02, 2013112712, 99, CHP7,  36, 180S, 1391E,  23, 1001,   ,   0,    ,    0,    0,    0,    0,
SH, 02, 2013112712, 99, CHP7,  42, 184S, 1392E,  22, 1001,   ,   0,    ,    0,    0,    0,    0,
SH, 02, 2013112712, 99, CHP7,  48, 188S, 1394E,  20, 1002,   ,   0,    ,    0,    0,    0,    0,
SH, 02, 2013112718, 99, CHIP,   0, 165S, 1376E,  31,  998,   ,   0,    ,    0,    0,    0,    0,
SH, 02, 2013112718, 99, CHIP,   6, 166S, 1373E,  29,  999,   ,   0,    ,    0,    0,    0,    0,
SH, 02, 2013112718, 99, CHIP,  12, 167S, 1369E,  26, 1000,   ,   0,    ,    0,    0,    0,    0,
SH, 02, 2013112718, 99, CHP2,   0, 165S, 1376E,  36,  997,   ,   0,    ,    0,    0,    0,    0,
SH, 02, 2013112718, 99, CHP2,   6, 166S, 1373E,  31,  999,   ,   0,    ,    0,    0,    0,    0,
SH, 02, 2013112718, 99, CHP2,  12, 167S, 1369E,  28,  999,   ,   0,    ,    0,    0,    0,    0,
SH, 02, 2013112718, 99, CHP3,   0, 165S, 1376E,  30,  999,   ,   0,    ,    0,    0,    0,    0,
SH, 02, 2013112718, 99, CHP3,   6, 166S, 1373E,  26, 1000,   ,   0,    ,    0,    0,    0,    0,
SH, 02, 2013112718, 99, CHP3,  12, 167S, 1369E,  24, 1001,   ,   0,    ,    0,    0,    0,    0,
SH, 02, 2013112718, 99, CHP4,   0, 165S, 1376E,  36,  997,   ,   0,    ,    0,    0,    0,    0,
SH, 02, 2013112718, 99, CHP4,   6, 166S, 1373E,  31,  999,   ,   0,    ,    0,    0,    0,    0,
SH, 02, 2013112718, 99, CHP4,  12, 167S, 1369E,  29,  999,   ,   0,    ,    0,    0,    0,    0,
SH, 02, 2013112718, 99, CHP5,   0, 165S, 1376E,  30,  999,   ,   0,    ,    0,    0,    0,    0,
SH, 02, 2013112718, 99, CHP5,   6, 166S, 1373E,  26, 1000,   ,   0,    ,    0,    0,    0,    0,
SH, 02, 2013112718, 99, CHP5,  12, 167S, 1369E,  24, 1001,   ,   0,    ,    0,    0,    0,    0,
SH, 02, 2013112718, 99, CHP6,   0, 165S, 1376E,  31,  998,   ,   0,    ,    0,    0,    0,    0,
SH, 02, 2013112718, 99, CHP6,   6, 166S, 1373E,  29,  999,   ,   0,    ,    0,    0,    0,    0,
SH, 02, 2013112718, 99, CHP6,  12, 167S, 1369E,  27, 1000,   ,   0,    ,    0,    0,    0,    0,
SH, 02, 2013112718, 99, CHP7,   0, 165S, 1376E,  31,  998,   ,   0,    ,    0,    0,    0,    0,
SH, 02, 2013112718, 99, CHP7,   6, 166S, 1373E,  29,  999,   ,   0,    ,    0,    0,    0,    0,
SH, 02, 2013112718, 99, CHP7,  12, 167S, 1369E,  26, 1000,   ,   0,    ,    0,    0,    0,    0,
