SH, 05, 2013122812, 99, CHIP,   0, 162S, 1205E,  35,  999,   ,   0,    ,    0,    0,    0,    0,
SH, 05, 2013122812, 99, CHIP,   6, 166S, 1201E,  36,  998,   ,   0,    ,    0,    0,    0,    0,
SH, 05, 2013122812, 99, CHIP,  12, 171S, 1196E,  40,  997,   ,   0,    ,    0,    0,    0,    0,
SH, 05, 2013122812, 99, CHIP,  18, 175S, 1192E,  42,  997,   ,   0,    ,    0,    0,    0,    0,
SH, 05, 2013122812, 99, CHIP,  24, 180S, 1187E,  45,  996,   ,   0,    ,    0,    0,    0,    0,
SH, 05, 2013122812, 99, CHIP,  30, 186S, 1183E,  47,  995,   ,   0,    ,    0,    0,    0,    0,
SH, 05, 2013122812, 99, CHIP,  36, 192S, 1178E,  50,  994,   ,   0,    ,    0,    0,    0,    0,
SH, 05, 2013122812, 99, CHIP,  42, 199S, 1176E,  51,  994,   ,   0,    ,    0,    0,    0,    0,
SH, 05, 2013122812, 99, CHIP,  48, 207S, 1174E,  51,  993,   ,   0,    ,    0,    0,    0,    0,
SH, 05, 2013122812, 99, CHIP,  54, 216S, 1177E,  45,  995,   ,   0,    ,    0,    0,    0,    0,
SH, 05, 2013122812, 99, CHIP,  60, 225S, 1181E,  37,  997,   ,   0,    ,    0,    0,    0,    0,
SH, 05, 2013122812, 99, CHIP,  66, 235S, 1185E,  34,  999,   ,   0,    ,    0,    0,    0,    0,
SH, 05, 2013122812, 99, CHIP,  72, 244S, 1189E,  30, 1000,   ,   0,    ,    0,    0,    0,    0,
SH, 05, 2013122812, 99, CHIP,  78, 250S, 1198E,  28, 1000,   ,   0,    ,    0,    0,    0,    0,
SH, 05, 2013122812, 99, CHIP,  84, 256S, 1208E,  27, 1001,   ,   0,    ,    0,    0,    0,    0,
SH, 05, 2013122812, 99, CHIP,  90, 263S, 1218E,  25, 1001,   ,   0,    ,    0,    0,    0,    0,
SH, 05, 2013122812, 99, CHIP,  96, 269S, 1227E,  24, 1002,   ,   0,    ,    0,    0,    0,    0,
SH, 05, 2013122812, 99, CHP2,   0, 162S, 1205E,  35,  999,   ,   0,    ,    0,    0,    0,    0,
SH, 05, 2013122812, 99, CHP2,   6, 166S, 1201E,  46,  994,   ,   0,    ,    0,    0,    0,    0,
SH, 05, 2013122812, 99, CHP2,  12, 171S, 1196E,  52,  992,   ,   0,    ,    0,    0,    0,    0,
SH, 05, 2013122812, 99, CHP2,  18, 175S, 1192E,  55,  991,   ,   0,    ,    0,    0,    0,    0,
SH, 05, 2013122812, 99, CHP2,  24, 180S, 1187E,  57,  990,   ,   0,    ,    0,    0,    0,    0,
SH, 05, 2013122812, 99, CHP2,  30, 186S, 1183E,  59,  989,   ,   0,    ,    0,    0,    0,    0,
SH, 05, 2013122812, 99, CHP2,  36, 192S, 1178E,  62,  988,   ,   0,    ,    0,    0,    0,    0,
SH, 05, 2013122812, 99, CHP2,  42, 199S, 1176E,  63,  988,   ,   0,    ,    0,    0,    0,    0,
SH, 05, 2013122812, 99, CHP2,  48, 207S, 1174E,  62,  987,   ,   0,    ,    0,    0,    0,    0,
SH, 05, 2013122812, 99, CHP2,  54, 216S, 1177E,  53,  991,   ,   0,    ,    0,    0,    0,    0,
SH, 05, 2013122812, 99, CHP2,  60, 225S, 1181E,  43,  995,   ,   0,    ,    0,    0,    0,    0,
SH, 05, 2013122812, 99, CHP2,  66, 235S, 1185E,  37,  997,   ,   0,    ,    0,    0,    0,    0,
SH, 05, 2013122812, 99, CHP2,  72, 244S, 1189E,  33,  998,   ,   0,    ,    0,    0,    0,    0,
SH, 05, 2013122812, 99, CHP2,  78, 250S, 1198E,  31,  999,   ,   0,    ,    0,    0,    0,    0,
SH, 05, 2013122812, 99, CHP2,  84, 256S, 1208E,  28, 1000,   ,   0,    ,    0,    0,    0,    0,
SH, 05, 2013122812, 99, CHP2,  90, 263S, 1218E,  26, 1001,   ,   0,    ,    0,    0,    0,    0,
SH, 05, 2013122812, 99, CHP2,  96, 269S, 1227E,  25, 1001,   ,   0,    ,    0,    0,    0,    0,
SH, 05, 2013122812, 99, CHP3,   0, 162S, 1205E,  31, 1000,   ,   0,    ,    0,    0,    0,    0,
SH, 05, 2013122812, 99, CHP3,   6, 166S, 1201E,  29, 1000,   ,   0,    ,    0,    0,    0,    0,
SH, 05, 2013122812, 99, CHP3,  12, 171S, 1196E,  28, 1000,   ,   0,    ,    0,    0,    0,    0,
SH, 05, 2013122812, 99, CHP3,  18, 175S, 1192E,  28, 1000,   ,   0,    ,    0,    0,    0,    0,
SH, 05, 2013122812, 99, CHP3,  24, 180S, 1187E,  29, 1001,   ,   0,    ,    0,    0,    0,    0,
SH, 05, 2013122812, 99, CHP3,  30, 186S, 1183E,  31, 1000,   ,   0,    ,    0,    0,    0,    0,
SH, 05, 2013122812, 99, CHP3,  36, 192S, 1178E,  34, 1000,   ,   0,    ,    0,    0,    0,    0,
SH, 05, 2013122812, 99, CHP3,  42, 199S, 1176E,  37, 1000,   ,   0,    ,    0,    0,    0,    0,
SH, 05, 2013122812, 99, CHP3,  48, 207S, 1174E,  37,  999,   ,   0,    ,    0,    0,    0,    0,
SH, 05, 2013122812, 99, CHP3,  54, 216S, 1177E,  34,  999,   ,   0,    ,    0,    0,    0,    0,
SH, 05, 2013122812, 99, CHP3,  60, 225S, 1181E,  29, 1001,   ,   0,    ,    0,    0,    0,    0,
SH, 05, 2013122812, 99, CHP3,  66, 235S, 1185E,  27, 1001,   ,   0,    ,    0,    0,    0,    0,
SH, 05, 2013122812, 99, CHP3,  72, 244S, 1189E,  26, 1001,   ,   0,    ,    0,    0,    0,    0,
SH, 05, 2013122812, 99, CHP3,  78, 250S, 1198E,  25, 1002,   ,   0,    ,    0,    0,    0,    0,
SH, 05, 2013122812, 99, CHP3,  84, 256S, 1208E,  23, 1002,   ,   0,    ,    0,    0,    0,    0,
SH, 05, 2013122812, 99, CHP3,  90, 263S, 1218E,  22, 1002,   ,   0,    ,    0,    0,    0,    0,
SH, 05, 2013122812, 99, CHP3,  96, 269S, 1227E,  21, 1002,   ,   0,    ,    0,    0,    0,    0,
SH, 05, 2013122812, 99, CHP4,   0, 162S, 1205E,  34,  999,   ,   0,    ,    0,    0,    0,    0,
SH, 05, 2013122812, 99, CHP4,   6, 166S, 1201E,  40,  997,   ,   0,    ,    0,    0,    0,    0,
SH, 05, 2013122812, 99, CHP4,  12, 171S, 1196E,  44,  995,   ,   0,    ,    0,    0,    0,    0,
SH, 05, 2013122812, 99, CHP4,  18, 175S, 1192E,  47,  994,   ,   0,    ,    0,    0,    0,    0,
SH, 05, 2013122812, 99, CHP4,  24, 180S, 1187E,  50,  993,   ,   0,    ,    0,    0,    0,    0,
SH, 05, 2013122812, 99, CHP4,  30, 186S, 1183E,  53,  992,   ,   0,    ,    0,    0,    0,    0,
SH, 05, 2013122812, 99, CHP4,  36, 192S, 1178E,  56,  992,   ,   0,    ,    0,    0,    0,    0,
SH, 05, 2013122812, 99, CHP4,  42, 199S, 1176E,  57,  991,   ,   0,    ,    0,    0,    0,    0,
SH, 05, 2013122812, 99, CHP4,  48, 207S, 1174E,  56,  991,   ,   0,    ,    0,    0,    0,    0,
SH, 05, 2013122812, 99, CHP4,  54, 216S, 1177E,  49,  993,   ,   0,    ,    0,    0,    0,    0,
SH, 05, 2013122812, 99, CHP4,  60, 225S, 1181E,  40,  996,   ,   0,    ,    0,    0,    0,    0,
SH, 05, 2013122812, 99, CHP4,  66, 235S, 1185E,  35,  998,   ,   0,    ,    0,    0,    0,    0,
SH, 05, 2013122812, 99, CHP4,  72, 244S, 1189E,  32,  999,   ,   0,    ,    0,    0,    0,    0,
SH, 05, 2013122812, 99, CHP4,  78, 250S, 1198E,  30, 1000,   ,   0,    ,    0,    0,    0,    0,
SH, 05, 2013122812, 99, CHP4,  84, 256S, 1208E,  28, 1000,   ,   0,    ,    0,    0,    0,    0,
SH, 05, 2013122812, 99, CHP4,  90, 263S, 1218E,  26, 1001,   ,   0,    ,    0,    0,    0,    0,
SH, 05, 2013122812, 99, CHP4,  96, 269S, 1227E,  24, 1001,   ,   0,    ,    0,    0,    0,    0,
SH, 05, 2013122812, 99, CHP5,   0, 162S, 1205E,  33, 1000,   ,   0,    ,    0,    0,    0,    0,
SH, 05, 2013122812, 99, CHP5,   6, 166S, 1201E,  36,  998,   ,   0,    ,    0,    0,    0,    0,
SH, 05, 2013122812, 99, CHP5,  12, 171S, 1196E,  40,  997,   ,   0,    ,    0,    0,    0,    0,
SH, 05, 2013122812, 99, CHP5,  18, 175S, 1192E,  43,  996,   ,   0,    ,    0,    0,    0,    0,
SH, 05, 2013122812, 99, CHP5,  24, 180S, 1187E,  46,  995,   ,   0,    ,    0,    0,    0,    0,
SH, 05, 2013122812, 99, CHP5,  30, 186S, 1183E,  48,  995,   ,   0,    ,    0,    0,    0,    0,
SH, 05, 2013122812, 99, CHP5,  36, 192S, 1178E,  51,  994,   ,   0,    ,    0,    0,    0,    0,
SH, 05, 2013122812, 99, CHP5,  42, 199S, 1176E,  52,  994,   ,   0,    ,    0,    0,    0,    0,
SH, 05, 2013122812, 99, CHP5,  48, 207S, 1174E,  52,  993,   ,   0,    ,    0,    0,    0,    0,
SH, 05, 2013122812, 99, CHP5,  54, 216S, 1177E,  46,  995,   ,   0,    ,    0,    0,    0,    0,
SH, 05, 2013122812, 99, CHP5,  60, 225S, 1181E,  38,  997,   ,   0,    ,    0,    0,    0,    0,
SH, 05, 2013122812, 99, CHP5,  66, 235S, 1185E,  34,  999,   ,   0,    ,    0,    0,    0,    0,
SH, 05, 2013122812, 99, CHP5,  72, 244S, 1189E,  31, 1000,   ,   0,    ,    0,    0,    0,    0,
SH, 05, 2013122812, 99, CHP5,  78, 250S, 1198E,  29, 1000,   ,   0,    ,    0,    0,    0,    0,
SH, 05, 2013122812, 99, CHP5,  84, 256S, 1208E,  27, 1001,   ,   0,    ,    0,    0,    0,    0,
SH, 05, 2013122812, 99, CHP5,  90, 263S, 1218E,  25, 1001,   ,   0,    ,    0,    0,    0,    0,
SH, 05, 2013122812, 99, CHP5,  96, 269S, 1227E,  24, 1002,   ,   0,    ,    0,    0,    0,    0,
SH, 05, 2013122812, 99, CHP6,   0, 162S, 1205E,  33,  999,   ,   0,    ,    0,    0,    0,    0,
SH, 05, 2013122812, 99, CHP6,   6, 166S, 1201E,  43,  996,   ,   0,    ,    0,    0,    0,    0,
SH, 05, 2013122812, 99, CHP6,  12, 171S, 1196E,  50,  993,   ,   0,    ,    0,    0,    0,    0,
SH, 05, 2013122812, 99, CHP6,  18, 175S, 1192E,  55,  991,   ,   0,    ,    0,    0,    0,    0,
SH, 05, 2013122812, 99, CHP6,  24, 180S, 1187E,  59,  989,   ,   0,    ,    0,    0,    0,    0,
SH, 05, 2013122812, 99, CHP6,  30, 186S, 1183E,  63,  987,   ,   0,    ,    0,    0,    0,    0,
SH, 05, 2013122812, 99, CHP6,  36, 192S, 1178E,  68,  985,   ,   0,    ,    0,    0,    0,    0,
SH, 05, 2013122812, 99, CHP6,  42, 199S, 1176E,  71,  983,   ,   0,    ,    0,    0,    0,    0,
SH, 05, 2013122812, 99, CHP6,  48, 207S, 1174E,  73,  981,   ,   0,    ,    0,    0,    0,    0,
SH, 05, 2013122812, 99, CHP6,  54, 216S, 1177E,  61,  987,   ,   0,    ,    0,    0,    0,    0,
SH, 05, 2013122812, 99, CHP6,  60, 225S, 1181E,  49,  992,   ,   0,    ,    0,    0,    0,    0,
SH, 05, 2013122812, 99, CHP6,  66, 235S, 1185E,  40,  995,   ,   0,    ,    0,    0,    0,    0,
SH, 05, 2013122812, 99, CHP6,  72, 244S, 1189E,  36,  997,   ,   0,    ,    0,    0,    0,    0,
SH, 05, 2013122812, 99, CHP6,  78, 250S, 1198E,  33,  999,   ,   0,    ,    0,    0,    0,    0,
SH, 05, 2013122812, 99, CHP6,  84, 256S, 1208E,  30,  999,   ,   0,    ,    0,    0,    0,    0,
SH, 05, 2013122812, 99, CHP6,  90, 263S, 1218E,  28, 1000,   ,   0,    ,    0,    0,    0,    0,
SH, 05, 2013122812, 99, CHP6,  96, 269S, 1227E,  26, 1000,   ,   0,    ,    0,    0,    0,    0,
SH, 05, 2013122812, 99, CHP7,   0, 162S, 1205E,  32, 1000,   ,   0,    ,    0,    0,    0,    0,
SH, 05, 2013122812, 99, CHP7,   6, 166S, 1201E,  29, 1000,   ,   0,    ,    0,    0,    0,    0,
SH, 05, 2013122812, 99, CHP7,  12, 171S, 1196E,  28, 1000,   ,   0,    ,    0,    0,    0,    0,
SH, 05, 2013122812, 99, CHP7,  18, 175S, 1192E,  28, 1001,   ,   0,    ,    0,    0,    0,    0,
SH, 05, 2013122812, 99, CHP7,  24, 180S, 1187E,  29, 1001,   ,   0,    ,    0,    0,    0,    0,
SH, 05, 2013122812, 99, CHP7,  30, 186S, 1183E,  30, 1001,   ,   0,    ,    0,    0,    0,    0,
SH, 05, 2013122812, 99, CHP7,  36, 192S, 1178E,  33, 1000,   ,   0,    ,    0,    0,    0,    0,
SH, 05, 2013122812, 99, CHP7,  42, 199S, 1176E,  35, 1000,   ,   0,    ,    0,    0,    0,    0,
SH, 05, 2013122812, 99, CHP7,  48, 207S, 1174E,  35, 1000,   ,   0,    ,    0,    0,    0,    0,
SH, 05, 2013122812, 99, CHP7,  54, 216S, 1177E,  32, 1000,   ,   0,    ,    0,    0,    0,    0,
SH, 05, 2013122812, 99, CHP7,  60, 225S, 1181E,  28, 1001,   ,   0,    ,    0,    0,    0,    0,
SH, 05, 2013122812, 99, CHP7,  66, 235S, 1185E,  26, 1001,   ,   0,    ,    0,    0,    0,    0,
SH, 05, 2013122812, 99, CHP7,  72, 244S, 1189E,  25, 1002,   ,   0,    ,    0,    0,    0,    0,
SH, 05, 2013122812, 99, CHP7,  78, 250S, 1198E,  24, 1002,   ,   0,    ,    0,    0,    0,    0,
SH, 05, 2013122812, 99, CHP7,  84, 256S, 1208E,  22, 1002,   ,   0,    ,    0,    0,    0,    0,
SH, 05, 2013122812, 99, CHP7,  90, 263S, 1218E,  21, 1002,   ,   0,    ,    0,    0,    0,    0,
SH, 05, 2013122812, 99, CHP7,  96, 269S, 1227E,  21, 1002,   ,   0,    ,    0,    0,    0,    0,
SH, 05, 2013122818, 99, CHIP,   0, 163S, 1203E,  43,  997,   ,   0,    ,    0,    0,    0,    0,
SH, 05, 2013122818, 99, CHIP,   6, 167S, 1199E,  46,  995,   ,   0,    ,    0,    0,    0,    0,
SH, 05, 2013122818, 99, CHIP,  12, 172S, 1195E,  51,  993,   ,   0,    ,    0,    0,    0,    0,
SH, 05, 2013122818, 99, CHIP,  18, 176S, 1191E,  55,  991,   ,   0,    ,    0,    0,    0,    0,
SH, 05, 2013122818, 99, CHIP,  24, 181S, 1187E,  61,  988,   ,   0,    ,    0,    0,    0,    0,
SH, 05, 2013122818, 99, CHIP,  30, 186S, 1184E,  66,  986,   ,   0,    ,    0,    0,    0,    0,
SH, 05, 2013122818, 99, CHIP,  36, 192S, 1180E,  72,  983,   ,   0,    ,    0,    0,    0,    0,
SH, 05, 2013122818, 99, CHIP,  42, 199S, 1178E,  77,  980,   ,   0,    ,    0,    0,    0,    0,
SH, 05, 2013122818, 99, CHIP,  48, 207S, 1177E,  83,  974,   ,   0,    ,    0,    0,    0,    0,
SH, 05, 2013122818, 99, CHIP,  54, 217S, 1183E,  68,  983,   ,   0,    ,    0,    0,    0,    0,
SH, 05, 2013122818, 99, CHIP,  60, 228S, 1190E,  53,  990,   ,   0,    ,    0,    0,    0,    0,
SH, 05, 2013122818, 99, CHIP,  66, 239S, 1196E,  43,  994,   ,   0,    ,    0,    0,    0,    0,
SH, 05, 2013122818, 99, CHIP,  72, 249S, 1203E,  38,  996,   ,   0,    ,    0,    0,    0,    0,
SH, 05, 2013122818, 99, CHIP,  78, 256S, 1213E,  34,  998,   ,   0,    ,    0,    0,    0,    0,
SH, 05, 2013122818, 99, CHIP,  84, 263S, 1223E,  32,  999,   ,   0,    ,    0,    0,    0,    0,
SH, 05, 2013122818, 99, CHIP,  90, 271S, 1233E,  29,  999,   ,   0,    ,    0,    0,    0,    0,
SH, 05, 2013122818, 99, CHIP,  96, 278S, 1243E,  27, 1000,   ,   0,    ,    0,    0,    0,    0,
SH, 05, 2013122818, 99, CHP2,   0, 163S, 1203E,  47,  994,   ,   0,    ,    0,    0,    0,    0,
SH, 05, 2013122818, 99, CHP2,   6, 167S, 1199E,  57,  989,   ,   0,    ,    0,    0,    0,    0,
SH, 05, 2013122818, 99, CHP2,  12, 172S, 1195E,  63,  986,   ,   0,    ,    0,    0,    0,    0,
SH, 05, 2013122818, 99, CHP2,  18, 176S, 1191E,  69,  982,   ,   0,    ,    0,    0,    0,    0,
SH, 05, 2013122818, 99, CHP2,  24, 181S, 1187E,  76,  978,   ,   0,    ,    0,    0,    0,    0,
SH, 05, 2013122818, 99, CHP2,  30, 186S, 1184E,  83,  973,   ,   0,    ,    0,    0,    0,    0,
SH, 05, 2013122818, 99, CHP2,  36, 192S, 1180E,  91,  969,   ,   0,    ,    0,    0,    0,    0,
SH, 05, 2013122818, 99, CHP2,  42, 199S, 1178E,  97,  964,   ,   0,    ,    0,    0,    0,    0,
SH, 05, 2013122818, 99, CHP2,  48, 207S, 1177E, 104,  955,   ,   0,    ,    0,    0,    0,    0,
SH, 05, 2013122818, 99, CHP2,  54, 217S, 1183E,  78,  975,   ,   0,    ,    0,    0,    0,    0,
SH, 05, 2013122818, 99, CHP2,  60, 228S, 1190E,  58,  987,   ,   0,    ,    0,    0,    0,    0,
SH, 05, 2013122818, 99, CHP2,  66, 239S, 1196E,  47,  992,   ,   0,    ,    0,    0,    0,    0,
SH, 05, 2013122818, 99, CHP2,  72, 249S, 1203E,  40,  994,   ,   0,    ,    0,    0,    0,    0,
SH, 05, 2013122818, 99, CHP2,  78, 256S, 1213E,  36,  996,   ,   0,    ,    0,    0,    0,    0,
SH, 05, 2013122818, 99, CHP2,  84, 263S, 1223E,  33,  998,   ,   0,    ,    0,    0,    0,    0,
SH, 05, 2013122818, 99, CHP2,  90, 271S, 1233E,  30,  999,   ,   0,    ,    0,    0,    0,    0,
SH, 05, 2013122818, 99, CHP2,  96, 278S, 1243E,  28, 1000,   ,   0,    ,    0,    0,    0,    0,
SH, 05, 2013122818, 99, CHP3,   0, 163S, 1203E,  38,  998,   ,   0,    ,    0,    0,    0,    0,
SH, 05, 2013122818, 99, CHP3,   6, 167S, 1199E,  42,  996,   ,   0,    ,    0,    0,    0,    0,
SH, 05, 2013122818, 99, CHP3,  12, 172S, 1195E,  47,  994,   ,   0,    ,    0,    0,    0,    0,
SH, 05, 2013122818, 99, CHP3,  18, 176S, 1191E,  52,  992,   ,   0,    ,    0,    0,    0,    0,
SH, 05, 2013122818, 99, CHP3,  24, 181S, 1187E,  58,  990,   ,   0,    ,    0,    0,    0,    0,
SH, 05, 2013122818, 99, CHP3,  30, 186S, 1184E,  63,  987,   ,   0,    ,    0,    0,    0,    0,
SH, 05, 2013122818, 99, CHP3,  36, 192S, 1180E,  69,  984,   ,   0,    ,    0,    0,    0,    0,
SH, 05, 2013122818, 99, CHP3,  42, 199S, 1178E,  74,  982,   ,   0,    ,    0,    0,    0,    0,
SH, 05, 2013122818, 99, CHP3,  48, 207S, 1177E,  80,  976,   ,   0,    ,    0,    0,    0,    0,
SH, 05, 2013122818, 99, CHP3,  54, 217S, 1183E,  66,  984,   ,   0,    ,    0,    0,    0,    0,
SH, 05, 2013122818, 99, CHP3,  60, 228S, 1190E,  52,  991,   ,   0,    ,    0,    0,    0,    0,
SH, 05, 2013122818, 99, CHP3,  66, 239S, 1196E,  43,  994,   ,   0,    ,    0,    0,    0,    0,
SH, 05, 2013122818, 99, CHP3,  72, 249S, 1203E,  38,  997,   ,   0,    ,    0,    0,    0,    0,
SH, 05, 2013122818, 99, CHP3,  78, 256S, 1213E,  34,  998,   ,   0,    ,    0,    0,    0,    0,
SH, 05, 2013122818, 99, CHP3,  84, 263S, 1223E,  31,  999,   ,   0,    ,    0,    0,    0,    0,
SH, 05, 2013122818, 99, CHP3,  90, 271S, 1233E,  29,  999,   ,   0,    ,    0,    0,    0,    0,
SH, 05, 2013122818, 99, CHP3,  96, 278S, 1243E,  27, 1000,   ,   0,    ,    0,    0,    0,    0,
SH, 05, 2013122818, 99, CHP4,   0, 163S, 1203E,  46,  995,   ,   0,    ,    0,    0,    0,    0,
SH, 05, 2013122818, 99, CHP4,   6, 167S, 1199E,  50,  993,   ,   0,    ,    0,    0,    0,    0,
SH, 05, 2013122818, 99, CHP4,  12, 172S, 1195E,  55,  990,   ,   0,    ,    0,    0,    0,    0,
SH, 05, 2013122818, 99, CHP4,  18, 176S, 1191E,  61,  987,   ,   0,    ,    0,    0,    0,    0,
SH, 05, 2013122818, 99, CHP4,  24, 181S, 1187E,  67,  984,   ,   0,    ,    0,    0,    0,    0,
SH, 05, 2013122818, 99, CHP4,  30, 186S, 1184E,  73,  981,   ,   0,    ,    0,    0,    0,    0,
SH, 05, 2013122818, 99, CHP4,  36, 192S, 1180E,  80,  977,   ,   0,    ,    0,    0,    0,    0,
SH, 05, 2013122818, 99, CHP4,  42, 199S, 1178E,  85,  974,   ,   0,    ,    0,    0,    0,    0,
SH, 05, 2013122818, 99, CHP4,  48, 207S, 1177E,  92,  967,   ,   0,    ,    0,    0,    0,    0,
SH, 05, 2013122818, 99, CHP4,  54, 217S, 1183E,  73,  979,   ,   0,    ,    0,    0,    0,    0,
SH, 05, 2013122818, 99, CHP4,  60, 228S, 1190E,  55,  988,   ,   0,    ,    0,    0,    0,    0,
SH, 05, 2013122818, 99, CHP4,  66, 239S, 1196E,  45,  993,   ,   0,    ,    0,    0,    0,    0,
SH, 05, 2013122818, 99, CHP4,  72, 249S, 1203E,  39,  996,   ,   0,    ,    0,    0,    0,    0,
SH, 05, 2013122818, 99, CHP4,  78, 256S, 1213E,  35,  997,   ,   0,    ,    0,    0,    0,    0,
SH, 05, 2013122818, 99, CHP4,  84, 263S, 1223E,  32,  998,   ,   0,    ,    0,    0,    0,    0,
SH, 05, 2013122818, 99, CHP4,  90, 271S, 1233E,  30,  999,   ,   0,    ,    0,    0,    0,    0,
SH, 05, 2013122818, 99, CHP4,  96, 278S, 1243E,  28, 1000,   ,   0,    ,    0,    0,    0,    0,
SH, 05, 2013122818, 99, CHP5,   0, 163S, 1203E,  38,  998,   ,   0,    ,    0,    0,    0,    0,
SH, 05, 2013122818, 99, CHP5,   6, 167S, 1199E,  45,  995,   ,   0,    ,    0,    0,    0,    0,
SH, 05, 2013122818, 99, CHP5,  12, 172S, 1195E,  51,  992,   ,   0,    ,    0,    0,    0,    0,
SH, 05, 2013122818, 99, CHP5,  18, 176S, 1191E,  56,  990,   ,   0,    ,    0,    0,    0,    0,
SH, 05, 2013122818, 99, CHP5,  24, 181S, 1187E,  63,  987,   ,   0,    ,    0,    0,    0,    0,
SH, 05, 2013122818, 99, CHP5,  30, 186S, 1184E,  69,  984,   ,   0,    ,    0,    0,    0,    0,
SH, 05, 2013122818, 99, CHP5,  36, 192S, 1180E,  75,  980,   ,   0,    ,    0,    0,    0,    0,
SH, 05, 2013122818, 99, CHP5,  42, 199S, 1178E,  81,  977,   ,   0,    ,    0,    0,    0,    0,
SH, 05, 2013122818, 99, CHP5,  48, 207S, 1177E,  87,  970,   ,   0,    ,    0,    0,    0,    0,
SH, 05, 2013122818, 99, CHP5,  54, 217S, 1183E,  70,  981,   ,   0,    ,    0,    0,    0,    0,
SH, 05, 2013122818, 99, CHP5,  60, 228S, 1190E,  54,  989,   ,   0,    ,    0,    0,    0,    0,
SH, 05, 2013122818, 99, CHP5,  66, 239S, 1196E,  44,  993,   ,   0,    ,    0,    0,    0,    0,
SH, 05, 2013122818, 99, CHP5,  72, 249S, 1203E,  39,  996,   ,   0,    ,    0,    0,    0,    0,
SH, 05, 2013122818, 99, CHP5,  78, 256S, 1213E,  35,  997,   ,   0,    ,    0,    0,    0,    0,
SH, 05, 2013122818, 99, CHP5,  84, 263S, 1223E,  32,  998,   ,   0,    ,    0,    0,    0,    0,
SH, 05, 2013122818, 99, CHP5,  90, 271S, 1233E,  30,  999,   ,   0,    ,    0,    0,    0,    0,
SH, 05, 2013122818, 99, CHP5,  96, 278S, 1243E,  28, 1000,   ,   0,    ,    0,    0,    0,    0,
SH, 05, 2013122818, 99, CHP6,   0, 163S, 1203E,  43,  996,   ,   0,    ,    0,    0,    0,    0,
SH, 05, 2013122818, 99, CHP6,   6, 167S, 1199E,  57,  989,   ,   0,    ,    0,    0,    0,    0,
SH, 05, 2013122818, 99, CHP6,  12, 172S, 1195E,  72,  980,   ,   0,    ,    0,    0,    0,    0,
SH, 05, 2013122818, 99, CHP6,  18, 176S, 1191E,  88,  968,   ,   0,    ,    0,    0,    0,    0,
SH, 05, 2013122818, 99, CHP6,  24, 181S, 1187E, 111,  948,   ,   0,    ,    0,    0,    0,    0,
SH, 05, 2013122818, 99, CHP6,  30, 186S, 1184E, 134,  923,   ,   0,    ,    0,    0,    0,    0,
SH, 05, 2013122818, 99, CHP6,  36, 192S, 1180E, 148,  907,   ,   0,    ,    0,    0,    0,    0,
SH, 05, 2013122818, 99, CHP6,  42, 199S, 1178E, 156,  896,   ,   0,    ,    0,    0,    0,    0,
SH, 05, 2013122818, 99, CHP6,  48, 207S, 1177E, 170,  874,   ,   0,    ,    0,    0,    0,    0,
SH, 05, 2013122818, 99, CHP6,  54, 217S, 1183E, 116,  932,   ,   0,    ,    0,    0,    0,    0,
SH, 05, 2013122818, 99, CHP6,  60, 228S, 1190E,  73,  972,   ,   0,    ,    0,    0,    0,    0,
SH, 05, 2013122818, 99, CHP6,  66, 239S, 1196E,  54,  986,   ,   0,    ,    0,    0,    0,    0,
SH, 05, 2013122818, 99, CHP6,  72, 249S, 1203E,  45,  990,   ,   0,    ,    0,    0,    0,    0,
SH, 05, 2013122818, 99, CHP6,  78, 256S, 1213E,  40,  994,   ,   0,    ,    0,    0,    0,    0,
SH, 05, 2013122818, 99, CHP6,  84, 263S, 1223E,  35,  996,   ,   0,    ,    0,    0,    0,    0,
SH, 05, 2013122818, 99, CHP6,  90, 271S, 1233E,  32,  996,   ,   0,    ,    0,    0,    0,    0,
SH, 05, 2013122818, 99, CHP6,  96, 278S, 1243E,  30,  997,   ,   0,    ,    0,    0,    0,    0,
SH, 05, 2013122818, 99, CHP7,   0, 163S, 1203E,  40,  997,   ,   0,    ,    0,    0,    0,    0,
SH, 05, 2013122818, 99, CHP7,   6, 167S, 1199E,  42,  996,   ,   0,    ,    0,    0,    0,    0,
SH, 05, 2013122818, 99, CHP7,  12, 172S, 1195E,  45,  995,   ,   0,    ,    0,    0,    0,    0,
SH, 05, 2013122818, 99, CHP7,  18, 176S, 1191E,  48,  994,   ,   0,    ,    0,    0,    0,    0,
SH, 05, 2013122818, 99, CHP7,  24, 181S, 1187E,  52,  993,   ,   0,    ,    0,    0,    0,    0,
SH, 05, 2013122818, 99, CHP7,  30, 186S, 1184E,  55,  991,   ,   0,    ,    0,    0,    0,    0,
SH, 05, 2013122818, 99, CHP7,  36, 192S, 1180E,  59,  991,   ,   0,    ,    0,    0,    0,    0,
SH, 05, 2013122818, 99, CHP7,  42, 199S, 1178E,  61,  990,   ,   0,    ,    0,    0,    0,    0,
SH, 05, 2013122818, 99, CHP7,  48, 207S, 1177E,  61,  988,   ,   0,    ,    0,    0,    0,    0,
SH, 05, 2013122818, 99, CHP7,  54, 217S, 1183E,  52,  992,   ,   0,    ,    0,    0,    0,    0,
SH, 05, 2013122818, 99, CHP7,  60, 228S, 1190E,  43,  995,   ,   0,    ,    0,    0,    0,    0,
SH, 05, 2013122818, 99, CHP7,  66, 239S, 1196E,  37,  998,   ,   0,    ,    0,    0,    0,    0,
SH, 05, 2013122818, 99, CHP7,  72, 249S, 1203E,  34,  998,   ,   0,    ,    0,    0,    0,    0,
SH, 05, 2013122818, 99, CHP7,  78, 256S, 1213E,  31,  999,   ,   0,    ,    0,    0,    0,    0,
SH, 05, 2013122818, 99, CHP7,  84, 263S, 1223E,  29, 1000,   ,   0,    ,    0,    0,    0,    0,
SH, 05, 2013122818, 99, CHP7,  90, 271S, 1233E,  27, 1001,   ,   0,    ,    0,    0,    0,    0,
SH, 05, 2013122818, 99, CHP7,  96, 278S, 1243E,  25, 1001,   ,   0,    ,    0,    0,    0,    0,
SH, 05, 2013122900, 99, CHIP,   0, 166S, 1201E,  53,  994,   ,   0,    ,    0,    0,    0,    0,
SH, 05, 2013122900, 99, CHIP,   6, 171S, 1198E,  58,  990,   ,   0,    ,    0,    0,    0,    0,
SH, 05, 2013122900, 99, CHIP,  12, 177S, 1194E,  63,  987,   ,   0,    ,    0,    0,    0,    0,
SH, 05, 2013122900, 99, CHIP,  18, 182S, 1190E,  67,  985,   ,   0,    ,    0,    0,    0,    0,
SH, 05, 2013122900, 99, CHIP,  24, 187S, 1186E,  71,  983,   ,   0,    ,    0,    0,    0,    0,
SH, 05, 2013122900, 99, CHIP,  30, 194S, 1183E,  74,  981,   ,   0,    ,    0,    0,    0,    0,
SH, 05, 2013122900, 99, CHIP,  36, 202S, 1180E,  79,  980,   ,   0,    ,    0,    0,    0,    0,
SH, 05, 2013122900, 99, CHIP,  42, 212S, 1181E,  71,  985,   ,   0,    ,    0,    0,    0,    0,
SH, 05, 2013122900, 99, CHIP,  48, 222S, 1182E,  54,  991,   ,   0,    ,    0,    0,    0,    0,
SH, 05, 2013122900, 99, CHIP,  54, 234S, 1194E,  43,  995,   ,   0,    ,    0,    0,    0,    0,
SH, 05, 2013122900, 99, CHIP,  60, 245S, 1206E,  38,  997,   ,   0,    ,    0,    0,    0,    0,
SH, 05, 2013122900, 99, CHIP,  66, 257S, 1218E,  34,  998,   ,   0,    ,    0,    0,    0,    0,
SH, 05, 2013122900, 99, CHIP,  72, 268S, 1230E,  31,  999,   ,   0,    ,    0,    0,    0,    0,
SH, 05, 2013122900, 99, CHP2,   0, 166S, 1201E,  57,  989,   ,   0,    ,    0,    0,    0,    0,
SH, 05, 2013122900, 99, CHP2,   6, 171S, 1198E,  66,  984,   ,   0,    ,    0,    0,    0,    0,
SH, 05, 2013122900, 99, CHP2,  12, 177S, 1194E,  72,  981,   ,   0,    ,    0,    0,    0,    0,
SH, 05, 2013122900, 99, CHP2,  18, 182S, 1190E,  76,  978,   ,   0,    ,    0,    0,    0,    0,
SH, 05, 2013122900, 99, CHP2,  24, 187S, 1186E,  81,  976,   ,   0,    ,    0,    0,    0,    0,
SH, 05, 2013122900, 99, CHP2,  30, 194S, 1183E,  84,  973,   ,   0,    ,    0,    0,    0,    0,
SH, 05, 2013122900, 99, CHP2,  36, 202S, 1180E,  89,  972,   ,   0,    ,    0,    0,    0,    0,
SH, 05, 2013122900, 99, CHP2,  42, 212S, 1181E,  78,  979,   ,   0,    ,    0,    0,    0,    0,
SH, 05, 2013122900, 99, CHP2,  48, 222S, 1182E,  58,  988,   ,   0,    ,    0,    0,    0,    0,
SH, 05, 2013122900, 99, CHP2,  54, 234S, 1194E,  46,  993,   ,   0,    ,    0,    0,    0,    0,
SH, 05, 2013122900, 99, CHP2,  60, 245S, 1206E,  39,  996,   ,   0,    ,    0,    0,    0,    0,
SH, 05, 2013122900, 99, CHP2,  66, 257S, 1218E,  35,  997,   ,   0,    ,    0,    0,    0,    0,
SH, 05, 2013122900, 99, CHP2,  72, 268S, 1230E,  32,  998,   ,   0,    ,    0,    0,    0,    0,
SH, 05, 2013122900, 99, CHP3,   0, 166S, 1201E,  48,  994,   ,   0,    ,    0,    0,    0,    0,
SH, 05, 2013122900, 99, CHP3,   6, 171S, 1198E,  54,  991,   ,   0,    ,    0,    0,    0,    0,
SH, 05, 2013122900, 99, CHP3,  12, 177S, 1194E,  59,  988,   ,   0,    ,    0,    0,    0,    0,
SH, 05, 2013122900, 99, CHP3,  18, 182S, 1190E,  63,  986,   ,   0,    ,    0,    0,    0,    0,
SH, 05, 2013122900, 99, CHP3,  24, 187S, 1186E,  68,  984,   ,   0,    ,    0,    0,    0,    0,
SH, 05, 2013122900, 99, CHP3,  30, 194S, 1183E,  71,  983,   ,   0,    ,    0,    0,    0,    0,
SH, 05, 2013122900, 99, CHP3,  36, 202S, 1180E,  76,  981,   ,   0,    ,    0,    0,    0,    0,
SH, 05, 2013122900, 99, CHP3,  42, 212S, 1181E,  69,  985,   ,   0,    ,    0,    0,    0,    0,
SH, 05, 2013122900, 99, CHP3,  48, 222S, 1182E,  53,  991,   ,   0,    ,    0,    0,    0,    0,
SH, 05, 2013122900, 99, CHP3,  54, 234S, 1194E,  42,  995,   ,   0,    ,    0,    0,    0,    0,
SH, 05, 2013122900, 99, CHP3,  60, 245S, 1206E,  38,  997,   ,   0,    ,    0,    0,    0,    0,
SH, 05, 2013122900, 99, CHP3,  66, 257S, 1218E,  34,  998,   ,   0,    ,    0,    0,    0,    0,
SH, 05, 2013122900, 99, CHP3,  72, 268S, 1230E,  31,  999,   ,   0,    ,    0,    0,    0,    0,
SH, 05, 2013122900, 99, CHP4,   0, 166S, 1201E,  55,  990,   ,   0,    ,    0,    0,    0,    0,
SH, 05, 2013122900, 99, CHP4,   6, 171S, 1198E,  61,  987,   ,   0,    ,    0,    0,    0,    0,
SH, 05, 2013122900, 99, CHP4,  12, 177S, 1194E,  66,  984,   ,   0,    ,    0,    0,    0,    0,
SH, 05, 2013122900, 99, CHP4,  18, 182S, 1190E,  70,  982,   ,   0,    ,    0,    0,    0,    0,
SH, 05, 2013122900, 99, CHP4,  24, 187S, 1186E,  75,  980,   ,   0,    ,    0,    0,    0,    0,
SH, 05, 2013122900, 99, CHP4,  30, 194S, 1183E,  79,  978,   ,   0,    ,    0,    0,    0,    0,
SH, 05, 2013122900, 99, CHP4,  36, 202S, 1180E,  83,  976,   ,   0,    ,    0,    0,    0,    0,
SH, 05, 2013122900, 99, CHP4,  42, 212S, 1181E,  74,  982,   ,   0,    ,    0,    0,    0,    0,
SH, 05, 2013122900, 99, CHP4,  48, 222S, 1182E,  56,  990,   ,   0,    ,    0,    0,    0,    0,
SH, 05, 2013122900, 99, CHP4,  54, 234S, 1194E,  44,  993,   ,   0,    ,    0,    0,    0,    0,
SH, 05, 2013122900, 99, CHP4,  60, 245S, 1206E,  39,  996,   ,   0,    ,    0,    0,    0,    0,
SH, 05, 2013122900, 99, CHP4,  66, 257S, 1218E,  34,  998,   ,   0,    ,    0,    0,    0,    0,
SH, 05, 2013122900, 99, CHP4,  72, 268S, 1230E,  32,  998,   ,   0,    ,    0,    0,    0,    0,
SH, 05, 2013122900, 99, CHP5,   0, 166S, 1201E,  48,  994,   ,   0,    ,    0,    0,    0,    0,
SH, 05, 2013122900, 99, CHP5,   6, 171S, 1198E,  56,  990,   ,   0,    ,    0,    0,    0,    0,
SH, 05, 2013122900, 99, CHP5,  12, 177S, 1194E,  62,  987,   ,   0,    ,    0,    0,    0,    0,
SH, 05, 2013122900, 99, CHP5,  18, 182S, 1190E,  66,  984,   ,   0,    ,    0,    0,    0,    0,
SH, 05, 2013122900, 99, CHP5,  24, 187S, 1186E,  71,  982,   ,   0,    ,    0,    0,    0,    0,
SH, 05, 2013122900, 99, CHP5,  30, 194S, 1183E,  74,  981,   ,   0,    ,    0,    0,    0,    0,
SH, 05, 2013122900, 99, CHP5,  36, 202S, 1180E,  79,  979,   ,   0,    ,    0,    0,    0,    0,
SH, 05, 2013122900, 99, CHP5,  42, 212S, 1181E,  71,  984,   ,   0,    ,    0,    0,    0,    0,
SH, 05, 2013122900, 99, CHP5,  48, 222S, 1182E,  54,  991,   ,   0,    ,    0,    0,    0,    0,
SH, 05, 2013122900, 99, CHP5,  54, 234S, 1194E,  43,  994,   ,   0,    ,    0,    0,    0,    0,
SH, 05, 2013122900, 99, CHP5,  60, 245S, 1206E,  38,  997,   ,   0,    ,    0,    0,    0,    0,
SH, 05, 2013122900, 99, CHP5,  66, 257S, 1218E,  34,  998,   ,   0,    ,    0,    0,    0,    0,
SH, 05, 2013122900, 99, CHP5,  72, 268S, 1230E,  31,  999,   ,   0,    ,    0,    0,    0,    0,
SH, 05, 2013122900, 99, CHP6,   0, 166S, 1201E,  54,  991,   ,   0,    ,    0,    0,    0,    0,
SH, 05, 2013122900, 99, CHP6,   6, 171S, 1198E,  68,  983,   ,   0,    ,    0,    0,    0,    0,
SH, 05, 2013122900, 99, CHP6,  12, 177S, 1194E,  81,  974,   ,   0,    ,    0,    0,    0,    0,
SH, 05, 2013122900, 99, CHP6,  18, 182S, 1190E,  92,  965,   ,   0,    ,    0,    0,    0,    0,
SH, 05, 2013122900, 99, CHP6,  24, 187S, 1186E, 104,  956,   ,   0,    ,    0,    0,    0,    0,
SH, 05, 2013122900, 99, CHP6,  30, 194S, 1183E, 116,  944,   ,   0,    ,    0,    0,    0,    0,
SH, 05, 2013122900, 99, CHP6,  36, 202S, 1180E, 127,  934,   ,   0,    ,    0,    0,    0,    0,
SH, 05, 2013122900, 99, CHP6,  42, 212S, 1181E, 106,  955,   ,   0,    ,    0,    0,    0,    0,
SH, 05, 2013122900, 99, CHP6,  48, 222S, 1182E,  72,  978,   ,   0,    ,    0,    0,    0,    0,
SH, 05, 2013122900, 99, CHP6,  54, 234S, 1194E,  54,  988,   ,   0,    ,    0,    0,    0,    0,
SH, 05, 2013122900, 99, CHP6,  60, 245S, 1206E,  44,  992,   ,   0,    ,    0,    0,    0,    0,
SH, 05, 2013122900, 99, CHP6,  66, 257S, 1218E,  39,  995,   ,   0,    ,    0,    0,    0,    0,
SH, 05, 2013122900, 99, CHP6,  72, 268S, 1230E,  35,  997,   ,   0,    ,    0,    0,    0,    0,
SH, 05, 2013122900, 99, CHP7,   0, 166S, 1201E,  50,  993,   ,   0,    ,    0,    0,    0,    0,
SH, 05, 2013122900, 99, CHP7,   6, 171S, 1198E,  52,  992,   ,   0,    ,    0,    0,    0,    0,
SH, 05, 2013122900, 99, CHP7,  12, 177S, 1194E,  54,  991,   ,   0,    ,    0,    0,    0,    0,
SH, 05, 2013122900, 99, CHP7,  18, 182S, 1190E,  56,  990,   ,   0,    ,    0,    0,    0,    0,
SH, 05, 2013122900, 99, CHP7,  24, 187S, 1186E,  59,  990,   ,   0,    ,    0,    0,    0,    0,
SH, 05, 2013122900, 99, CHP7,  30, 194S, 1183E,  60,  989,   ,   0,    ,    0,    0,    0,    0,
SH, 05, 2013122900, 99, CHP7,  36, 202S, 1180E,  63,  989,   ,   0,    ,    0,    0,    0,    0,
SH, 05, 2013122900, 99, CHP7,  42, 212S, 1181E,  58,  992,   ,   0,    ,    0,    0,    0,    0,
SH, 05, 2013122900, 99, CHP7,  48, 222S, 1182E,  45,  995,   ,   0,    ,    0,    0,    0,    0,
SH, 05, 2013122900, 99, CHP7,  54, 234S, 1194E,  38,  997,   ,   0,    ,    0,    0,    0,    0,
SH, 05, 2013122900, 99, CHP7,  60, 245S, 1206E,  34,  998,   ,   0,    ,    0,    0,    0,    0,
SH, 05, 2013122900, 99, CHP7,  66, 257S, 1218E,  31,  999,   ,   0,    ,    0,    0,    0,    0,
SH, 05, 2013122900, 99, CHP7,  72, 268S, 1230E,  29, 1000,   ,   0,    ,    0,    0,    0,    0,
SH, 05, 2013122906, 99, CHIP,   0, 171S, 1196E,  56,  990,   ,   0,    ,    0,    0,    0,    0,
SH, 05, 2013122906, 99, CHIP,   6, 176S, 1193E,  64,  985,   ,   0,    ,    0,    0,    0,    0,
SH, 05, 2013122906, 99, CHIP,  12, 181S, 1189E,  73,  979,   ,   0,    ,    0,    0,    0,    0,
SH, 05, 2013122906, 99, CHIP,  18, 187S, 1186E,  82,  973,   ,   0,    ,    0,    0,    0,    0,
SH, 05, 2013122906, 99, CHIP,  24, 194S, 1182E,  91,  967,   ,   0,    ,    0,    0,    0,    0,
SH, 05, 2013122906, 99, CHIP,  30, 202S, 1181E,  99,  961,   ,   0,    ,    0,    0,    0,    0,
SH, 05, 2013122906, 99, CHIP,  36, 211S, 1180E,  86,  971,   ,   0,    ,    0,    0,    0,    0,
SH, 05, 2013122906, 99, CHIP,  42, 221S, 1186E,  65,  985,   ,   0,    ,    0,    0,    0,    0,
SH, 05, 2013122906, 99, CHIP,  48, 232S, 1192E,  49,  991,   ,   0,    ,    0,    0,    0,    0,
SH, 05, 2013122906, 99, CHIP,  54, 240S, 1201E,  40,  995,   ,   0,    ,    0,    0,    0,    0,
SH, 05, 2013122906, 99, CHIP,  60, 248S, 1210E,  36,  996,   ,   0,    ,    0,    0,    0,    0,
SH, 05, 2013122906, 99, CHIP,  66, 256S, 1220E,  32,  998,   ,   0,    ,    0,    0,    0,    0,
SH, 05, 2013122906, 99, CHIP,  72, 264S, 1229E,  29,  999,   ,   0,    ,    0,    0,    0,    0,
SH, 05, 2013122906, 99, CHP2,   0, 171S, 1196E,  61,  988,   ,   0,    ,    0,    0,    0,    0,
SH, 05, 2013122906, 99, CHP2,   6, 176S, 1193E,  72,  980,   ,   0,    ,    0,    0,    0,    0,
SH, 05, 2013122906, 99, CHP2,  12, 181S, 1189E,  84,  972,   ,   0,    ,    0,    0,    0,    0,
SH, 05, 2013122906, 99, CHP2,  18, 187S, 1186E,  95,  963,   ,   0,    ,    0,    0,    0,    0,
SH, 05, 2013122906, 99, CHP2,  24, 194S, 1182E, 105,  954,   ,   0,    ,    0,    0,    0,    0,
SH, 05, 2013122906, 99, CHP2,  30, 202S, 1181E, 114,  947,   ,   0,    ,    0,    0,    0,    0,
SH, 05, 2013122906, 99, CHP2,  36, 211S, 1180E,  94,  964,   ,   0,    ,    0,    0,    0,    0,
SH, 05, 2013122906, 99, CHP2,  42, 221S, 1186E,  68,  982,   ,   0,    ,    0,    0,    0,    0,
SH, 05, 2013122906, 99, CHP2,  48, 232S, 1192E,  51,  989,   ,   0,    ,    0,    0,    0,    0,
SH, 05, 2013122906, 99, CHP2,  54, 240S, 1201E,  42,  993,   ,   0,    ,    0,    0,    0,    0,
SH, 05, 2013122906, 99, CHP2,  60, 248S, 1210E,  37,  995,   ,   0,    ,    0,    0,    0,    0,
SH, 05, 2013122906, 99, CHP2,  66, 256S, 1220E,  33,  997,   ,   0,    ,    0,    0,    0,    0,
SH, 05, 2013122906, 99, CHP2,  72, 264S, 1229E,  30,  998,   ,   0,    ,    0,    0,    0,    0,
SH, 05, 2013122906, 99, CHP3,   0, 171S, 1196E,  52,  992,   ,   0,    ,    0,    0,    0,    0,
SH, 05, 2013122906, 99, CHP3,   6, 176S, 1193E,  55,  991,   ,   0,    ,    0,    0,    0,    0,
SH, 05, 2013122906, 99, CHP3,  12, 181S, 1189E,  61,  987,   ,   0,    ,    0,    0,    0,    0,
SH, 05, 2013122906, 99, CHP3,  18, 187S, 1186E,  68,  983,   ,   0,    ,    0,    0,    0,    0,
SH, 05, 2013122906, 99, CHP3,  24, 194S, 1182E,  76,  979,   ,   0,    ,    0,    0,    0,    0,
SH, 05, 2013122906, 99, CHP3,  30, 202S, 1181E,  82,  975,   ,   0,    ,    0,    0,    0,    0,
SH, 05, 2013122906, 99, CHP3,  36, 211S, 1180E,  75,  980,   ,   0,    ,    0,    0,    0,    0,
SH, 05, 2013122906, 99, CHP3,  42, 221S, 1186E,  59,  988,   ,   0,    ,    0,    0,    0,    0,
SH, 05, 2013122906, 99, CHP3,  48, 232S, 1192E,  46,  993,   ,   0,    ,    0,    0,    0,    0,
SH, 05, 2013122906, 99, CHP3,  54, 240S, 1201E,  39,  996,   ,   0,    ,    0,    0,    0,    0,
SH, 05, 2013122906, 99, CHP3,  60, 248S, 1210E,  34,  998,   ,   0,    ,    0,    0,    0,    0,
SH, 05, 2013122906, 99, CHP3,  66, 256S, 1220E,  31,  998,   ,   0,    ,    0,    0,    0,    0,
SH, 05, 2013122906, 99, CHP3,  72, 264S, 1229E,  29,  999,   ,   0,    ,    0,    0,    0,    0,
SH, 05, 2013122906, 99, CHP4,   0, 171S, 1196E,  58,  989,   ,   0,    ,    0,    0,    0,    0,
SH, 05, 2013122906, 99, CHP4,   6, 176S, 1193E,  62,  986,   ,   0,    ,    0,    0,    0,    0,
SH, 05, 2013122906, 99, CHP4,  12, 181S, 1189E,  70,  982,   ,   0,    ,    0,    0,    0,    0,
SH, 05, 2013122906, 99, CHP4,  18, 187S, 1186E,  79,  976,   ,   0,    ,    0,    0,    0,    0,
SH, 05, 2013122906, 99, CHP4,  24, 194S, 1182E,  87,  970,   ,   0,    ,    0,    0,    0,    0,
SH, 05, 2013122906, 99, CHP4,  30, 202S, 1181E,  95,  964,   ,   0,    ,    0,    0,    0,    0,
SH, 05, 2013122906, 99, CHP4,  36, 211S, 1180E,  84,  973,   ,   0,    ,    0,    0,    0,    0,
SH, 05, 2013122906, 99, CHP4,  42, 221S, 1186E,  64,  985,   ,   0,    ,    0,    0,    0,    0,
SH, 05, 2013122906, 99, CHP4,  48, 232S, 1192E,  49,  991,   ,   0,    ,    0,    0,    0,    0,
SH, 05, 2013122906, 99, CHP4,  54, 240S, 1201E,  40,  995,   ,   0,    ,    0,    0,    0,    0,
SH, 05, 2013122906, 99, CHP4,  60, 248S, 1210E,  35,  996,   ,   0,    ,    0,    0,    0,    0,
SH, 05, 2013122906, 99, CHP4,  66, 256S, 1220E,  32,  998,   ,   0,    ,    0,    0,    0,    0,
SH, 05, 2013122906, 99, CHP4,  72, 264S, 1229E,  29,  999,   ,   0,    ,    0,    0,    0,    0,
SH, 05, 2013122906, 99, CHP5,   0, 171S, 1196E,  54,  991,   ,   0,    ,    0,    0,    0,    0,
SH, 05, 2013122906, 99, CHP5,   6, 176S, 1193E,  63,  986,   ,   0,    ,    0,    0,    0,    0,
SH, 05, 2013122906, 99, CHP5,  12, 181S, 1189E,  73,  980,   ,   0,    ,    0,    0,    0,    0,
SH, 05, 2013122906, 99, CHP5,  18, 187S, 1186E,  83,  973,   ,   0,    ,    0,    0,    0,    0,
SH, 05, 2013122906, 99, CHP5,  24, 194S, 1182E,  93,  966,   ,   0,    ,    0,    0,    0,    0,
SH, 05, 2013122906, 99, CHP5,  30, 202S, 1181E, 100,  960,   ,   0,    ,    0,    0,    0,    0,
SH, 05, 2013122906, 99, CHP5,  36, 211S, 1180E,  87,  971,   ,   0,    ,    0,    0,    0,    0,
SH, 05, 2013122906, 99, CHP5,  42, 221S, 1186E,  65,  984,   ,   0,    ,    0,    0,    0,    0,
SH, 05, 2013122906, 99, CHP5,  48, 232S, 1192E,  50,  991,   ,   0,    ,    0,    0,    0,    0,
SH, 05, 2013122906, 99, CHP5,  54, 240S, 1201E,  41,  995,   ,   0,    ,    0,    0,    0,    0,
SH, 05, 2013122906, 99, CHP5,  60, 248S, 1210E,  36,  996,   ,   0,    ,    0,    0,    0,    0,
SH, 05, 2013122906, 99, CHP5,  66, 256S, 1220E,  32,  998,   ,   0,    ,    0,    0,    0,    0,
SH, 05, 2013122906, 99, CHP5,  72, 264S, 1229E,  30,  999,   ,   0,    ,    0,    0,    0,    0,
SH, 05, 2013122906, 99, CHP6,   0, 171S, 1196E,  57,  989,   ,   0,    ,    0,    0,    0,    0,
SH, 05, 2013122906, 99, CHP6,   6, 176S, 1193E,  74,  979,   ,   0,    ,    0,    0,    0,    0,
SH, 05, 2013122906, 99, CHP6,  12, 181S, 1189E,  99,  959,   ,   0,    ,    0,    0,    0,    0,
SH, 05, 2013122906, 99, CHP6,  18, 187S, 1186E, 131,  925,   ,   0,    ,    0,    0,    0,    0,
SH, 05, 2013122906, 99, CHP6,  24, 194S, 1182E, 160,  889,   ,   0,    ,    0,    0,    0,    0,
SH, 05, 2013122906, 99, CHP6,  30, 202S, 1181E, 171,  873,   ,   0,    ,    0,    0,    0,    0,
SH, 05, 2013122906, 99, CHP6,  36, 211S, 1180E, 130,  918,   ,   0,    ,    0,    0,    0,    0,
SH, 05, 2013122906, 99, CHP6,  42, 221S, 1186E,  83,  970,   ,   0,    ,    0,    0,    0,    0,
SH, 05, 2013122906, 99, CHP6,  48, 232S, 1192E,  58,  984,   ,   0,    ,    0,    0,    0,    0,
SH, 05, 2013122906, 99, CHP6,  54, 240S, 1201E,  46,  989,   ,   0,    ,    0,    0,    0,    0,
SH, 05, 2013122906, 99, CHP6,  60, 248S, 1210E,  40,  993,   ,   0,    ,    0,    0,    0,    0,
SH, 05, 2013122906, 99, CHP6,  66, 256S, 1220E,  35,  995,   ,   0,    ,    0,    0,    0,    0,
SH, 05, 2013122906, 99, CHP6,  72, 264S, 1229E,  32,  996,   ,   0,    ,    0,    0,    0,    0,
SH, 05, 2013122906, 99, CHP7,   0, 171S, 1196E,  53,  992,   ,   0,    ,    0,    0,    0,    0,
SH, 05, 2013122906, 99, CHP7,   6, 176S, 1193E,  51,  992,   ,   0,    ,    0,    0,    0,    0,
SH, 05, 2013122906, 99, CHP7,  12, 181S, 1189E,  53,  992,   ,   0,    ,    0,    0,    0,    0,
SH, 05, 2013122906, 99, CHP7,  18, 187S, 1186E,  56,  991,   ,   0,    ,    0,    0,    0,    0,
SH, 05, 2013122906, 99, CHP7,  24, 194S, 1182E,  59,  990,   ,   0,    ,    0,    0,    0,    0,
SH, 05, 2013122906, 99, CHP7,  30, 202S, 1181E,  61,  989,   ,   0,    ,    0,    0,    0,    0,
SH, 05, 2013122906, 99, CHP7,  36, 211S, 1180E,  57,  991,   ,   0,    ,    0,    0,    0,    0,
SH, 05, 2013122906, 99, CHP7,  42, 221S, 1186E,  47,  995,   ,   0,    ,    0,    0,    0,    0,
SH, 05, 2013122906, 99, CHP7,  48, 232S, 1192E,  39,  997,   ,   0,    ,    0,    0,    0,    0,
SH, 05, 2013122906, 99, CHP7,  54, 240S, 1201E,  33,  998,   ,   0,    ,    0,    0,    0,    0,
SH, 05, 2013122906, 99, CHP7,  60, 248S, 1210E,  30,  999,   ,   0,    ,    0,    0,    0,    0,
SH, 05, 2013122906, 99, CHP7,  66, 256S, 1220E,  28, 1000,   ,   0,    ,    0,    0,    0,    0,
SH, 05, 2013122906, 99, CHP7,  72, 264S, 1229E,  26, 1001,   ,   0,    ,    0,    0,    0,    0,
SH, 05, 2013122912, 99, CHIP,   0, 177S, 1192E,  60,  988,   ,   0,    ,    0,    0,    0,    0,
SH, 05, 2013122912, 99, CHIP,   6, 182S, 1188E,  64,  985,   ,   0,    ,    0,    0,    0,    0,
SH, 05, 2013122912, 99, CHIP,  12, 188S, 1184E,  68,  983,   ,   0,    ,    0,    0,    0,    0,
SH, 05, 2013122912, 99, CHIP,  18, 196S, 1182E,  70,  982,   ,   0,    ,    0,    0,    0,    0,
SH, 05, 2013122912, 99, CHIP,  24, 205S, 1180E,  74,  981,   ,   0,    ,    0,    0,    0,    0,
SH, 05, 2013122912, 99, CHIP,  30, 213S, 1180E,  62,  988,   ,   0,    ,    0,    0,    0,    0,
SH, 05, 2013122912, 99, CHIP,  36, 222S, 1181E,  52,  993,   ,   0,    ,    0,    0,    0,    0,
SH, 05, 2013122912, 99, CHIP,  42, 233S, 1187E,  45,  995,   ,   0,    ,    0,    0,    0,    0,
SH, 05, 2013122912, 99, CHIP,  48, 244S, 1194E,  38,  997,   ,   0,    ,    0,    0,    0,    0,
SH, 05, 2013122912, 99, CHIP,  54, 252S, 1207E,  33,  999,   ,   0,    ,    0,    0,    0,    0,
SH, 05, 2013122912, 99, CHIP,  60, 260S, 1221E,  30,  999,   ,   0,    ,    0,    0,    0,    0,
SH, 05, 2013122912, 99, CHIP,  66, 269S, 1234E,  28, 1000,   ,   0,    ,    0,    0,    0,    0,
SH, 05, 2013122912, 99, CHIP,  72, 277S, 1247E,  26, 1000,   ,   0,    ,    0,    0,    0,    0,
SH, 05, 2013122912, 99, CHP2,   0, 177S, 1192E,  63,  987,   ,   0,    ,    0,    0,    0,    0,
SH, 05, 2013122912, 99, CHP2,   6, 182S, 1188E,  70,  982,   ,   0,    ,    0,    0,    0,    0,
SH, 05, 2013122912, 99, CHP2,  12, 188S, 1184E,  75,  979,   ,   0,    ,    0,    0,    0,    0,
SH, 05, 2013122912, 99, CHP2,  18, 196S, 1182E,  78,  977,   ,   0,    ,    0,    0,    0,    0,
SH, 05, 2013122912, 99, CHP2,  24, 205S, 1180E,  82,  975,   ,   0,    ,    0,    0,    0,    0,
SH, 05, 2013122912, 99, CHP2,  30, 213S, 1180E,  66,  985,   ,   0,    ,    0,    0,    0,    0,
SH, 05, 2013122912, 99, CHP2,  36, 222S, 1181E,  55,  991,   ,   0,    ,    0,    0,    0,    0,
SH, 05, 2013122912, 99, CHP2,  42, 233S, 1187E,  47,  994,   ,   0,    ,    0,    0,    0,    0,
SH, 05, 2013122912, 99, CHP2,  48, 244S, 1194E,  39,  997,   ,   0,    ,    0,    0,    0,    0,
SH, 05, 2013122912, 99, CHP2,  54, 252S, 1207E,  34,  998,   ,   0,    ,    0,    0,    0,    0,
SH, 05, 2013122912, 99, CHP2,  60, 260S, 1221E,  31,  999,   ,   0,    ,    0,    0,    0,    0,
SH, 05, 2013122912, 99, CHP2,  66, 269S, 1234E,  29, 1000,   ,   0,    ,    0,    0,    0,    0,
SH, 05, 2013122912, 99, CHP2,  72, 277S, 1247E,  27, 1000,   ,   0,    ,    0,    0,    0,    0,
SH, 05, 2013122912, 99, CHP3,   0, 177S, 1192E,  56,  991,   ,   0,    ,    0,    0,    0,    0,
SH, 05, 2013122912, 99, CHP3,   6, 182S, 1188E,  57,  989,   ,   0,    ,    0,    0,    0,    0,
SH, 05, 2013122912, 99, CHP3,  12, 188S, 1184E,  61,  988,   ,   0,    ,    0,    0,    0,    0,
SH, 05, 2013122912, 99, CHP3,  18, 196S, 1182E,  63,  987,   ,   0,    ,    0,    0,    0,    0,
SH, 05, 2013122912, 99, CHP3,  24, 205S, 1180E,  67,  985,   ,   0,    ,    0,    0,    0,    0,
SH, 05, 2013122912, 99, CHP3,  30, 213S, 1180E,  58,  990,   ,   0,    ,    0,    0,    0,    0,
SH, 05, 2013122912, 99, CHP3,  36, 222S, 1181E,  50,  994,   ,   0,    ,    0,    0,    0,    0,
SH, 05, 2013122912, 99, CHP3,  42, 233S, 1187E,  43,  997,   ,   0,    ,    0,    0,    0,    0,
SH, 05, 2013122912, 99, CHP3,  48, 244S, 1194E,  37,  998,   ,   0,    ,    0,    0,    0,    0,
SH, 05, 2013122912, 99, CHP3,  54, 252S, 1207E,  32,  999,   ,   0,    ,    0,    0,    0,    0,
SH, 05, 2013122912, 99, CHP3,  60, 260S, 1221E,  29, 1000,   ,   0,    ,    0,    0,    0,    0,
SH, 05, 2013122912, 99, CHP3,  66, 269S, 1234E,  27, 1000,   ,   0,    ,    0,    0,    0,    0,
SH, 05, 2013122912, 99, CHP3,  72, 277S, 1247E,  26, 1001,   ,   0,    ,    0,    0,    0,    0,
SH, 05, 2013122912, 99, CHP4,   0, 177S, 1192E,  62,  987,   ,   0,    ,    0,    0,    0,    0,
SH, 05, 2013122912, 99, CHP4,   6, 182S, 1188E,  66,  984,   ,   0,    ,    0,    0,    0,    0,
SH, 05, 2013122912, 99, CHP4,  12, 188S, 1184E,  70,  982,   ,   0,    ,    0,    0,    0,    0,
SH, 05, 2013122912, 99, CHP4,  18, 196S, 1182E,  73,  980,   ,   0,    ,    0,    0,    0,    0,
SH, 05, 2013122912, 99, CHP4,  24, 205S, 1180E,  77,  979,   ,   0,    ,    0,    0,    0,    0,
SH, 05, 2013122912, 99, CHP4,  30, 213S, 1180E,  64,  987,   ,   0,    ,    0,    0,    0,    0,
SH, 05, 2013122912, 99, CHP4,  36, 222S, 1181E,  53,  992,   ,   0,    ,    0,    0,    0,    0,
SH, 05, 2013122912, 99, CHP4,  42, 233S, 1187E,  46,  995,   ,   0,    ,    0,    0,    0,    0,
SH, 05, 2013122912, 99, CHP4,  48, 244S, 1194E,  38,  997,   ,   0,    ,    0,    0,    0,    0,
SH, 05, 2013122912, 99, CHP4,  54, 252S, 1207E,  33,  999,   ,   0,    ,    0,    0,    0,    0,
SH, 05, 2013122912, 99, CHP4,  60, 260S, 1221E,  30,  999,   ,   0,    ,    0,    0,    0,    0,
SH, 05, 2013122912, 99, CHP4,  66, 269S, 1234E,  28, 1000,   ,   0,    ,    0,    0,    0,    0,
SH, 05, 2013122912, 99, CHP4,  72, 277S, 1247E,  27, 1000,   ,   0,    ,    0,    0,    0,    0,
SH, 05, 2013122912, 99, CHP5,   0, 177S, 1192E,  59,  989,   ,   0,    ,    0,    0,    0,    0,
SH, 05, 2013122912, 99, CHP5,   6, 182S, 1188E,  64,  986,   ,   0,    ,    0,    0,    0,    0,
SH, 05, 2013122912, 99, CHP5,  12, 188S, 1184E,  68,  983,   ,   0,    ,    0,    0,    0,    0,
SH, 05, 2013122912, 99, CHP5,  18, 196S, 1182E,  71,  982,   ,   0,    ,    0,    0,    0,    0,
SH, 05, 2013122912, 99, CHP5,  24, 205S, 1180E,  75,  980,   ,   0,    ,    0,    0,    0,    0,
SH, 05, 2013122912, 99, CHP5,  30, 213S, 1180E,  63,  988,   ,   0,    ,    0,    0,    0,    0,
SH, 05, 2013122912, 99, CHP5,  36, 222S, 1181E,  53,  993,   ,   0,    ,    0,    0,    0,    0,
SH, 05, 2013122912, 99, CHP5,  42, 233S, 1187E,  45,  995,   ,   0,    ,    0,    0,    0,    0,
SH, 05, 2013122912, 99, CHP5,  48, 244S, 1194E,  38,  997,   ,   0,    ,    0,    0,    0,    0,
SH, 05, 2013122912, 99, CHP5,  54, 252S, 1207E,  33,  999,   ,   0,    ,    0,    0,    0,    0,
SH, 05, 2013122912, 99, CHP5,  60, 260S, 1221E,  30,  999,   ,   0,    ,    0,    0,    0,    0,
SH, 05, 2013122912, 99, CHP5,  66, 269S, 1234E,  28, 1000,   ,   0,    ,    0,    0,    0,    0,
SH, 05, 2013122912, 99, CHP5,  72, 277S, 1247E,  26, 1000,   ,   0,    ,    0,    0,    0,    0,
SH, 05, 2013122912, 99, CHP6,   0, 177S, 1192E,  61,  988,   ,   0,    ,    0,    0,    0,    0,
SH, 05, 2013122912, 99, CHP6,   6, 182S, 1188E,  71,  981,   ,   0,    ,    0,    0,    0,    0,
SH, 05, 2013122912, 99, CHP6,  12, 188S, 1184E,  82,  974,   ,   0,    ,    0,    0,    0,    0,
SH, 05, 2013122912, 99, CHP6,  18, 196S, 1182E,  90,  967,   ,   0,    ,    0,    0,    0,    0,
SH, 05, 2013122912, 99, CHP6,  24, 205S, 1180E, 101,  959,   ,   0,    ,    0,    0,    0,    0,
SH, 05, 2013122912, 99, CHP6,  30, 213S, 1180E,  81,  975,   ,   0,    ,    0,    0,    0,    0,
SH, 05, 2013122912, 99, CHP6,  36, 222S, 1181E,  63,  986,   ,   0,    ,    0,    0,    0,    0,
SH, 05, 2013122912, 99, CHP6,  42, 233S, 1187E,  52,  991,   ,   0,    ,    0,    0,    0,    0,
SH, 05, 2013122912, 99, CHP6,  48, 244S, 1194E,  42,  995,   ,   0,    ,    0,    0,    0,    0,
SH, 05, 2013122912, 99, CHP6,  54, 252S, 1207E,  36,  996,   ,   0,    ,    0,    0,    0,    0,
SH, 05, 2013122912, 99, CHP6,  60, 260S, 1221E,  33,  998,   ,   0,    ,    0,    0,    0,    0,
SH, 05, 2013122912, 99, CHP6,  66, 269S, 1234E,  30,  999,   ,   0,    ,    0,    0,    0,    0,
SH, 05, 2013122912, 99, CHP6,  72, 277S, 1247E,  28, 1000,   ,   0,    ,    0,    0,    0,    0,
SH, 05, 2013122912, 99, CHP7,   0, 177S, 1192E,  56,  990,   ,   0,    ,    0,    0,    0,    0,
SH, 05, 2013122912, 99, CHP7,   6, 182S, 1188E,  55,  991,   ,   0,    ,    0,    0,    0,    0,
SH, 05, 2013122912, 99, CHP7,  12, 188S, 1184E,  56,  990,   ,   0,    ,    0,    0,    0,    0,
SH, 05, 2013122912, 99, CHP7,  18, 196S, 1182E,  57,  990,   ,   0,    ,    0,    0,    0,    0,
SH, 05, 2013122912, 99, CHP7,  24, 205S, 1180E,  59,  990,   ,   0,    ,    0,    0,    0,    0,
SH, 05, 2013122912, 99, CHP7,  30, 213S, 1180E,  52,  993,   ,   0,    ,    0,    0,    0,    0,
SH, 05, 2013122912, 99, CHP7,  36, 222S, 1181E,  46,  996,   ,   0,    ,    0,    0,    0,    0,
SH, 05, 2013122912, 99, CHP7,  42, 233S, 1187E,  41,  998,   ,   0,    ,    0,    0,    0,    0,
SH, 05, 2013122912, 99, CHP7,  48, 244S, 1194E,  34,  999,   ,   0,    ,    0,    0,    0,    0,
SH, 05, 2013122912, 99, CHP7,  54, 252S, 1207E,  30, 1000,   ,   0,    ,    0,    0,    0,    0,
SH, 05, 2013122912, 99, CHP7,  60, 260S, 1221E,  28, 1000,   ,   0,    ,    0,    0,    0,    0,
SH, 05, 2013122912, 99, CHP7,  66, 269S, 1234E,  26, 1001,   ,   0,    ,    0,    0,    0,    0,
SH, 05, 2013122912, 99, CHP7,  72, 277S, 1247E,  25, 1001,   ,   0,    ,    0,    0,    0,    0,
SH, 05, 2013122918, 99, CHIP,   0, 184S, 1191E,  64,  985,   ,   0,    ,    0,    0,    0,    0,
SH, 05, 2013122918, 99, CHIP,   6, 190S, 1188E,  67,  983,   ,   0,    ,    0,    0,    0,    0,
SH, 05, 2013122918, 99, CHIP,  12, 196S, 1185E,  70,  982,   ,   0,    ,    0,    0,    0,    0,
SH, 05, 2013122918, 99, CHIP,  18, 204S, 1183E,  73,  980,   ,   0,    ,    0,    0,    0,    0,
SH, 05, 2013122918, 99, CHIP,  24, 212S, 1181E,  61,  988,   ,   0,    ,    0,    0,    0,    0,
SH, 05, 2013122918, 99, CHIP,  30, 222S, 1185E,  49,  993,   ,   0,    ,    0,    0,    0,    0,
SH, 05, 2013122918, 99, CHIP,  36, 232S, 1189E,  42,  995,   ,   0,    ,    0,    0,    0,    0,
SH, 05, 2013122918, 99, CHIP,  42, 243S, 1200E,  38,  997,   ,   0,    ,    0,    0,    0,    0,
SH, 05, 2013122918, 99, CHIP,  48, 254S, 1211E,  34,  999,   ,   0,    ,    0,    0,    0,    0,
SH, 05, 2013122918, 99, CHP2,   0, 184S, 1191E,  66,  985,   ,   0,    ,    0,    0,    0,    0,
SH, 05, 2013122918, 99, CHP2,   6, 190S, 1188E,  70,  982,   ,   0,    ,    0,    0,    0,    0,
SH, 05, 2013122918, 99, CHP2,  12, 196S, 1185E,  73,  980,   ,   0,    ,    0,    0,    0,    0,
SH, 05, 2013122918, 99, CHP2,  18, 204S, 1183E,  76,  978,   ,   0,    ,    0,    0,    0,    0,
SH, 05, 2013122918, 99, CHP2,  24, 212S, 1181E,  62,  987,   ,   0,    ,    0,    0,    0,    0,
SH, 05, 2013122918, 99, CHP2,  30, 222S, 1185E,  50,  992,   ,   0,    ,    0,    0,    0,    0,
SH, 05, 2013122918, 99, CHP2,  36, 232S, 1189E,  43,  995,   ,   0,    ,    0,    0,    0,    0,
SH, 05, 2013122918, 99, CHP2,  42, 243S, 1200E,  38,  997,   ,   0,    ,    0,    0,    0,    0,
SH, 05, 2013122918, 99, CHP2,  48, 254S, 1211E,  35,  999,   ,   0,    ,    0,    0,    0,    0,
SH, 05, 2013122918, 99, CHP3,   0, 184S, 1191E,  59,  988,   ,   0,    ,    0,    0,    0,    0,
SH, 05, 2013122918, 99, CHP3,   6, 190S, 1188E,  61,  987,   ,   0,    ,    0,    0,    0,    0,
SH, 05, 2013122918, 99, CHP3,  12, 196S, 1185E,  64,  986,   ,   0,    ,    0,    0,    0,    0,
SH, 05, 2013122918, 99, CHP3,  18, 204S, 1183E,  66,  985,   ,   0,    ,    0,    0,    0,    0,
SH, 05, 2013122918, 99, CHP3,  24, 212S, 1181E,  57,  990,   ,   0,    ,    0,    0,    0,    0,
SH, 05, 2013122918, 99, CHP3,  30, 222S, 1185E,  47,  994,   ,   0,    ,    0,    0,    0,    0,
SH, 05, 2013122918, 99, CHP3,  36, 232S, 1189E,  40,  997,   ,   0,    ,    0,    0,    0,    0,
SH, 05, 2013122918, 99, CHP3,  42, 243S, 1200E,  37,  998,   ,   0,    ,    0,    0,    0,    0,
SH, 05, 2013122918, 99, CHP3,  48, 254S, 1211E,  34,  999,   ,   0,    ,    0,    0,    0,    0,
SH, 05, 2013122918, 99, CHP4,   0, 184S, 1191E,  65,  985,   ,   0,    ,    0,    0,    0,    0,
SH, 05, 2013122918, 99, CHP4,   6, 190S, 1188E,  68,  983,   ,   0,    ,    0,    0,    0,    0,
SH, 05, 2013122918, 99, CHP4,  12, 196S, 1185E,  72,  981,   ,   0,    ,    0,    0,    0,    0,
SH, 05, 2013122918, 99, CHP4,  18, 204S, 1183E,  75,  979,   ,   0,    ,    0,    0,    0,    0,
SH, 05, 2013122918, 99, CHP4,  24, 212S, 1181E,  62,  987,   ,   0,    ,    0,    0,    0,    0,
SH, 05, 2013122918, 99, CHP4,  30, 222S, 1185E,  50,  992,   ,   0,    ,    0,    0,    0,    0,
SH, 05, 2013122918, 99, CHP4,  36, 232S, 1189E,  43,  995,   ,   0,    ,    0,    0,    0,    0,
SH, 05, 2013122918, 99, CHP4,  42, 243S, 1200E,  38,  997,   ,   0,    ,    0,    0,    0,    0,
SH, 05, 2013122918, 99, CHP4,  48, 254S, 1211E,  34,  999,   ,   0,    ,    0,    0,    0,    0,
SH, 05, 2013122918, 99, CHP5,   0, 184S, 1191E,  63,  987,   ,   0,    ,    0,    0,    0,    0,
SH, 05, 2013122918, 99, CHP5,   6, 190S, 1188E,  65,  985,   ,   0,    ,    0,    0,    0,    0,
SH, 05, 2013122918, 99, CHP5,  12, 196S, 1185E,  69,  983,   ,   0,    ,    0,    0,    0,    0,
SH, 05, 2013122918, 99, CHP5,  18, 204S, 1183E,  72,  981,   ,   0,    ,    0,    0,    0,    0,
SH, 05, 2013122918, 99, CHP5,  24, 212S, 1181E,  60,  988,   ,   0,    ,    0,    0,    0,    0,
SH, 05, 2013122918, 99, CHP5,  30, 222S, 1185E,  49,  993,   ,   0,    ,    0,    0,    0,    0,
SH, 05, 2013122918, 99, CHP5,  36, 232S, 1189E,  42,  995,   ,   0,    ,    0,    0,    0,    0,
SH, 05, 2013122918, 99, CHP5,  42, 243S, 1200E,  38,  997,   ,   0,    ,    0,    0,    0,    0,
SH, 05, 2013122918, 99, CHP5,  48, 254S, 1211E,  34,  999,   ,   0,    ,    0,    0,    0,    0,
SH, 05, 2013122918, 99, CHP6,   0, 184S, 1191E,  65,  985,   ,   0,    ,    0,    0,    0,    0,
SH, 05, 2013122918, 99, CHP6,   6, 190S, 1188E,  73,  980,   ,   0,    ,    0,    0,    0,    0,
SH, 05, 2013122918, 99, CHP6,  12, 196S, 1185E,  82,  974,   ,   0,    ,    0,    0,    0,    0,
SH, 05, 2013122918, 99, CHP6,  18, 204S, 1183E,  91,  966,   ,   0,    ,    0,    0,    0,    0,
SH, 05, 2013122918, 99, CHP6,  24, 212S, 1181E,  75,  979,   ,   0,    ,    0,    0,    0,    0,
SH, 05, 2013122918, 99, CHP6,  30, 222S, 1185E,  58,  988,   ,   0,    ,    0,    0,    0,    0,
SH, 05, 2013122918, 99, CHP6,  36, 232S, 1189E,  48,  992,   ,   0,    ,    0,    0,    0,    0,
SH, 05, 2013122918, 99, CHP6,  42, 243S, 1200E,  41,  996,   ,   0,    ,    0,    0,    0,    0,
SH, 05, 2013122918, 99, CHP6,  48, 254S, 1211E,  37,  997,   ,   0,    ,    0,    0,    0,    0,
SH, 05, 2013122918, 99, CHP7,   0, 184S, 1191E,  60,  988,   ,   0,    ,    0,    0,    0,    0,
SH, 05, 2013122918, 99, CHP7,   6, 190S, 1188E,  59,  988,   ,   0,    ,    0,    0,    0,    0,
SH, 05, 2013122918, 99, CHP7,  12, 196S, 1185E,  60,  988,   ,   0,    ,    0,    0,    0,    0,
SH, 05, 2013122918, 99, CHP7,  18, 204S, 1183E,  61,  988,   ,   0,    ,    0,    0,    0,    0,
SH, 05, 2013122918, 99, CHP7,  24, 212S, 1181E,  52,  992,   ,   0,    ,    0,    0,    0,    0,
SH, 05, 2013122918, 99, CHP7,  30, 222S, 1185E,  44,  995,   ,   0,    ,    0,    0,    0,    0,
SH, 05, 2013122918, 99, CHP7,  36, 232S, 1189E,  38,  998,   ,   0,    ,    0,    0,    0,    0,
SH, 05, 2013122918, 99, CHP7,  42, 243S, 1200E,  35,  998,   ,   0,    ,    0,    0,    0,    0,
SH, 05, 2013122918, 99, CHP7,  48, 254S, 1211E,  32,  999,   ,   0,    ,    0,    0,    0,    0,
SH, 05, 2013123000, 99, CHIP,   0, 188S, 1185E,  69,  982,   ,   0,    ,    0,    0,    0,    0,
SH, 05, 2013123000, 99, CHIP,   6, 194S, 1182E,  73,  979,   ,   0,    ,    0,    0,    0,    0,
SH, 05, 2013123000, 99, CHIP,  12, 200S, 1178E,  77,  977,   ,   0,    ,    0,    0,    0,    0,
SH, 05, 2013123000, 99, CHIP,  18, 208S, 1177E,  86,  971,   ,   0,    ,    0,    0,    0,    0,
SH, 05, 2013123000, 99, CHIP,  24, 217S, 1176E,  68,  984,   ,   0,    ,    0,    0,    0,    0,
SH, 05, 2013123000, 99, CHIP,  30, 229S, 1182E,  54,  990,   ,   0,    ,    0,    0,    0,    0,
SH, 05, 2013123000, 99, CHIP,  36, 240S, 1189E,  46,  994,   ,   0,    ,    0,    0,    0,    0,
SH, 05, 2013123000, 99, CHIP,  42, 251S, 1202E,  40,  996,   ,   0,    ,    0,    0,    0,    0,
SH, 05, 2013123000, 99, CHIP,  48, 261S, 1215E,  36,  997,   ,   0,    ,    0,    0,    0,    0,
SH, 05, 2013123000, 99, CHP2,   0, 188S, 1185E,  73,  981,   ,   0,    ,    0,    0,    0,    0,
SH, 05, 2013123000, 99, CHP2,   6, 194S, 1182E,  80,  975,   ,   0,    ,    0,    0,    0,    0,
SH, 05, 2013123000, 99, CHP2,  12, 200S, 1178E,  85,  972,   ,   0,    ,    0,    0,    0,    0,
SH, 05, 2013123000, 99, CHP2,  18, 208S, 1177E,  94,  964,   ,   0,    ,    0,    0,    0,    0,
SH, 05, 2013123000, 99, CHP2,  24, 217S, 1176E,  72,  978,   ,   0,    ,    0,    0,    0,    0,
SH, 05, 2013123000, 99, CHP2,  30, 229S, 1182E,  56,  989,   ,   0,    ,    0,    0,    0,    0,
SH, 05, 2013123000, 99, CHP2,  36, 240S, 1189E,  47,  993,   ,   0,    ,    0,    0,    0,    0,
SH, 05, 2013123000, 99, CHP2,  42, 251S, 1202E,  41,  996,   ,   0,    ,    0,    0,    0,    0,
SH, 05, 2013123000, 99, CHP2,  48, 261S, 1215E,  37,  997,   ,   0,    ,    0,    0,    0,    0,
SH, 05, 2013123000, 99, CHP3,   0, 188S, 1185E,  65,  986,   ,   0,    ,    0,    0,    0,    0,
SH, 05, 2013123000, 99, CHP3,   6, 194S, 1182E,  67,  984,   ,   0,    ,    0,    0,    0,    0,
SH, 05, 2013123000, 99, CHP3,  12, 200S, 1178E,  71,  982,   ,   0,    ,    0,    0,    0,    0,
SH, 05, 2013123000, 99, CHP3,  18, 208S, 1177E,  80,  976,   ,   0,    ,    0,    0,    0,    0,
SH, 05, 2013123000, 99, CHP3,  24, 217S, 1176E,  65,  986,   ,   0,    ,    0,    0,    0,    0,
SH, 05, 2013123000, 99, CHP3,  30, 229S, 1182E,  53,  991,   ,   0,    ,    0,    0,    0,    0,
SH, 05, 2013123000, 99, CHP3,  36, 240S, 1189E,  45,  994,   ,   0,    ,    0,    0,    0,    0,
SH, 05, 2013123000, 99, CHP3,  42, 251S, 1202E,  40,  997,   ,   0,    ,    0,    0,    0,    0,
SH, 05, 2013123000, 99, CHP3,  48, 261S, 1215E,  36,  998,   ,   0,    ,    0,    0,    0,    0,
SH, 05, 2013123000, 99, CHP4,   0, 188S, 1185E,  71,  982,   ,   0,    ,    0,    0,    0,    0,
SH, 05, 2013123000, 99, CHP4,   6, 194S, 1182E,  75,  978,   ,   0,    ,    0,    0,    0,    0,
SH, 05, 2013123000, 99, CHP4,  12, 200S, 1178E,  80,  976,   ,   0,    ,    0,    0,    0,    0,
SH, 05, 2013123000, 99, CHP4,  18, 208S, 1177E,  89,  969,   ,   0,    ,    0,    0,    0,    0,
SH, 05, 2013123000, 99, CHP4,  24, 217S, 1176E,  69,  983,   ,   0,    ,    0,    0,    0,    0,
SH, 05, 2013123000, 99, CHP4,  30, 229S, 1182E,  55,  990,   ,   0,    ,    0,    0,    0,    0,
SH, 05, 2013123000, 99, CHP4,  36, 240S, 1189E,  47,  993,   ,   0,    ,    0,    0,    0,    0,
SH, 05, 2013123000, 99, CHP4,  42, 251S, 1202E,  41,  996,   ,   0,    ,    0,    0,    0,    0,
SH, 05, 2013123000, 99, CHP4,  48, 261S, 1215E,  37,  997,   ,   0,    ,    0,    0,    0,    0,
SH, 05, 2013123000, 99, CHP5,   0, 188S, 1185E,  66,  985,   ,   0,    ,    0,    0,    0,    0,
SH, 05, 2013123000, 99, CHP5,   6, 194S, 1182E,  71,  981,   ,   0,    ,    0,    0,    0,    0,
SH, 05, 2013123000, 99, CHP5,  12, 200S, 1178E,  76,  979,   ,   0,    ,    0,    0,    0,    0,
SH, 05, 2013123000, 99, CHP5,  18, 208S, 1177E,  85,  972,   ,   0,    ,    0,    0,    0,    0,
SH, 05, 2013123000, 99, CHP5,  24, 217S, 1176E,  67,  984,   ,   0,    ,    0,    0,    0,    0,
SH, 05, 2013123000, 99, CHP5,  30, 229S, 1182E,  54,  990,   ,   0,    ,    0,    0,    0,    0,
SH, 05, 2013123000, 99, CHP5,  36, 240S, 1189E,  46,  994,   ,   0,    ,    0,    0,    0,    0,
SH, 05, 2013123000, 99, CHP5,  42, 251S, 1202E,  40,  996,   ,   0,    ,    0,    0,    0,    0,
SH, 05, 2013123000, 99, CHP5,  48, 261S, 1215E,  36,  997,   ,   0,    ,    0,    0,    0,    0,
SH, 05, 2013123000, 99, CHP6,   0, 188S, 1185E,  69,  983,   ,   0,    ,    0,    0,    0,    0,
SH, 05, 2013123000, 99, CHP6,   6, 194S, 1182E,  82,  974,   ,   0,    ,    0,    0,    0,    0,
SH, 05, 2013123000, 99, CHP6,  12, 200S, 1178E,  94,  964,   ,   0,    ,    0,    0,    0,    0,
SH, 05, 2013123000, 99, CHP6,  18, 208S, 1177E, 118,  940,   ,   0,    ,    0,    0,    0,    0,
SH, 05, 2013123000, 99, CHP6,  24, 217S, 1176E,  91,  962,   ,   0,    ,    0,    0,    0,    0,
SH, 05, 2013123000, 99, CHP6,  30, 229S, 1182E,  66,  983,   ,   0,    ,    0,    0,    0,    0,
SH, 05, 2013123000, 99, CHP6,  36, 240S, 1189E,  53,  989,   ,   0,    ,    0,    0,    0,    0,
SH, 05, 2013123000, 99, CHP6,  42, 251S, 1202E,  45,  993,   ,   0,    ,    0,    0,    0,    0,
SH, 05, 2013123000, 99, CHP6,  48, 261S, 1215E,  40,  995,   ,   0,    ,    0,    0,    0,    0,
SH, 05, 2013123000, 99, CHP7,   0, 188S, 1185E,  65,  985,   ,   0,    ,    0,    0,    0,    0,
SH, 05, 2013123000, 99, CHP7,   6, 194S, 1182E,  65,  985,   ,   0,    ,    0,    0,    0,    0,
SH, 05, 2013123000, 99, CHP7,  12, 200S, 1178E,  66,  985,   ,   0,    ,    0,    0,    0,    0,
SH, 05, 2013123000, 99, CHP7,  18, 208S, 1177E,  69,  983,   ,   0,    ,    0,    0,    0,    0,
SH, 05, 2013123000, 99, CHP7,  24, 217S, 1176E,  56,  991,   ,   0,    ,    0,    0,    0,    0,
SH, 05, 2013123000, 99, CHP7,  30, 229S, 1182E,  47,  994,   ,   0,    ,    0,    0,    0,    0,
SH, 05, 2013123000, 99, CHP7,  36, 240S, 1189E,  41,  996,   ,   0,    ,    0,    0,    0,    0,
SH, 05, 2013123000, 99, CHP7,  42, 251S, 1202E,  37,  998,   ,   0,    ,    0,    0,    0,    0,
SH, 05, 2013123000, 99, CHP7,  48, 261S, 1215E,  34,  999,   ,   0,    ,    0,    0,    0,    0,
SH, 05, 2013123006, 99, CHIP,   0, 196S, 1183E,  70,  982,   ,   0,    ,    0,    0,    0,    0,
SH, 05, 2013123006, 99, CHIP,   6, 204S, 1181E,  79,  976,   ,   0,    ,    0,    0,    0,    0,
SH, 05, 2013123006, 99, CHIP,  12, 212S, 1179E,  71,  982,   ,   0,    ,    0,    0,    0,    0,
SH, 05, 2013123006, 99, CHIP,  18, 222S, 1182E,  56,  989,   ,   0,    ,    0,    0,    0,    0,
SH, 05, 2013123006, 99, CHIP,  24, 233S, 1185E,  46,  993,   ,   0,    ,    0,    0,    0,    0,
SH, 05, 2013123006, 99, CHIP,  30, 245S, 1196E,  41,  996,   ,   0,    ,    0,    0,    0,    0,
SH, 05, 2013123006, 99, CHIP,  36, 256S, 1207E,  36,  998,   ,   0,    ,    0,    0,    0,    0,
SH, 05, 2013123006, 99, CHP2,   0, 196S, 1183E,  75,  980,   ,   0,    ,    0,    0,    0,    0,
SH, 05, 2013123006, 99, CHP2,   6, 204S, 1181E,  87,  970,   ,   0,    ,    0,    0,    0,    0,
SH, 05, 2013123006, 99, CHP2,  12, 212S, 1179E,  78,  977,   ,   0,    ,    0,    0,    0,    0,
SH, 05, 2013123006, 99, CHP2,  18, 222S, 1182E,  60,  986,   ,   0,    ,    0,    0,    0,    0,
SH, 05, 2013123006, 99, CHP2,  24, 233S, 1185E,  49,  992,   ,   0,    ,    0,    0,    0,    0,
SH, 05, 2013123006, 99, CHP2,  30, 245S, 1196E,  42,  995,   ,   0,    ,    0,    0,    0,    0,
SH, 05, 2013123006, 99, CHP2,  36, 256S, 1207E,  38,  996,   ,   0,    ,    0,    0,    0,    0,
SH, 05, 2013123006, 99, CHP3,   0, 196S, 1183E,  66,  985,   ,   0,    ,    0,    0,    0,    0,
SH, 05, 2013123006, 99, CHP3,   6, 204S, 1181E,  70,  982,   ,   0,    ,    0,    0,    0,    0,
SH, 05, 2013123006, 99, CHP3,  12, 212S, 1179E,  63,  986,   ,   0,    ,    0,    0,    0,    0,
SH, 05, 2013123006, 99, CHP3,  18, 222S, 1182E,  51,  992,   ,   0,    ,    0,    0,    0,    0,
SH, 05, 2013123006, 99, CHP3,  24, 233S, 1185E,  43,  996,   ,   0,    ,    0,    0,    0,    0,
SH, 05, 2013123006, 99, CHP3,  30, 245S, 1196E,  39,  997,   ,   0,    ,    0,    0,    0,    0,
SH, 05, 2013123006, 99, CHP3,  36, 256S, 1207E,  35,  998,   ,   0,    ,    0,    0,    0,    0,
SH, 05, 2013123006, 99, CHP4,   0, 196S, 1183E,  72,  982,   ,   0,    ,    0,    0,    0,    0,
SH, 05, 2013123006, 99, CHP4,   6, 204S, 1181E,  77,  977,   ,   0,    ,    0,    0,    0,    0,
SH, 05, 2013123006, 99, CHP4,  12, 212S, 1179E,  69,  983,   ,   0,    ,    0,    0,    0,    0,
SH, 05, 2013123006, 99, CHP4,  18, 222S, 1182E,  55,  989,   ,   0,    ,    0,    0,    0,    0,
SH, 05, 2013123006, 99, CHP4,  24, 233S, 1185E,  46,  993,   ,   0,    ,    0,    0,    0,    0,
SH, 05, 2013123006, 99, CHP4,  30, 245S, 1196E,  40,  996,   ,   0,    ,    0,    0,    0,    0,
SH, 05, 2013123006, 99, CHP4,  36, 256S, 1207E,  36,  998,   ,   0,    ,    0,    0,    0,    0,
SH, 05, 2013123006, 99, CHP5,   0, 196S, 1183E,  69,  983,   ,   0,    ,    0,    0,    0,    0,
SH, 05, 2013123006, 99, CHP5,   6, 204S, 1181E,  78,  977,   ,   0,    ,    0,    0,    0,    0,
SH, 05, 2013123006, 99, CHP5,  12, 212S, 1179E,  70,  982,   ,   0,    ,    0,    0,    0,    0,
SH, 05, 2013123006, 99, CHP5,  18, 222S, 1182E,  56,  989,   ,   0,    ,    0,    0,    0,    0,
SH, 05, 2013123006, 99, CHP5,  24, 233S, 1185E,  46,  993,   ,   0,    ,    0,    0,    0,    0,
SH, 05, 2013123006, 99, CHP5,  30, 245S, 1196E,  41,  996,   ,   0,    ,    0,    0,    0,    0,
SH, 05, 2013123006, 99, CHP5,  36, 256S, 1207E,  36,  998,   ,   0,    ,    0,    0,    0,    0,
SH, 05, 2013123006, 99, CHP6,   0, 196S, 1183E,  74,  980,   ,   0,    ,    0,    0,    0,    0,
SH, 05, 2013123006, 99, CHP6,   6, 204S, 1181E,  93,  965,   ,   0,    ,    0,    0,    0,    0,
SH, 05, 2013123006, 99, CHP6,  12, 212S, 1179E,  86,  971,   ,   0,    ,    0,    0,    0,    0,
SH, 05, 2013123006, 99, CHP6,  18, 222S, 1182E,  66,  983,   ,   0,    ,    0,    0,    0,    0,
SH, 05, 2013123006, 99, CHP6,  24, 233S, 1185E,  52,  990,   ,   0,    ,    0,    0,    0,    0,
SH, 05, 2013123006, 99, CHP6,  30, 245S, 1196E,  44,  994,   ,   0,    ,    0,    0,    0,    0,
SH, 05, 2013123006, 99, CHP6,  36, 256S, 1207E,  39,  996,   ,   0,    ,    0,    0,    0,    0,
SH, 05, 2013123006, 99, CHP7,   0, 196S, 1183E,  66,  985,   ,   0,    ,    0,    0,    0,    0,
SH, 05, 2013123006, 99, CHP7,   6, 204S, 1181E,  67,  984,   ,   0,    ,    0,    0,    0,    0,
SH, 05, 2013123006, 99, CHP7,  12, 212S, 1179E,  58,  989,   ,   0,    ,    0,    0,    0,    0,
SH, 05, 2013123006, 99, CHP7,  18, 222S, 1182E,  48,  993,   ,   0,    ,    0,    0,    0,    0,
SH, 05, 2013123006, 99, CHP7,  24, 233S, 1185E,  41,  997,   ,   0,    ,    0,    0,    0,    0,
SH, 05, 2013123006, 99, CHP7,  30, 245S, 1196E,  37,  998,   ,   0,    ,    0,    0,    0,    0,
SH, 05, 2013123006, 99, CHP7,  36, 256S, 1207E,  34,  999,   ,   0,    ,    0,    0,    0,    0,
SH, 05, 2013123012, 99, CHIP,   0, 204S, 1177E,  83,  973,   ,   0,    ,    0,    0,    0,    0,
SH, 05, 2013123012, 99, CHIP,   6, 214S, 1176E,  77,  977,   ,   0,    ,    0,    0,    0,    0,
SH, 05, 2013123012, 99, CHIP,  12, 224S, 1176E,  60,  987,   ,   0,    ,    0,    0,    0,    0,
SH, 05, 2013123012, 99, CHIP,  18, 236S, 1182E,  49,  992,   ,   0,    ,    0,    0,    0,    0,
SH, 05, 2013123012, 99, CHIP,  24, 247S, 1189E,  43,  995,   ,   0,    ,    0,    0,    0,    0,
SH, 05, 2013123012, 99, CHIP,  30, 259S, 1206E,  39,  998,   ,   0,    ,    0,    0,    0,    0,
SH, 05, 2013123012, 99, CHIP,  36, 271S, 1222E,  36,  998,   ,   0,    ,    0,    0,    0,    0,
SH, 05, 2013123012, 99, CHP2,   0, 204S, 1177E,  91,  969,   ,   0,    ,    0,    0,    0,    0,
SH, 05, 2013123012, 99, CHP2,   6, 214S, 1176E,  89,  968,   ,   0,    ,    0,    0,    0,    0,
SH, 05, 2013123012, 99, CHP2,  12, 224S, 1176E,  67,  982,   ,   0,    ,    0,    0,    0,    0,
SH, 05, 2013123012, 99, CHP2,  18, 236S, 1182E,  53,  990,   ,   0,    ,    0,    0,    0,    0,
SH, 05, 2013123012, 99, CHP2,  24, 247S, 1189E,  46,  994,   ,   0,    ,    0,    0,    0,    0,
SH, 05, 2013123012, 99, CHP2,  30, 259S, 1206E,  41,  995,   ,   0,    ,    0,    0,    0,    0,
SH, 05, 2013123012, 99, CHP2,  36, 271S, 1222E,  37,  997,   ,   0,    ,    0,    0,    0,    0,
SH, 05, 2013123012, 99, CHP3,   0, 204S, 1177E,  79,  977,   ,   0,    ,    0,    0,    0,    0,
SH, 05, 2013123012, 99, CHP3,   6, 214S, 1176E,  72,  981,   ,   0,    ,    0,    0,    0,    0,
SH, 05, 2013123012, 99, CHP3,  12, 224S, 1176E,  57,  989,   ,   0,    ,    0,    0,    0,    0,
SH, 05, 2013123012, 99, CHP3,  18, 236S, 1182E,  47,  993,   ,   0,    ,    0,    0,    0,    0,
SH, 05, 2013123012, 99, CHP3,  24, 247S, 1189E,  42,  996,   ,   0,    ,    0,    0,    0,    0,
SH, 05, 2013123012, 99, CHP3,  30, 259S, 1206E,  38,  998,   ,   0,    ,    0,    0,    0,    0,
SH, 05, 2013123012, 99, CHP3,  36, 271S, 1222E,  35,  998,   ,   0,    ,    0,    0,    0,    0,
SH, 05, 2013123012, 99, CHP4,   0, 204S, 1177E,  86,  972,   ,   0,    ,    0,    0,    0,    0,
SH, 05, 2013123012, 99, CHP4,   6, 214S, 1176E,  78,  977,   ,   0,    ,    0,    0,    0,    0,
SH, 05, 2013123012, 99, CHP4,  12, 224S, 1176E,  60,  987,   ,   0,    ,    0,    0,    0,    0,
SH, 05, 2013123012, 99, CHP4,  18, 236S, 1182E,  49,  992,   ,   0,    ,    0,    0,    0,    0,
SH, 05, 2013123012, 99, CHP4,  24, 247S, 1189E,  44,  995,   ,   0,    ,    0,    0,    0,    0,
SH, 05, 2013123012, 99, CHP4,  30, 259S, 1206E,  39,  997,   ,   0,    ,    0,    0,    0,    0,
SH, 05, 2013123012, 99, CHP4,  36, 271S, 1222E,  36,  998,   ,   0,    ,    0,    0,    0,    0,
SH, 05, 2013123012, 99, CHP5,   0, 204S, 1177E,  84,  974,   ,   0,    ,    0,    0,    0,    0,
SH, 05, 2013123012, 99, CHP5,   6, 214S, 1176E,  80,  976,   ,   0,    ,    0,    0,    0,    0,
SH, 05, 2013123012, 99, CHP5,  12, 224S, 1176E,  62,  986,   ,   0,    ,    0,    0,    0,    0,
SH, 05, 2013123012, 99, CHP5,  18, 236S, 1182E,  50,  992,   ,   0,    ,    0,    0,    0,    0,
SH, 05, 2013123012, 99, CHP5,  24, 247S, 1189E,  44,  995,   ,   0,    ,    0,    0,    0,    0,
SH, 05, 2013123012, 99, CHP5,  30, 259S, 1206E,  39,  996,   ,   0,    ,    0,    0,    0,    0,
SH, 05, 2013123012, 99, CHP5,  36, 271S, 1222E,  36,  998,   ,   0,    ,    0,    0,    0,    0,
SH, 05, 2013123012, 99, CHP6,   0, 204S, 1177E,  87,  972,   ,   0,    ,    0,    0,    0,    0,
SH, 05, 2013123012, 99, CHP6,   6, 214S, 1176E,  89,  968,   ,   0,    ,    0,    0,    0,    0,
SH, 05, 2013123012, 99, CHP6,  12, 224S, 1176E,  69,  981,   ,   0,    ,    0,    0,    0,    0,
SH, 05, 2013123012, 99, CHP6,  18, 236S, 1182E,  54,  989,   ,   0,    ,    0,    0,    0,    0,
SH, 05, 2013123012, 99, CHP6,  24, 247S, 1189E,  47,  994,   ,   0,    ,    0,    0,    0,    0,
SH, 05, 2013123012, 99, CHP6,  30, 259S, 1206E,  41,  995,   ,   0,    ,    0,    0,    0,    0,
SH, 05, 2013123012, 99, CHP6,  36, 271S, 1222E,  38,  997,   ,   0,    ,    0,    0,    0,    0,
SH, 05, 2013123012, 99, CHP7,   0, 204S, 1177E,  79,  977,   ,   0,    ,    0,    0,    0,    0,
SH, 05, 2013123012, 99, CHP7,   6, 214S, 1176E,  69,  983,   ,   0,    ,    0,    0,    0,    0,
SH, 05, 2013123012, 99, CHP7,  12, 224S, 1176E,  55,  990,   ,   0,    ,    0,    0,    0,    0,
SH, 05, 2013123012, 99, CHP7,  18, 236S, 1182E,  46,  994,   ,   0,    ,    0,    0,    0,    0,
SH, 05, 2013123012, 99, CHP7,  24, 247S, 1189E,  41,  996,   ,   0,    ,    0,    0,    0,    0,
SH, 05, 2013123012, 99, CHP7,  30, 259S, 1206E,  38,  998,   ,   0,    ,    0,    0,    0,    0,
SH, 05, 2013123012, 99, CHP7,  36, 271S, 1222E,  35,  999,   ,   0,    ,    0,    0,    0,    0,
SH, 05, 2013123018, 99, CHIP,   0, 211S, 1171E,  77,  969,   ,   0,    ,    0,    0,    0,    0,
SH, 05, 2013123018, 99, CHIP,   6, 221S, 1172E,  73,  976,   ,   0,    ,    0,    0,    0,    0,
SH, 05, 2013123018, 99, CHIP,  12, 232S, 1173E,  58,  986,   ,   0,    ,    0,    0,    0,    0,
SH, 05, 2013123018, 99, CHIP,  18, 244S, 1184E,  48,  991,   ,   0,    ,    0,    0,    0,    0,
SH, 05, 2013123018, 99, CHIP,  24, 255S, 1194E,  42,  995,   ,   0,    ,    0,    0,    0,    0,
SH, 05, 2013123018, 99, CHIP,  30, 267S, 1210E,  38,  997,   ,   0,    ,    0,    0,    0,    0,
SH, 05, 2013123018, 99, CHIP,  36, 279S, 1226E,  35,  998,   ,   0,    ,    0,    0,    0,    0,
SH, 05, 2013123018, 99, CHP2,   0, 211S, 1171E,  94,  966,   ,   0,    ,    0,    0,    0,    0,
SH, 05, 2013123018, 99, CHP2,   6, 221S, 1172E,  82,  974,   ,   0,    ,    0,    0,    0,    0,
SH, 05, 2013123018, 99, CHP2,  12, 232S, 1173E,  64,  984,   ,   0,    ,    0,    0,    0,    0,
SH, 05, 2013123018, 99, CHP2,  18, 244S, 1184E,  52,  991,   ,   0,    ,    0,    0,    0,    0,
SH, 05, 2013123018, 99, CHP2,  24, 255S, 1194E,  45,  995,   ,   0,    ,    0,    0,    0,    0,
SH, 05, 2013123018, 99, CHP2,  30, 267S, 1210E,  40,  996,   ,   0,    ,    0,    0,    0,    0,
SH, 05, 2013123018, 99, CHP2,  36, 279S, 1226E,  37,  997,   ,   0,    ,    0,    0,    0,    0,
SH, 05, 2013123018, 99, CHP3,   0, 211S, 1171E,  83,  975,   ,   0,    ,    0,    0,    0,    0,
SH, 05, 2013123018, 99, CHP3,   6, 221S, 1172E,  74,  980,   ,   0,    ,    0,    0,    0,    0,
SH, 05, 2013123018, 99, CHP3,  12, 232S, 1173E,  59,  988,   ,   0,    ,    0,    0,    0,    0,
SH, 05, 2013123018, 99, CHP3,  18, 244S, 1184E,  48,  993,   ,   0,    ,    0,    0,    0,    0,
SH, 05, 2013123018, 99, CHP3,  24, 255S, 1194E,  43,  996,   ,   0,    ,    0,    0,    0,    0,
SH, 05, 2013123018, 99, CHP3,  30, 267S, 1210E,  39,  998,   ,   0,    ,    0,    0,    0,    0,
SH, 05, 2013123018, 99, CHP3,  36, 279S, 1226E,  36,  998,   ,   0,    ,    0,    0,    0,    0,
SH, 05, 2013123018, 99, CHP4,   0, 211S, 1171E,  91,  969,   ,   0,    ,    0,    0,    0,    0,
SH, 05, 2013123018, 99, CHP4,   6, 221S, 1172E,  79,  976,   ,   0,    ,    0,    0,    0,    0,
SH, 05, 2013123018, 99, CHP4,  12, 232S, 1173E,  62,  986,   ,   0,    ,    0,    0,    0,    0,
SH, 05, 2013123018, 99, CHP4,  18, 244S, 1184E,  51,  991,   ,   0,    ,    0,    0,    0,    0,
SH, 05, 2013123018, 99, CHP4,  24, 255S, 1194E,  45,  995,   ,   0,    ,    0,    0,    0,    0,
SH, 05, 2013123018, 99, CHP4,  30, 267S, 1210E,  40,  996,   ,   0,    ,    0,    0,    0,    0,
SH, 05, 2013123018, 99, CHP4,  36, 279S, 1226E,  37,  998,   ,   0,    ,    0,    0,    0,    0,
SH, 05, 2013123018, 99, CHP5,   0, 211S, 1171E,  85,  973,   ,   0,    ,    0,    0,    0,    0,
SH, 05, 2013123018, 99, CHP5,   6, 221S, 1172E,  76,  979,   ,   0,    ,    0,    0,    0,    0,
SH, 05, 2013123018, 99, CHP5,  12, 232S, 1173E,  60,  987,   ,   0,    ,    0,    0,    0,    0,
SH, 05, 2013123018, 99, CHP5,  18, 244S, 1184E,  49,  992,   ,   0,    ,    0,    0,    0,    0,
SH, 05, 2013123018, 99, CHP5,  24, 255S, 1194E,  44,  995,   ,   0,    ,    0,    0,    0,    0,
SH, 05, 2013123018, 99, CHP5,  30, 267S, 1210E,  39,  997,   ,   0,    ,    0,    0,    0,    0,
SH, 05, 2013123018, 99, CHP5,  36, 279S, 1226E,  36,  998,   ,   0,    ,    0,    0,    0,    0,
SH, 05, 2013123018, 99, CHP6,   0, 211S, 1171E,  91,  969,   ,   0,    ,    0,    0,    0,    0,
SH, 05, 2013123018, 99, CHP6,   6, 221S, 1172E,  80,  975,   ,   0,    ,    0,    0,    0,    0,
SH, 05, 2013123018, 99, CHP6,  12, 232S, 1173E,  63,  985,   ,   0,    ,    0,    0,    0,    0,
SH, 05, 2013123018, 99, CHP6,  18, 244S, 1184E,  51,  991,   ,   0,    ,    0,    0,    0,    0,
SH, 05, 2013123018, 99, CHP6,  24, 255S, 1194E,  45,  995,   ,   0,    ,    0,    0,    0,    0,
SH, 05, 2013123018, 99, CHP6,  30, 267S, 1210E,  40,  996,   ,   0,    ,    0,    0,    0,    0,
SH, 05, 2013123018, 99, CHP6,  36, 279S, 1226E,  37,  998,   ,   0,    ,    0,    0,    0,    0,
SH, 05, 2013123018, 99, CHP7,   0, 211S, 1171E,  86,  972,   ,   0,    ,    0,    0,    0,    0,
SH, 05, 2013123018, 99, CHP7,   6, 221S, 1172E,  76,  979,   ,   0,    ,    0,    0,    0,    0,
SH, 05, 2013123018, 99, CHP7,  12, 232S, 1173E,  60,  987,   ,   0,    ,    0,    0,    0,    0,
SH, 05, 2013123018, 99, CHP7,  18, 244S, 1184E,  49,  992,   ,   0,    ,    0,    0,    0,    0,
SH, 05, 2013123018, 99, CHP7,  24, 255S, 1194E,  44,  995,   ,   0,    ,    0,    0,    0,    0,
SH, 05, 2013123018, 99, CHP7,  30, 267S, 1210E,  39,  997,   ,   0,    ,    0,    0,    0,    0,
SH, 05, 2013123018, 99, CHP7,  36, 279S, 1226E,  36,  998,   ,   0,    ,    0,    0,    0,    0,
SH, 05, 2013123100, 99, CHIP,   0, 221S, 1169E,  70,  935,   ,   0,    ,    0,    0,    0,    0,
SH, 05, 2013123100, 99, CHIP,   6, 231S, 1175E,  76,  948,   ,   0,    ,    0,    0,    0,    0,
SH, 05, 2013123100, 99, CHIP,  12, 242S, 1181E,  57,  975,   ,   0,    ,    0,    0,    0,    0,
SH, 05, 2013123100, 99, CHIP,  18, 254S, 1194E,  44,  986,   ,   0,    ,    0,    0,    0,    0,
SH, 05, 2013123100, 99, CHIP,  24, 265S, 1207E,  37,  990,   ,   0,    ,    0,    0,    0,    0,
SH, 05, 2013123100, 99, CHIP,  30, 277S, 1220E,  33,  994,   ,   0,    ,    0,    0,    0,    0,
SH, 05, 2013123100, 99, CHIP,  36, 289S, 1232E,  31,  996,   ,   0,    ,    0,    0,    0,    0,
SH, 05, 2013123100, 99, CHP2,   0, 221S, 1169E, 128,  933,   ,   0,    ,    0,    0,    0,    0,
SH, 05, 2013123100, 99, CHP2,   6, 231S, 1175E, 107,  946,   ,   0,    ,    0,    0,    0,    0,
SH, 05, 2013123100, 99, CHP2,  12, 242S, 1181E,  77,  975,   ,   0,    ,    0,    0,    0,    0,
SH, 05, 2013123100, 99, CHP2,  18, 254S, 1194E,  59,  986,   ,   0,    ,    0,    0,    0,    0,
SH, 05, 2013123100, 99, CHP2,  24, 265S, 1207E,  49,  990,   ,   0,    ,    0,    0,    0,    0,
SH, 05, 2013123100, 99, CHP2,  30, 277S, 1220E,  43,  994,   ,   0,    ,    0,    0,    0,    0,
SH, 05, 2013123100, 99, CHP2,  36, 289S, 1232E,  39,  996,   ,   0,    ,    0,    0,    0,    0,
SH, 05, 2013123100, 99, CHP3,   0, 221S, 1169E, 129,  932,   ,   0,    ,    0,    0,    0,    0,
SH, 05, 2013123100, 99, CHP3,   6, 231S, 1175E, 107,  945,   ,   0,    ,    0,    0,    0,    0,
SH, 05, 2013123100, 99, CHP3,  12, 242S, 1181E,  77,  975,   ,   0,    ,    0,    0,    0,    0,
SH, 05, 2013123100, 99, CHP3,  18, 254S, 1194E,  59,  986,   ,   0,    ,    0,    0,    0,    0,
SH, 05, 2013123100, 99, CHP3,  24, 265S, 1207E,  49,  990,   ,   0,    ,    0,    0,    0,    0,
SH, 05, 2013123100, 99, CHP3,  30, 277S, 1220E,  43,  994,   ,   0,    ,    0,    0,    0,    0,
SH, 05, 2013123100, 99, CHP3,  36, 289S, 1232E,  39,  996,   ,   0,    ,    0,    0,    0,    0,
SH, 05, 2013123100, 99, CHP4,   0, 221S, 1169E, 129,  932,   ,   0,    ,    0,    0,    0,    0,
SH, 05, 2013123100, 99, CHP4,   6, 231S, 1175E, 107,  945,   ,   0,    ,    0,    0,    0,    0,
SH, 05, 2013123100, 99, CHP4,  12, 242S, 1181E,  77,  975,   ,   0,    ,    0,    0,    0,    0,
SH, 05, 2013123100, 99, CHP4,  18, 254S, 1194E,  59,  986,   ,   0,    ,    0,    0,    0,    0,
SH, 05, 2013123100, 99, CHP4,  24, 265S, 1207E,  49,  990,   ,   0,    ,    0,    0,    0,    0,
SH, 05, 2013123100, 99, CHP4,  30, 277S, 1220E,  43,  994,   ,   0,    ,    0,    0,    0,    0,
SH, 05, 2013123100, 99, CHP4,  36, 289S, 1232E,  39,  996,   ,   0,    ,    0,    0,    0,    0,
SH, 05, 2013123100, 99, CHP5,   0, 221S, 1169E, 129,  932,   ,   0,    ,    0,    0,    0,    0,
SH, 05, 2013123100, 99, CHP5,   6, 231S, 1175E, 107,  945,   ,   0,    ,    0,    0,    0,    0,
SH, 05, 2013123100, 99, CHP5,  12, 242S, 1181E,  77,  975,   ,   0,    ,    0,    0,    0,    0,
SH, 05, 2013123100, 99, CHP5,  18, 254S, 1194E,  59,  986,   ,   0,    ,    0,    0,    0,    0,
SH, 05, 2013123100, 99, CHP5,  24, 265S, 1207E,  49,  990,   ,   0,    ,    0,    0,    0,    0,
SH, 05, 2013123100, 99, CHP5,  30, 277S, 1220E,  43,  994,   ,   0,    ,    0,    0,    0,    0,
SH, 05, 2013123100, 99, CHP5,  36, 289S, 1232E,  39,  996,   ,   0,    ,    0,    0,    0,    0,
SH, 05, 2013123100, 99, CHP6,   0, 221S, 1169E, 129,  932,   ,   0,    ,    0,    0,    0,    0,
SH, 05, 2013123100, 99, CHP6,   6, 231S, 1175E, 107,  945,   ,   0,    ,    0,    0,    0,    0,
SH, 05, 2013123100, 99, CHP6,  12, 242S, 1181E,  77,  975,   ,   0,    ,    0,    0,    0,    0,
SH, 05, 2013123100, 99, CHP6,  18, 254S, 1194E,  59,  986,   ,   0,    ,    0,    0,    0,    0,
SH, 05, 2013123100, 99, CHP6,  24, 265S, 1207E,  49,  990,   ,   0,    ,    0,    0,    0,    0,
SH, 05, 2013123100, 99, CHP6,  30, 277S, 1220E,  43,  994,   ,   0,    ,    0,    0,    0,    0,
SH, 05, 2013123100, 99, CHP6,  36, 289S, 1232E,  39,  996,   ,   0,    ,    0,    0,    0,    0,
SH, 05, 2013123100, 99, CHP7,   0, 221S, 1169E, 129,  932,   ,   0,    ,    0,    0,    0,    0,
SH, 05, 2013123100, 99, CHP7,   6, 231S, 1175E, 107,  945,   ,   0,    ,    0,    0,    0,    0,
SH, 05, 2013123100, 99, CHP7,  12, 242S, 1181E,  77,  975,   ,   0,    ,    0,    0,    0,    0,
SH, 05, 2013123100, 99, CHP7,  18, 254S, 1194E,  59,  986,   ,   0,    ,    0,    0,    0,    0,
SH, 05, 2013123100, 99, CHP7,  24, 265S, 1207E,  49,  990,   ,   0,    ,    0,    0,    0,    0,
SH, 05, 2013123100, 99, CHP7,  30, 277S, 1220E,  43,  994,   ,   0,    ,    0,    0,    0,    0,
SH, 05, 2013123100, 99, CHP7,  36, 289S, 1232E,  39,  996,   ,   0,    ,    0,    0,    0,    0,
SH, 05, 2013123112, 01, CARQ,   0, 250S, 1187E,  50,  985, XX,  34, NEQ,   90,   90,   80,   80, 1001,  180,  20,   0,   0,   S,   0,   X, 160,  14,  CHRISTINE, M,   ,    ,    ,    ,    ,    ,      TCGP EXTRA DATA, SH052014, JTWC, NCEP_TCVITALS, 
SH, 05, 2013123112, 01, CARQ,   0, 250S, 1187E,  50,  985, XX,  50, NEQ,    0,    0,    0,    0, 1001,  180,  20,   0,   0,   S,   0,   X, 160,  14,  CHRISTINE, M,   ,    ,    ,    ,    ,    ,      TCGP EXTRA DATA, SH052014, JTWC, NCEP_TCVITALS, 
SH, 05, 2013123112, 01, CARQ,   0, 250S, 1187E,  50,  985, XX,  64, NEQ,    0,    0,    0,    0, 1001,  180,  20,   0,   0,   S,   0,   X, 160,  14,  CHRISTINE, M,   ,    ,    ,    ,    ,    ,      TCGP EXTRA DATA, SH052014, JTWC, NCEP_TCVITALS, 
SH, 05, 2014010106, 01, CARQ, -18, 250S, 1187E,  50,  985, XX,  34, NEQ,   90,   90,   80,   80, 1001,  180,  20,   0,   0,   S,   0,   X, 160,  14,  CHRISTINE, M,   ,    ,    ,    ,    ,    ,      TCGP EXTRA DATA, SH052014, JTWC, NCEP_TCVITALS, 
SH, 05, 2014010106, 01, CARQ,   0, 294S, 1243E,  35,  996, XX,  34, NEQ,   90,   90,   80,   80, 1001,  180,  20,   0,   0,   S,   0,   X, 135,  22,  CHRISTINE, S,   ,    ,    ,    ,    ,    ,      TCGP EXTRA DATA, SH052014, JTWC, NCEP_TCVITALS, 
SH, 05, 2014010106, 01, CARQ,   0, 294S, 1243E,  35,  996, XX,  50, NEQ,    0,    0,    0,    0, 1001,  180,  20,   0,   0,   S,   0,   X, 135,  22,  CHRISTINE, S,   ,    ,    ,    ,    ,    ,      TCGP EXTRA DATA, SH052014, JTWC, NCEP_TCVITALS, 
SH, 05, 2014010106, 01, CARQ,   0, 294S, 1243E,  35,  996, XX,  64, NEQ,    0,    0,    0,    0, 1001,  180,  20,   0,   0,   S,   0,   X, 135,  22,  CHRISTINE, S,   ,    ,    ,    ,    ,    ,      TCGP EXTRA DATA, SH052014, JTWC, NCEP_TCVITALS, 
SH, 05, 2014010112, 01, CARQ, -24, 250S, 1187E,  50,  985, XX,  34, NEQ,   90,   90,   80,   80, 1001,  180,  20,   0,   0,   S,   0,   X, 160,  14,  CHRISTINE, M,   ,    ,    ,    ,    ,    ,      TCGP EXTRA DATA, SH052014, JTWC, NCEP_TCVITALS, 
SH, 05, 2014010112, 01, CARQ,  -6, 294S, 1243E,  35,  996, XX,  34, NEQ,   90,   90,   80,   80, 1001,  180,  20,   0,   0,   S,   0,   X, 135,  22,  CHRISTINE, S,   ,    ,    ,    ,    ,    ,      TCGP EXTRA DATA, SH052014, JTWC, NCEP_TCVITALS, 
SH, 05, 2014010112, 01, CARQ,   0, 308S, 1267E,  30, 1000, XX,  34, NEQ,    0,    0,    0,    0, 1002,  180,  30,   0,   0,   S,   0,   X, 130,  23,  CHRISTINE, S,   ,    ,    ,    ,    ,    ,      TCGP EXTRA DATA, SH052014, JTWC, NCEP_TCVITALS, 
SH, 05, 2014010112, 01, CARQ,   0, 308S, 1267E,  30, 1000, XX,  50, NEQ,    0,    0,    0,    0, 1002,  180,  30,   0,   0,   S,   0,   X, 130,  23,  CHRISTINE, S,   ,    ,    ,    ,    ,    ,      TCGP EXTRA DATA, SH052014, JTWC, NCEP_TCVITALS, 
SH, 05, 2014010112, 01, CARQ,   0, 308S, 1267E,  30, 1000, XX,  64, NEQ,    0,    0,    0,    0, 1002,  180,  30,   0,   0,   S,   0,   X, 130,  23,  CHRISTINE, S,   ,    ,    ,    ,    ,    ,      TCGP EXTRA DATA, SH052014, JTWC, NCEP_TCVITALS, 
