SH, 19, 2014031006, 03, HWRF, 000, 189S, 1512E,  36,  996, XX,  34, NEQ, 0000, 0096, 0147, 0000,    0,    0,  93
SH, 19, 2014031006, 03, HWRF, 006, 186S, 1515E,  54, 1000, XX,  34, NEQ, 0000, 0130, 0138, 0072,    0,    0,  32
SH, 19, 2014031006, 03, HWRF, 006, 186S, 1515E,  54, 1000, XX,  50, NEQ, 0000, 0074, 0036, 0000,    0,    0,  32
SH, 19, 2014031006, 03, HWRF, 012, 184S, 1515E,  60,  994, XX,  34, NEQ, 0040, 0120, 0128, 0046,    0,    0,  23
SH, 19, 2014031006, 03, HWRF, 012, 184S, 1515E,  60,  994, XX,  50, NEQ, 0000, 0036, 0033, 0000,    0,    0,  23
SH, 19, 2014031006, 03, HWRF, 018, 185S, 1517E,  51,  998, XX,  34, NEQ, 0062, 0097, 0096, 0000,    0,    0,  21
SH, 19, 2014031006, 03, HWRF, 018, 185S, 1517E,  51,  998, XX,  50, NEQ, 0000, 0000, 0021, 0000,    0,    0,  21
SH, 19, 2014031006, 03, HWRF, 024, 182S, 1516E,  42, 1000, XX,  34, NEQ, 0000, 0129, 0073, 0076,    0,    0,  43
SH, 19, 2014031006, 03, HWRF, 030, 179S, 1524E,  43, 1001, XX,  34, NEQ, 0000, 0125, 0089, 0089,    0,    0,  55
SH, 19, 2014031006, 03, HWRF, 036, 174S, 1529E,  50,  997, XX,  34, NEQ, 0000, 0108, 0069, 0041,    0,    0,  29
SH, 19, 2014031006, 03, HWRF, 036, 174S, 1529E,  50,  997, XX,  50, NEQ, 0000, 0000, 0029, 0000,    0,    0,  29
SH, 19, 2014031006, 03, HWRF, 042, 170S, 1535E,  44,  998, XX,  34, NEQ, 0000, 0060, 0053, 0057,    0,    0,  26
SH, 19, 2014031006, 03, HWRF, 048, 164S, 1544E,  36,  997, XX,  34, NEQ, 0000, 0000, 0058, 0059,    0,    0,  47
SH, 19, 2014031006, 03, HWRF, 054, 158S, 1554E,  43,  996, XX,  34, NEQ, 0000, 0028, 0039, 0044,    0,    0,  19
SH, 19, 2014031006, 03, HWRF, 060, 153S, 1572E,  46,  999, XX,  34, NEQ, 0000, 0052, 0050, 0000,    0,    0,  20
SH, 19, 2014031006, 03, HWRF, 066, 147S, 1582E,  37,  999, XX,  34, NEQ, 0000, 0000, 0034, 0042,    0,    0,  31
SH, 19, 2014031006, 03, HWRF, 072, 141S, 1592E,  40,  997, XX,  34, NEQ, 0000, 0000, 0051, 0057,    0,    0,  43
SH, 19, 2014031006, 03, HWRF, 078, 133S, 1605E,  30,  998, XX,  34, NEQ, 0000, 0000, 0000, 0000,    0,    0,  93
SH, 19, 2014031006, 03, HWRF, 084, 128S, 1613E,  32,  998, XX,  34, NEQ, 0000, 0000, 0000, 0000,    0,    0,  87
SH, 19, 2014031006, 03, HWRF, 090, 125S, 1624E,  30,  999, XX,  34, NEQ, 0000, 0000, 0000, 0000,    0,    0,  14
SH, 19, 2014031006, 03, HWRF, 096, 127S, 1632E,  26,  999, XX,  34, NEQ, 0000, 0000, 0000, 0000,    0,    0,  83
SH, 19, 2014031006, 03, HWRF, 102, 130S, 1644E,  30,  999, XX,  34, NEQ, 0000, 0000, 0000, 0000,    0,    0,  53
SH, 19, 2014031006, 03, HWRF, 108, 134S, 1651E,  30, 1000, XX,  34, NEQ, 0000, 0000, 0000, 0000,    0,    0,   9
SH, 19, 2014031006, 03, HWRF, 114, 136S, 1665E,  29, 1002, XX,  34, NEQ, 0000, 0000, 0000, 0000,    0,    0,  53
SH, 19, 2014031006, 03, HWRF, 120, 149S, 1670E,  24, 1002, XX,  34, NEQ, 0000, 0000, 0000, 0000,    0,    0,  58
SH, 19, 2014031006, 03, HWRF, 126, 143S, 1679E,  26, 1001, XX,  34, NEQ, 0000, 0000, 0000, 0000,    0,    0,  62
SH, 19, 2014031012, 03, HWRF, 000, 190S, 1518E,  34,  997, XX,  34, NEQ, 0000, 0000, 0037, 0000,    0,    0,  35
SH, 19, 2014031012, 03, HWRF, 006, 183S, 1518E,  57, 1000, XX,  34, NEQ, 0045, 0105, 0131, 0039,    0,    0,  23
SH, 19, 2014031012, 03, HWRF, 006, 183S, 1518E,  57, 1000, XX,  50, NEQ, 0000, 0034, 0041, 0000,    0,    0,  23
SH, 19, 2014031012, 03, HWRF, 012, 184S, 1526E,  42, 1002, XX,  34, NEQ, 0000, 0055, 0087, 0000,    0,    0,  27
SH, 19, 2014031012, 03, HWRF, 018, 182S, 1530E,  42, 1000, XX,  34, NEQ, 0000, 0086, 0046, 0044,    0,    0,  49
SH, 19, 2014031012, 03, HWRF, 024, 174S, 1538E,  43, 1002, XX,  34, NEQ, 0000, 0110, 0030, 0000,    0,    0,  54
SH, 19, 2014031012, 03, HWRF, 030, 171S, 1550E,  44, 1000, XX,  34, NEQ, 0000, 0072, 0043, 0031,    0,    0,  16
SH, 19, 2014031012, 03, HWRF, 036, 163S, 1558E,  39,  999, XX,  34, NEQ, 0000, 0047, 0043, 0043,    0,    0,  33
SH, 19, 2014031012, 03, HWRF, 042, 157S, 1573E,  32,  997, XX,  34, NEQ, 0000, 0000, 0000, 0000,    0,    0,  22
SH, 19, 2014031012, 03, HWRF, 048, 151S, 1588E,  41,  997, XX,  34, NEQ, 0000, 0000, 0037, 0041,    0,    0,  26
SH, 19, 2014031012, 03, HWRF, 054, 147S, 1599E,  39,  996, XX,  34, NEQ, 0000, 0020, 0029, 0035,    0,    0,  23
SH, 19, 2014031012, 03, HWRF, 060, 141S, 1610E,  33,  997, XX,  34, NEQ, 0000, 0000, 0000, 0000,    0,    0,  27
SH, 19, 2014031012, 03, HWRF, 066, 134S, 1619E,  38,  997, XX,  34, NEQ, 0000, 0000, 0043, 0061,    0,    0,  36
SH, 19, 2014031012, 03, HWRF, 072, 127S, 1633E,  33,  999, XX,  34, NEQ, 0000, 0000, 0000, 0000,    0,    0,  27
SH, 19, 2014031012, 03, HWRF, 078, 129S, 1649E,  26,  999, XX,  34, NEQ, 0000, 0000, 0000, 0000,    0,    0,  65
SH, 19, 2014031012, 03, HWRF, 084, 131S, 1660E,  25, 1001, XX,  34, NEQ, 0000, 0000, 0000, 0000,    0,    0,  96
SH, 19, 2014031012, 03, HWRF, 090, 130S, 1667E,  30, 1001, XX,  34, NEQ, 0000, 0000, 0000, 0000,    0,    0,  89
SH, 19, 2014031012, 03, HWRF, 096, 135S, 1679E,  27, 1002, XX,  34, NEQ, 0000, 0000, 0000, 0000,    0,    0,  73
SH, 19, 2014031012, 03, HWRF, 102, 141S, 1690E,  33, 1003, XX,  34, NEQ, 0000, 0000, 0000, 0000,    0,    0,  60
SH, 19, 2014031012, 03, HWRF, 108, 145S, 1697E,  27, 1001, XX,  34, NEQ, 0000, 0000, 0000, 0000,    0,    0,  58
SH, 19, 2014031012, 03, HWRF, 114, 147S, 1708E,  25, 1002, XX,  34, NEQ, 0000, 0000, 0000, 0000,    0,    0, 101
SH, 19, 2014031012, 03, HWRF, 120, 143S, 1719E,  28, 1001, XX,  34, NEQ, 0000, 0000, 0000, 0000,    0,    0,  47
SH, 19, 2014031012, 03, HWRF, 126, 148S, 1736E,  30, 1000, XX,  34, NEQ, 0000, 0000, 0000, 0000,    0,    0,  29
SH, 19, 2014031012, 99, CHIP,   0, 188S, 1517E,  35,  998,   ,   0,    ,    0,    0,    0,    0,
SH, 19, 2014031012, 99, CHIP,   6, 185S, 1519E,  37,  998,   ,   0,    ,    0,    0,    0,    0,
SH, 19, 2014031012, 99, CHIP,  12, 182S, 1522E,  40,  997,   ,   0,    ,    0,    0,    0,    0,
SH, 19, 2014031012, 99, CHIP,  18, 178S, 1525E,  43,  996,   ,   0,    ,    0,    0,    0,    0,
SH, 19, 2014031012, 99, CHIP,  24, 174S, 1529E,  48,  995,   ,   0,    ,    0,    0,    0,    0,
SH, 19, 2014031012, 99, CHIP,  30, 169S, 1537E,  52,  993,   ,   0,    ,    0,    0,    0,    0,
SH, 19, 2014031012, 99, CHIP,  36, 164S, 1545E,  57,  992,   ,   0,    ,    0,    0,    0,    0,
SH, 19, 2014031012, 99, CHIP,  42, 158S, 1557E,  63,  989,   ,   0,    ,    0,    0,    0,    0,
SH, 19, 2014031012, 99, CHIP,  48, 152S, 1569E,  65,  987,   ,   0,    ,    0,    0,    0,    0,
SH, 19, 2014031012, 99, CHIP,  54, 147S, 1582E,  69,  983,   ,   0,    ,    0,    0,    0,    0,
SH, 19, 2014031012, 99, CHIP,  60, 142S, 1594E,  73,  980,   ,   0,    ,    0,    0,    0,    0,
SH, 19, 2014031012, 99, CHIP,  66, 137S, 1606E,  77,  978,   ,   0,    ,    0,    0,    0,    0,
SH, 19, 2014031012, 99, CHIP,  72, 132S, 1618E,  80,  976,   ,   0,    ,    0,    0,    0,    0,
SH, 19, 2014031012, 99, CHIP,  78, 131S, 1630E,  81,  975,   ,   0,    ,    0,    0,    0,    0,
SH, 19, 2014031012, 99, CHIP,  84, 130S, 1642E,  81,  975,   ,   0,    ,    0,    0,    0,    0,
SH, 19, 2014031012, 99, CHIP,  90, 129S, 1654E,  80,  976,   ,   0,    ,    0,    0,    0,    0,
SH, 19, 2014031012, 99, CHIP,  96, 129S, 1665E,  78,  977,   ,   0,    ,    0,    0,    0,    0,
SH, 19, 2014031012, 99, CHIP, 102, 129S, 1677E,  77,  978,   ,   0,    ,    0,    0,    0,    0,
SH, 19, 2014031012, 99, CHIP, 108, 130S, 1689E,  75,  979,   ,   0,    ,    0,    0,    0,    0,
SH, 19, 2014031012, 99, CHIP, 114, 131S, 1701E,  74,  980,   ,   0,    ,    0,    0,    0,    0,
SH, 19, 2014031012, 99, CHIP, 120, 132S, 1713E,  74,  980,   ,   0,    ,    0,    0,    0,    0,
SH, 19, 2014031012, 99, CHP2,   0, 188S, 1517E,  38,  998,   ,   0,    ,    0,    0,    0,    0,
SH, 19, 2014031012, 99, CHP2,   6, 185S, 1519E,  42,  996,   ,   0,    ,    0,    0,    0,    0,
SH, 19, 2014031012, 99, CHP2,  12, 182S, 1522E,  46,  994,   ,   0,    ,    0,    0,    0,    0,
SH, 19, 2014031012, 99, CHP2,  18, 178S, 1525E,  51,  993,   ,   0,    ,    0,    0,    0,    0,
SH, 19, 2014031012, 99, CHP2,  24, 174S, 1529E,  57,  990,   ,   0,    ,    0,    0,    0,    0,
SH, 19, 2014031012, 99, CHP2,  30, 169S, 1537E,  63,  988,   ,   0,    ,    0,    0,    0,    0,
SH, 19, 2014031012, 99, CHP2,  36, 164S, 1545E,  71,  984,   ,   0,    ,    0,    0,    0,    0,
SH, 19, 2014031012, 99, CHP2,  42, 158S, 1557E,  78,  980,   ,   0,    ,    0,    0,    0,    0,
SH, 19, 2014031012, 99, CHP2,  48, 152S, 1569E,  83,  975,   ,   0,    ,    0,    0,    0,    0,
SH, 19, 2014031012, 99, CHP2,  54, 147S, 1582E,  88,  969,   ,   0,    ,    0,    0,    0,    0,
SH, 19, 2014031012, 99, CHP2,  60, 142S, 1594E,  94,  964,   ,   0,    ,    0,    0,    0,    0,
SH, 19, 2014031012, 99, CHP2,  66, 137S, 1606E,  98,  961,   ,   0,    ,    0,    0,    0,    0,
SH, 19, 2014031012, 99, CHP2,  72, 132S, 1618E,  98,  960,   ,   0,    ,    0,    0,    0,    0,
SH, 19, 2014031012, 99, CHP2,  78, 131S, 1630E,  96,  962,   ,   0,    ,    0,    0,    0,    0,
SH, 19, 2014031012, 99, CHP2,  84, 130S, 1642E,  93,  965,   ,   0,    ,    0,    0,    0,    0,
SH, 19, 2014031012, 99, CHP2,  90, 129S, 1654E,  89,  968,   ,   0,    ,    0,    0,    0,    0,
SH, 19, 2014031012, 99, CHP2,  96, 129S, 1665E,  85,  972,   ,   0,    ,    0,    0,    0,    0,
SH, 19, 2014031012, 99, CHP2, 102, 129S, 1677E,  82,  974,   ,   0,    ,    0,    0,    0,    0,
SH, 19, 2014031012, 99, CHP2, 108, 130S, 1689E,  80,  976,   ,   0,    ,    0,    0,    0,    0,
SH, 19, 2014031012, 99, CHP2, 114, 131S, 1701E,  78,  977,   ,   0,    ,    0,    0,    0,    0,
SH, 19, 2014031012, 99, CHP2, 120, 132S, 1713E,  76,  978,   ,   0,    ,    0,    0,    0,    0,
SH, 19, 2014031012, 99, CHP3,   0, 188S, 1517E,  30, 1000,   ,   0,    ,    0,    0,    0,    0,
SH, 19, 2014031012, 99, CHP3,   6, 185S, 1519E,  26, 1001,   ,   0,    ,    0,    0,    0,    0,
SH, 19, 2014031012, 99, CHP3,  12, 182S, 1522E,  26, 1001,   ,   0,    ,    0,    0,    0,    0,
SH, 19, 2014031012, 99, CHP3,  18, 178S, 1525E,  25, 1001,   ,   0,    ,    0,    0,    0,    0,
SH, 19, 2014031012, 99, CHP3,  24, 174S, 1529E,  26, 1002,   ,   0,    ,    0,    0,    0,    0,
SH, 19, 2014031012, 99, CHP3,  30, 169S, 1537E,  26, 1002,   ,   0,    ,    0,    0,    0,    0,
SH, 19, 2014031012, 99, CHP3,  36, 164S, 1545E,  28, 1002,   ,   0,    ,    0,    0,    0,    0,
SH, 19, 2014031012, 99, CHP3,  42, 158S, 1557E,  29, 1002,   ,   0,    ,    0,    0,    0,    0,
SH, 19, 2014031012, 99, CHP3,  48, 152S, 1569E,  27, 1002,   ,   0,    ,    0,    0,    0,    0,
SH, 19, 2014031012, 99, CHP3,  54, 147S, 1582E,  26, 1002,   ,   0,    ,    0,    0,    0,    0,
SH, 19, 2014031012, 99, CHP3,  60, 142S, 1594E,  27, 1002,   ,   0,    ,    0,    0,    0,    0,
SH, 19, 2014031012, 99, CHP3,  66, 137S, 1606E,  27, 1001,   ,   0,    ,    0,    0,    0,    0,
SH, 19, 2014031012, 99, CHP3,  72, 132S, 1618E,  28, 1001,   ,   0,    ,    0,    0,    0,    0,
SH, 19, 2014031012, 99, CHP3,  78, 131S, 1630E,  29, 1001,   ,   0,    ,    0,    0,    0,    0,
SH, 19, 2014031012, 99, CHP3,  84, 130S, 1642E,  30, 1001,   ,   0,    ,    0,    0,    0,    0,
SH, 19, 2014031012, 99, CHP3,  90, 129S, 1654E,  31, 1001,   ,   0,    ,    0,    0,    0,    0,
SH, 19, 2014031012, 99, CHP3,  96, 129S, 1665E,  32, 1001,   ,   0,    ,    0,    0,    0,    0,
SH, 19, 2014031012, 99, CHP3, 102, 129S, 1677E,  33, 1000,   ,   0,    ,    0,    0,    0,    0,
SH, 19, 2014031012, 99, CHP3, 108, 130S, 1689E,  33, 1000,   ,   0,    ,    0,    0,    0,    0,
SH, 19, 2014031012, 99, CHP3, 114, 131S, 1701E,  34, 1000,   ,   0,    ,    0,    0,    0,    0,
SH, 19, 2014031012, 99, CHP3, 120, 132S, 1713E,  34, 1000,   ,   0,    ,    0,    0,    0,    0,
SH, 19, 2014031012, 99, CHP4,   0, 188S, 1517E,  37,  998,   ,   0,    ,    0,    0,    0,    0,
SH, 19, 2014031012, 99, CHP4,   6, 185S, 1519E,  35,  998,   ,   0,    ,    0,    0,    0,    0,
SH, 19, 2014031012, 99, CHP4,  12, 182S, 1522E,  38,  998,   ,   0,    ,    0,    0,    0,    0,
SH, 19, 2014031012, 99, CHP4,  18, 178S, 1525E,  40,  997,   ,   0,    ,    0,    0,    0,    0,
SH, 19, 2014031012, 99, CHP4,  24, 174S, 1529E,  43,  997,   ,   0,    ,    0,    0,    0,    0,
SH, 19, 2014031012, 99, CHP4,  30, 169S, 1537E,  47,  996,   ,   0,    ,    0,    0,    0,    0,
SH, 19, 2014031012, 99, CHP4,  36, 164S, 1545E,  51,  995,   ,   0,    ,    0,    0,    0,    0,
SH, 19, 2014031012, 99, CHP4,  42, 158S, 1557E,  55,  993,   ,   0,    ,    0,    0,    0,    0,
SH, 19, 2014031012, 99, CHP4,  48, 152S, 1569E,  56,  992,   ,   0,    ,    0,    0,    0,    0,
SH, 19, 2014031012, 99, CHP4,  54, 147S, 1582E,  58,  990,   ,   0,    ,    0,    0,    0,    0,
SH, 19, 2014031012, 99, CHP4,  60, 142S, 1594E,  61,  988,   ,   0,    ,    0,    0,    0,    0,
SH, 19, 2014031012, 99, CHP4,  66, 137S, 1606E,  65,  986,   ,   0,    ,    0,    0,    0,    0,
SH, 19, 2014031012, 99, CHP4,  72, 132S, 1618E,  67,  985,   ,   0,    ,    0,    0,    0,    0,
SH, 19, 2014031012, 99, CHP4,  78, 131S, 1630E,  69,  984,   ,   0,    ,    0,    0,    0,    0,
SH, 19, 2014031012, 99, CHP4,  84, 130S, 1642E,  69,  983,   ,   0,    ,    0,    0,    0,    0,
SH, 19, 2014031012, 99, CHP4,  90, 129S, 1654E,  69,  983,   ,   0,    ,    0,    0,    0,    0,
SH, 19, 2014031012, 99, CHP4,  96, 129S, 1665E,  69,  983,   ,   0,    ,    0,    0,    0,    0,
SH, 19, 2014031012, 99, CHP4, 102, 129S, 1677E,  69,  984,   ,   0,    ,    0,    0,    0,    0,
SH, 19, 2014031012, 99, CHP4, 108, 130S, 1689E,  68,  984,   ,   0,    ,    0,    0,    0,    0,
SH, 19, 2014031012, 99, CHP4, 114, 131S, 1701E,  68,  984,   ,   0,    ,    0,    0,    0,    0,
SH, 19, 2014031012, 99, CHP4, 120, 132S, 1713E,  68,  984,   ,   0,    ,    0,    0,    0,    0,
SH, 19, 2014031012, 99, CHP5,   0, 188S, 1517E,  30, 1000,   ,   0,    ,    0,    0,    0,    0,
SH, 19, 2014031012, 99, CHP5,   6, 185S, 1519E,  27, 1001,   ,   0,    ,    0,    0,    0,    0,
SH, 19, 2014031012, 99, CHP5,  12, 182S, 1522E,  28, 1001,   ,   0,    ,    0,    0,    0,    0,
SH, 19, 2014031012, 99, CHP5,  18, 178S, 1525E,  29, 1001,   ,   0,    ,    0,    0,    0,    0,
SH, 19, 2014031012, 99, CHP5,  24, 174S, 1529E,  32, 1000,   ,   0,    ,    0,    0,    0,    0,
SH, 19, 2014031012, 99, CHP5,  30, 169S, 1537E,  34, 1000,   ,   0,    ,    0,    0,    0,    0,
SH, 19, 2014031012, 99, CHP5,  36, 164S, 1545E,  37, 1000,   ,   0,    ,    0,    0,    0,    0,
SH, 19, 2014031012, 99, CHP5,  42, 158S, 1557E,  39,  999,   ,   0,    ,    0,    0,    0,    0,
SH, 19, 2014031012, 99, CHP5,  48, 152S, 1569E,  38,  999,   ,   0,    ,    0,    0,    0,    0,
SH, 19, 2014031012, 99, CHP5,  54, 147S, 1582E,  38,  998,   ,   0,    ,    0,    0,    0,    0,
SH, 19, 2014031012, 99, CHP5,  60, 142S, 1594E,  40,  998,   ,   0,    ,    0,    0,    0,    0,
SH, 19, 2014031012, 99, CHP5,  66, 137S, 1606E,  41,  997,   ,   0,    ,    0,    0,    0,    0,
SH, 19, 2014031012, 99, CHP5,  72, 132S, 1618E,  43,  997,   ,   0,    ,    0,    0,    0,    0,
SH, 19, 2014031012, 99, CHP5,  78, 131S, 1630E,  45,  996,   ,   0,    ,    0,    0,    0,    0,
SH, 19, 2014031012, 99, CHP5,  84, 130S, 1642E,  46,  996,   ,   0,    ,    0,    0,    0,    0,
SH, 19, 2014031012, 99, CHP5,  90, 129S, 1654E,  47,  995,   ,   0,    ,    0,    0,    0,    0,
SH, 19, 2014031012, 99, CHP5,  96, 129S, 1665E,  48,  995,   ,   0,    ,    0,    0,    0,    0,
SH, 19, 2014031012, 99, CHP5, 102, 129S, 1677E,  48,  995,   ,   0,    ,    0,    0,    0,    0,
SH, 19, 2014031012, 99, CHP5, 108, 130S, 1689E,  49,  994,   ,   0,    ,    0,    0,    0,    0,
SH, 19, 2014031012, 99, CHP5, 114, 131S, 1701E,  50,  994,   ,   0,    ,    0,    0,    0,    0,
SH, 19, 2014031012, 99, CHP5, 120, 132S, 1713E,  50,  994,   ,   0,    ,    0,    0,    0,    0,
SH, 19, 2014031012, 99, CHP6,   0, 188S, 1517E,  36,  998,   ,   0,    ,    0,    0,    0,    0,
SH, 19, 2014031012, 99, CHP6,   6, 185S, 1519E,  38,  997,   ,   0,    ,    0,    0,    0,    0,
SH, 19, 2014031012, 99, CHP6,  12, 182S, 1522E,  43,  996,   ,   0,    ,    0,    0,    0,    0,
SH, 19, 2014031012, 99, CHP6,  18, 178S, 1525E,  47,  995,   ,   0,    ,    0,    0,    0,    0,
SH, 19, 2014031012, 99, CHP6,  24, 174S, 1529E,  53,  993,   ,   0,    ,    0,    0,    0,    0,
SH, 19, 2014031012, 99, CHP6,  30, 169S, 1537E,  59,  990,   ,   0,    ,    0,    0,    0,    0,
SH, 19, 2014031012, 99, CHP6,  36, 164S, 1545E,  69,  985,   ,   0,    ,    0,    0,    0,    0,
SH, 19, 2014031012, 99, CHP6,  42, 158S, 1557E,  83,  977,   ,   0,    ,    0,    0,    0,    0,
SH, 19, 2014031012, 99, CHP6,  48, 152S, 1569E, 100,  960,   ,   0,    ,    0,    0,    0,    0,
SH, 19, 2014031012, 99, CHP6,  54, 147S, 1582E, 126,  933,   ,   0,    ,    0,    0,    0,    0,
SH, 19, 2014031012, 99, CHP6,  60, 142S, 1594E, 145,  909,   ,   0,    ,    0,    0,    0,    0,
SH, 19, 2014031012, 99, CHP6,  66, 137S, 1606E, 142,  911,   ,   0,    ,    0,    0,    0,    0,
SH, 19, 2014031012, 99, CHP6,  72, 132S, 1618E, 132,  923,   ,   0,    ,    0,    0,    0,    0,
SH, 19, 2014031012, 99, CHP6,  78, 131S, 1630E, 122,  936,   ,   0,    ,    0,    0,    0,    0,
SH, 19, 2014031012, 99, CHP6,  84, 130S, 1642E, 114,  945,   ,   0,    ,    0,    0,    0,    0,
SH, 19, 2014031012, 99, CHP6,  90, 129S, 1654E, 108,  951,   ,   0,    ,    0,    0,    0,    0,
SH, 19, 2014031012, 99, CHP6,  96, 129S, 1665E, 102,  957,   ,   0,    ,    0,    0,    0,    0,
SH, 19, 2014031012, 99, CHP6, 102, 129S, 1677E,  98,  961,   ,   0,    ,    0,    0,    0,    0,
SH, 19, 2014031012, 99, CHP6, 108, 130S, 1689E,  96,  963,   ,   0,    ,    0,    0,    0,    0,
SH, 19, 2014031012, 99, CHP6, 114, 131S, 1701E,  95,  964,   ,   0,    ,    0,    0,    0,    0,
SH, 19, 2014031012, 99, CHP6, 120, 132S, 1713E,  94,  964,   ,   0,    ,    0,    0,    0,    0,
SH, 19, 2014031012, 99, CHP7,   0, 188S, 1517E,  32,  999,   ,   0,    ,    0,    0,    0,    0,
SH, 19, 2014031012, 99, CHP7,   6, 185S, 1519E,  27, 1000,   ,   0,    ,    0,    0,    0,    0,
SH, 19, 2014031012, 99, CHP7,  12, 182S, 1522E,  26, 1001,   ,   0,    ,    0,    0,    0,    0,
SH, 19, 2014031012, 99, CHP7,  18, 178S, 1525E,  25, 1001,   ,   0,    ,    0,    0,    0,    0,
SH, 19, 2014031012, 99, CHP7,  24, 174S, 1529E,  26, 1002,   ,   0,    ,    0,    0,    0,    0,
SH, 19, 2014031012, 99, CHP7,  30, 169S, 1537E,  25, 1002,   ,   0,    ,    0,    0,    0,    0,
SH, 19, 2014031012, 99, CHP7,  36, 164S, 1545E,  27, 1002,   ,   0,    ,    0,    0,    0,    0,
SH, 19, 2014031012, 99, CHP7,  42, 158S, 1557E,  27, 1002,   ,   0,    ,    0,    0,    0,    0,
SH, 19, 2014031012, 99, CHP7,  48, 152S, 1569E,  24, 1002,   ,   0,    ,    0,    0,    0,    0,
SH, 19, 2014031012, 99, CHP7,  54, 147S, 1582E,  22, 1002,   ,   0,    ,    0,    0,    0,    0,
SH, 19, 2014031012, 99, CHP7,  60, 142S, 1594E,  22, 1002,   ,   0,    ,    0,    0,    0,    0,
SH, 19, 2014031012, 99, CHP7,  66, 137S, 1606E,  22, 1002,   ,   0,    ,    0,    0,    0,    0,
SH, 19, 2014031012, 99, CHP7,  72, 132S, 1618E,  22, 1003,   ,   0,    ,    0,    0,    0,    0,
SH, 19, 2014031012, 99, CHP7,  78, 131S, 1630E,  23, 1003,   ,   0,    ,    0,    0,    0,    0,
SH, 19, 2014031012, 99, CHP7,  84, 130S, 1642E,  23, 1002,   ,   0,    ,    0,    0,    0,    0,
SH, 19, 2014031012, 99, CHP7,  90, 129S, 1654E,  23, 1002,   ,   0,    ,    0,    0,    0,    0,
SH, 19, 2014031012, 99, CHP7,  96, 129S, 1665E,  24, 1002,   ,   0,    ,    0,    0,    0,    0,
SH, 19, 2014031012, 99, CHP7, 102, 129S, 1677E,  25, 1002,   ,   0,    ,    0,    0,    0,    0,
SH, 19, 2014031012, 99, CHP7, 108, 130S, 1689E,  25, 1002,   ,   0,    ,    0,    0,    0,    0,
SH, 19, 2014031012, 99, CHP7, 114, 131S, 1701E,  26, 1002,   ,   0,    ,    0,    0,    0,    0,
SH, 19, 2014031012, 99, CHP7, 120, 132S, 1713E,  26, 1002,   ,   0,    ,    0,    0,    0,    0,
SH, 19, 2014031018, 03, HWRF, 000, 192S, 1521E,  34,  999, XX,  34, NEQ, 0000, 0000, 0037, 0000,    0,    0,  32
SH, 19, 2014031018, 03, HWRF, 006, 183S, 1521E,  53, 1002, XX,  34, NEQ, 0000, 0054, 0054, 0034,    0,    0,  17
SH, 19, 2014031018, 03, HWRF, 006, 183S, 1521E,  53, 1002, XX,  50, NEQ, 0000, 0000, 0020, 0000,    0,    0,  17
SH, 19, 2014031018, 03, HWRF, 012, 181S, 1523E,  37, 1000, XX,  34, NEQ, 0000, 0093, 0026, 0000,    0,    0,  20
SH, 19, 2014031018, 03, HWRF, 018, 176S, 1534E,  41, 1002, XX,  34, NEQ, 0000, 0087, 0045, 0070,    0,    0,  20
SH, 19, 2014031018, 03, HWRF, 024, 172S, 1542E,  44,  999, XX,  34, NEQ, 0000, 0064, 0053, 0055,    0,    0,  32
SH, 19, 2014031018, 03, HWRF, 030, 164S, 1549E,  46,  996, XX,  34, NEQ, 0000, 0041, 0052, 0050,    0,    0,  36
SH, 19, 2014031018, 03, HWRF, 036, 157S, 1556E,  35,  998, XX,  34, NEQ, 0000, 0000, 0036, 0036,    0,    0,  32
SH, 19, 2014031018, 03, HWRF, 042, 148S, 1563E,  46,  997, XX,  34, NEQ, 0000, 0025, 0046, 0043,    0,    0,  31
SH, 19, 2014031018, 03, HWRF, 048, 139S, 1578E,  34,  998, XX,  34, NEQ, 0000, 0000, 0000, 0000,    0,    0,  34
SH, 19, 2014031018, 03, HWRF, 054, 132S, 1594E,  36,  999, XX,  34, NEQ, 0000, 0000, 0039, 0054,    0,    0,  45
SH, 19, 2014031018, 03, HWRF, 060, 127S, 1611E,  34,  999, XX,  34, NEQ, 0000, 0000, 0000, 0110,    0,    0, 106
SH, 19, 2014031018, 03, HWRF, 066, 123S, 1628E,  29, 1000, XX,  34, NEQ, 0000, 0000, 0000, 0000,    0,    0,  98
SH, 19, 2014031018, 03, HWRF, 072, 121S, 1642E,  26, 1001, XX,  34, NEQ, 0000, 0000, 0000, 0000,    0,    0,  41
SH, 19, 2014031018, 03, HWRF, 078, 122S, 1650E,  24, 1001, XX,  34, NEQ, 0000, 0000, 0000, 0000,    0,    0,  76
SH, 19, 2014031018, 03, HWRF, 084, 118S, 1656E,  24, 1002, XX,  34, NEQ, 0000, 0000, 0000, 0000,    0,    0,  76
SH, 19, 2014031018, 03, HWRF, 090, 121S, 1667E,  29, 1003, XX,  34, NEQ, 0000, 0000, 0000, 0000,    0,    0,  82
SH, 19, 2014031018, 03, HWRF, 096, 126S, 1671E,  27, 1002, XX,  34, NEQ, 0000, 0000, 0000, 0000,    0,    0,  93
SH, 19, 2014031018, 03, HWRF, 102, 132S, 1684E,  24, 1003, XX,  34, NEQ, 0000, 0000, 0000, 0000,    0,    0,  60
SH, 19, 2014031018, 03, HWRF, 108, 137S, 1689E,  29, 1003, XX,  34, NEQ, 0000, 0000, 0000, 0000,    0,    0,  74
SH, 19, 2014031018, 03, HWRF, 114, 139S, 1691E,  24, 1003, XX,  34, NEQ, 0000, 0000, 0000, 0000,    0,    0,  61
SH, 19, 2014031018, 03, HWRF, 120, 132S, 1698E,  28, 1003, XX,  34, NEQ, 0000, 0000, 0000, 0000,    0,    0, 106
SH, 19, 2014031018, 03, HWRF, 126, 132S, 1699E,  25, 1002, XX,  34, NEQ, 0000, 0000, 0000, 0000,    0,    0,  52
SH, 19, 2014031018, 99, CHIP,   0, 190S, 1519E,  35,  998,   ,   0,    ,    0,    0,    0,    0,
SH, 19, 2014031018, 99, CHIP,   6, 188S, 1521E,  37,  998,   ,   0,    ,    0,    0,    0,    0,
SH, 19, 2014031018, 99, CHIP,  12, 186S, 1524E,  40,  997,   ,   0,    ,    0,    0,    0,    0,
SH, 19, 2014031018, 99, CHIP,  18, 180S, 1527E,  43,  996,   ,   0,    ,    0,    0,    0,    0,
SH, 19, 2014031018, 99, CHIP,  24, 173S, 1531E,  47,  995,   ,   0,    ,    0,    0,    0,    0,
SH, 19, 2014031018, 99, CHIP,  30, 166S, 1537E,  51,  994,   ,   0,    ,    0,    0,    0,    0,
SH, 19, 2014031018, 99, CHIP,  36, 159S, 1543E,  57,  992,   ,   0,    ,    0,    0,    0,    0,
SH, 19, 2014031018, 99, CHIP,  42, 152S, 1551E,  62,  990,   ,   0,    ,    0,    0,    0,    0,
SH, 19, 2014031018, 99, CHIP,  48, 145S, 1559E,  65,  987,   ,   0,    ,    0,    0,    0,    0,
SH, 19, 2014031018, 99, CHIP,  54, 139S, 1572E,  70,  983,   ,   0,    ,    0,    0,    0,    0,
SH, 19, 2014031018, 99, CHIP,  60, 134S, 1584E,  78,  977,   ,   0,    ,    0,    0,    0,    0,
SH, 19, 2014031018, 99, CHIP,  66, 128S, 1597E,  88,  970,   ,   0,    ,    0,    0,    0,    0,
SH, 19, 2014031018, 99, CHIP,  72, 123S, 1609E,  99,  961,   ,   0,    ,    0,    0,    0,    0,
SH, 19, 2014031018, 99, CHIP,  78, 123S, 1623E, 109,  951,   ,   0,    ,    0,    0,    0,    0,
SH, 19, 2014031018, 99, CHIP,  84, 123S, 1636E, 116,  944,   ,   0,    ,    0,    0,    0,    0,
SH, 19, 2014031018, 99, CHIP,  90, 123S, 1649E, 116,  945,   ,   0,    ,    0,    0,    0,    0,
SH, 19, 2014031018, 99, CHIP,  96, 124S, 1662E, 109,  951,   ,   0,    ,    0,    0,    0,    0,
SH, 19, 2014031018, 99, CHIP, 102, 128S, 1676E, 103,  957,   ,   0,    ,    0,    0,    0,    0,
SH, 19, 2014031018, 99, CHIP, 108, 131S, 1690E,  98,  962,   ,   0,    ,    0,    0,    0,    0,
SH, 19, 2014031018, 99, CHIP, 114, 135S, 1704E,  96,  964,   ,   0,    ,    0,    0,    0,    0,
SH, 19, 2014031018, 99, CHIP, 120, 139S, 1718E,  97,  963,   ,   0,    ,    0,    0,    0,    0,
SH, 19, 2014031018, 99, CHP2,   0, 190S, 1519E,  35,  998,   ,   0,    ,    0,    0,    0,    0,
SH, 19, 2014031018, 99, CHP2,   6, 188S, 1521E,  40,  997,   ,   0,    ,    0,    0,    0,    0,
SH, 19, 2014031018, 99, CHP2,  12, 186S, 1524E,  45,  995,   ,   0,    ,    0,    0,    0,    0,
SH, 19, 2014031018, 99, CHP2,  18, 180S, 1527E,  49,  993,   ,   0,    ,    0,    0,    0,    0,
SH, 19, 2014031018, 99, CHP2,  24, 173S, 1531E,  55,  991,   ,   0,    ,    0,    0,    0,    0,
SH, 19, 2014031018, 99, CHP2,  30, 166S, 1537E,  61,  989,   ,   0,    ,    0,    0,    0,    0,
SH, 19, 2014031018, 99, CHP2,  36, 159S, 1543E,  69,  986,   ,   0,    ,    0,    0,    0,    0,
SH, 19, 2014031018, 99, CHP2,  42, 152S, 1551E,  77,  981,   ,   0,    ,    0,    0,    0,    0,
SH, 19, 2014031018, 99, CHP2,  48, 145S, 1559E,  83,  975,   ,   0,    ,    0,    0,    0,    0,
SH, 19, 2014031018, 99, CHP2,  54, 139S, 1572E,  92,  966,   ,   0,    ,    0,    0,    0,    0,
SH, 19, 2014031018, 99, CHP2,  60, 134S, 1584E, 105,  954,   ,   0,    ,    0,    0,    0,    0,
SH, 19, 2014031018, 99, CHP2,  66, 128S, 1597E, 120,  940,   ,   0,    ,    0,    0,    0,    0,
SH, 19, 2014031018, 99, CHP2,  72, 123S, 1609E, 131,  927,   ,   0,    ,    0,    0,    0,    0,
SH, 19, 2014031018, 99, CHP2,  78, 123S, 1623E, 136,  921,   ,   0,    ,    0,    0,    0,    0,
SH, 19, 2014031018, 99, CHP2,  84, 123S, 1636E, 134,  924,   ,   0,    ,    0,    0,    0,    0,
SH, 19, 2014031018, 99, CHP2,  90, 123S, 1649E, 123,  936,   ,   0,    ,    0,    0,    0,    0,
SH, 19, 2014031018, 99, CHP2,  96, 124S, 1662E, 112,  948,   ,   0,    ,    0,    0,    0,    0,
SH, 19, 2014031018, 99, CHP2, 102, 128S, 1676E, 104,  956,   ,   0,    ,    0,    0,    0,    0,
SH, 19, 2014031018, 99, CHP2, 108, 131S, 1690E,  98,  962,   ,   0,    ,    0,    0,    0,    0,
SH, 19, 2014031018, 99, CHP2, 114, 135S, 1704E,  95,  964,   ,   0,    ,    0,    0,    0,    0,
SH, 19, 2014031018, 99, CHP2, 120, 139S, 1718E,  96,  964,   ,   0,    ,    0,    0,    0,    0,
SH, 19, 2014031018, 99, CHP3,   0, 190S, 1519E,  30, 1000,   ,   0,    ,    0,    0,    0,    0,
SH, 19, 2014031018, 99, CHP3,   6, 188S, 1521E,  28, 1000,   ,   0,    ,    0,    0,    0,    0,
SH, 19, 2014031018, 99, CHP3,  12, 186S, 1524E,  28, 1000,   ,   0,    ,    0,    0,    0,    0,
SH, 19, 2014031018, 99, CHP3,  18, 180S, 1527E,  27, 1001,   ,   0,    ,    0,    0,    0,    0,
SH, 19, 2014031018, 99, CHP3,  24, 173S, 1531E,  29, 1001,   ,   0,    ,    0,    0,    0,    0,
SH, 19, 2014031018, 99, CHP3,  30, 166S, 1537E,  30, 1001,   ,   0,    ,    0,    0,    0,    0,
SH, 19, 2014031018, 99, CHP3,  36, 159S, 1543E,  33, 1001,   ,   0,    ,    0,    0,    0,    0,
SH, 19, 2014031018, 99, CHP3,  42, 152S, 1551E,  35, 1000,   ,   0,    ,    0,    0,    0,    0,
SH, 19, 2014031018, 99, CHP3,  48, 145S, 1559E,  35, 1000,   ,   0,    ,    0,    0,    0,    0,
SH, 19, 2014031018, 99, CHP3,  54, 139S, 1572E,  35, 1000,   ,   0,    ,    0,    0,    0,    0,
SH, 19, 2014031018, 99, CHP3,  60, 134S, 1584E,  36,  999,   ,   0,    ,    0,    0,    0,    0,
SH, 19, 2014031018, 99, CHP3,  66, 128S, 1597E,  37,  999,   ,   0,    ,    0,    0,    0,    0,
SH, 19, 2014031018, 99, CHP3,  72, 123S, 1609E,  40,  998,   ,   0,    ,    0,    0,    0,    0,
SH, 19, 2014031018, 99, CHP3,  78, 123S, 1623E,  42,  998,   ,   0,    ,    0,    0,    0,    0,
SH, 19, 2014031018, 99, CHP3,  84, 123S, 1636E,  44,  997,   ,   0,    ,    0,    0,    0,    0,
SH, 19, 2014031018, 99, CHP3,  90, 123S, 1649E,  46,  996,   ,   0,    ,    0,    0,    0,    0,
SH, 19, 2014031018, 99, CHP3,  96, 124S, 1662E,  47,  995,   ,   0,    ,    0,    0,    0,    0,
SH, 19, 2014031018, 99, CHP3, 102, 128S, 1676E,  49,  995,   ,   0,    ,    0,    0,    0,    0,
SH, 19, 2014031018, 99, CHP3, 108, 131S, 1690E,  50,  994,   ,   0,    ,    0,    0,    0,    0,
SH, 19, 2014031018, 99, CHP3, 114, 135S, 1704E,  51,  994,   ,   0,    ,    0,    0,    0,    0,
SH, 19, 2014031018, 99, CHP3, 120, 139S, 1718E,  53,  993,   ,   0,    ,    0,    0,    0,    0,
SH, 19, 2014031018, 99, CHP4,   0, 190S, 1519E,  35,  999,   ,   0,    ,    0,    0,    0,    0,
SH, 19, 2014031018, 99, CHP4,   6, 188S, 1521E,  37,  998,   ,   0,    ,    0,    0,    0,    0,
SH, 19, 2014031018, 99, CHP4,  12, 186S, 1524E,  40,  997,   ,   0,    ,    0,    0,    0,    0,
SH, 19, 2014031018, 99, CHP4,  18, 180S, 1527E,  43,  996,   ,   0,    ,    0,    0,    0,    0,
SH, 19, 2014031018, 99, CHP4,  24, 173S, 1531E,  47,  995,   ,   0,    ,    0,    0,    0,    0,
SH, 19, 2014031018, 99, CHP4,  30, 166S, 1537E,  51,  994,   ,   0,    ,    0,    0,    0,    0,
SH, 19, 2014031018, 99, CHP4,  36, 159S, 1543E,  57,  992,   ,   0,    ,    0,    0,    0,    0,
SH, 19, 2014031018, 99, CHP4,  42, 152S, 1551E,  62,  990,   ,   0,    ,    0,    0,    0,    0,
SH, 19, 2014031018, 99, CHP4,  48, 145S, 1559E,  65,  987,   ,   0,    ,    0,    0,    0,    0,
SH, 19, 2014031018, 99, CHP4,  54, 139S, 1572E,  71,  983,   ,   0,    ,    0,    0,    0,    0,
SH, 19, 2014031018, 99, CHP4,  60, 134S, 1584E,  79,  977,   ,   0,    ,    0,    0,    0,    0,
SH, 19, 2014031018, 99, CHP4,  66, 128S, 1597E,  89,  969,   ,   0,    ,    0,    0,    0,    0,
SH, 19, 2014031018, 99, CHP4,  72, 123S, 1609E, 100,  960,   ,   0,    ,    0,    0,    0,    0,
SH, 19, 2014031018, 99, CHP4,  78, 123S, 1623E, 111,  950,   ,   0,    ,    0,    0,    0,    0,
SH, 19, 2014031018, 99, CHP4,  84, 123S, 1636E, 118,  943,   ,   0,    ,    0,    0,    0,    0,
SH, 19, 2014031018, 99, CHP4,  90, 123S, 1649E, 116,  944,   ,   0,    ,    0,    0,    0,    0,
SH, 19, 2014031018, 99, CHP4,  96, 124S, 1662E, 110,  950,   ,   0,    ,    0,    0,    0,    0,
SH, 19, 2014031018, 99, CHP4, 102, 128S, 1676E, 103,  957,   ,   0,    ,    0,    0,    0,    0,
SH, 19, 2014031018, 99, CHP4, 108, 131S, 1690E,  98,  962,   ,   0,    ,    0,    0,    0,    0,
SH, 19, 2014031018, 99, CHP4, 114, 135S, 1704E,  96,  964,   ,   0,    ,    0,    0,    0,    0,
SH, 19, 2014031018, 99, CHP4, 120, 139S, 1718E,  97,  963,   ,   0,    ,    0,    0,    0,    0,
SH, 19, 2014031018, 99, CHP5,   0, 190S, 1519E,  33,  999,   ,   0,    ,    0,    0,    0,    0,
SH, 19, 2014031018, 99, CHP5,   6, 188S, 1521E,  33,  999,   ,   0,    ,    0,    0,    0,    0,
SH, 19, 2014031018, 99, CHP5,  12, 186S, 1524E,  36,  998,   ,   0,    ,    0,    0,    0,    0,
SH, 19, 2014031018, 99, CHP5,  18, 180S, 1527E,  38,  998,   ,   0,    ,    0,    0,    0,    0,
SH, 19, 2014031018, 99, CHP5,  24, 173S, 1531E,  42,  997,   ,   0,    ,    0,    0,    0,    0,
SH, 19, 2014031018, 99, CHP5,  30, 166S, 1537E,  45,  997,   ,   0,    ,    0,    0,    0,    0,
SH, 19, 2014031018, 99, CHP5,  36, 159S, 1543E,  49,  996,   ,   0,    ,    0,    0,    0,    0,
SH, 19, 2014031018, 99, CHP5,  42, 152S, 1551E,  53,  994,   ,   0,    ,    0,    0,    0,    0,
SH, 19, 2014031018, 99, CHP5,  48, 145S, 1559E,  53,  993,   ,   0,    ,    0,    0,    0,    0,
SH, 19, 2014031018, 99, CHP5,  54, 139S, 1572E,  56,  991,   ,   0,    ,    0,    0,    0,    0,
SH, 19, 2014031018, 99, CHP5,  60, 134S, 1584E,  61,  989,   ,   0,    ,    0,    0,    0,    0,
SH, 19, 2014031018, 99, CHP5,  66, 128S, 1597E,  67,  985,   ,   0,    ,    0,    0,    0,    0,
SH, 19, 2014031018, 99, CHP5,  72, 123S, 1609E,  74,  981,   ,   0,    ,    0,    0,    0,    0,
SH, 19, 2014031018, 99, CHP5,  78, 123S, 1623E,  81,  976,   ,   0,    ,    0,    0,    0,    0,
SH, 19, 2014031018, 99, CHP5,  84, 123S, 1636E,  88,  971,   ,   0,    ,    0,    0,    0,    0,
SH, 19, 2014031018, 99, CHP5,  90, 123S, 1649E,  92,  967,   ,   0,    ,    0,    0,    0,    0,
SH, 19, 2014031018, 99, CHP5,  96, 124S, 1662E,  93,  967,   ,   0,    ,    0,    0,    0,    0,
SH, 19, 2014031018, 99, CHP5, 102, 128S, 1676E,  92,  967,   ,   0,    ,    0,    0,    0,    0,
SH, 19, 2014031018, 99, CHP5, 108, 131S, 1690E,  91,  968,   ,   0,    ,    0,    0,    0,    0,
SH, 19, 2014031018, 99, CHP5, 114, 135S, 1704E,  90,  969,   ,   0,    ,    0,    0,    0,    0,
SH, 19, 2014031018, 99, CHP5, 120, 139S, 1718E,  92,  967,   ,   0,    ,    0,    0,    0,    0,
SH, 19, 2014031018, 99, CHP6,   0, 190S, 1519E,  34,  999,   ,   0,    ,    0,    0,    0,    0,
SH, 19, 2014031018, 99, CHP6,   6, 188S, 1521E,  38,  997,   ,   0,    ,    0,    0,    0,    0,
SH, 19, 2014031018, 99, CHP6,  12, 186S, 1524E,  43,  996,   ,   0,    ,    0,    0,    0,    0,
SH, 19, 2014031018, 99, CHP6,  18, 180S, 1527E,  47,  995,   ,   0,    ,    0,    0,    0,    0,
SH, 19, 2014031018, 99, CHP6,  24, 173S, 1531E,  52,  993,   ,   0,    ,    0,    0,    0,    0,
SH, 19, 2014031018, 99, CHP6,  30, 166S, 1537E,  59,  990,   ,   0,    ,    0,    0,    0,    0,
SH, 19, 2014031018, 99, CHP6,  36, 159S, 1543E,  70,  985,   ,   0,    ,    0,    0,    0,    0,
SH, 19, 2014031018, 99, CHP6,  42, 152S, 1551E,  84,  976,   ,   0,    ,    0,    0,    0,    0,
SH, 19, 2014031018, 99, CHP6,  48, 145S, 1559E, 104,  957,   ,   0,    ,    0,    0,    0,    0,
SH, 19, 2014031018, 99, CHP6,  54, 139S, 1572E, 137,  920,   ,   0,    ,    0,    0,    0,    0,
SH, 19, 2014031018, 99, CHP6,  60, 134S, 1584E, 156,  894,   ,   0,    ,    0,    0,    0,    0,
SH, 19, 2014031018, 99, CHP6,  66, 128S, 1597E, 150,  901,   ,   0,    ,    0,    0,    0,    0,
SH, 19, 2014031018, 99, CHP6,  72, 123S, 1609E, 148,  905,   ,   0,    ,    0,    0,    0,    0,
SH, 19, 2014031018, 99, CHP6,  78, 123S, 1623E, 151,  902,   ,   0,    ,    0,    0,    0,    0,
SH, 19, 2014031018, 99, CHP6,  84, 123S, 1636E, 148,  906,   ,   0,    ,    0,    0,    0,    0,
SH, 19, 2014031018, 99, CHP6,  90, 123S, 1649E, 139,  917,   ,   0,    ,    0,    0,    0,    0,
SH, 19, 2014031018, 99, CHP6,  96, 124S, 1662E, 129,  930,   ,   0,    ,    0,    0,    0,    0,
SH, 19, 2014031018, 99, CHP6, 102, 128S, 1676E, 120,  940,   ,   0,    ,    0,    0,    0,    0,
SH, 19, 2014031018, 99, CHP6, 108, 131S, 1690E, 114,  946,   ,   0,    ,    0,    0,    0,    0,
SH, 19, 2014031018, 99, CHP6, 114, 135S, 1704E, 114,  946,   ,   0,    ,    0,    0,    0,    0,
SH, 19, 2014031018, 99, CHP6, 120, 139S, 1718E, 123,  937,   ,   0,    ,    0,    0,    0,    0,
SH, 19, 2014031018, 99, CHP7,   0, 190S, 1519E,  32,  999,   ,   0,    ,    0,    0,    0,    0,
SH, 19, 2014031018, 99, CHP7,   6, 188S, 1521E,  29, 1000,   ,   0,    ,    0,    0,    0,    0,
SH, 19, 2014031018, 99, CHP7,  12, 186S, 1524E,  28, 1000,   ,   0,    ,    0,    0,    0,    0,
SH, 19, 2014031018, 99, CHP7,  18, 180S, 1527E,  27, 1001,   ,   0,    ,    0,    0,    0,    0,
SH, 19, 2014031018, 99, CHP7,  24, 173S, 1531E,  27, 1001,   ,   0,    ,    0,    0,    0,    0,
SH, 19, 2014031018, 99, CHP7,  30, 166S, 1537E,  28, 1001,   ,   0,    ,    0,    0,    0,    0,
SH, 19, 2014031018, 99, CHP7,  36, 159S, 1543E,  30, 1001,   ,   0,    ,    0,    0,    0,    0,
SH, 19, 2014031018, 99, CHP7,  42, 152S, 1551E,  30, 1001,   ,   0,    ,    0,    0,    0,    0,
SH, 19, 2014031018, 99, CHP7,  48, 145S, 1559E,  29, 1002,   ,   0,    ,    0,    0,    0,    0,
SH, 19, 2014031018, 99, CHP7,  54, 139S, 1572E,  28, 1001,   ,   0,    ,    0,    0,    0,    0,
SH, 19, 2014031018, 99, CHP7,  60, 134S, 1584E,  29, 1001,   ,   0,    ,    0,    0,    0,    0,
SH, 19, 2014031018, 99, CHP7,  66, 128S, 1597E,  30, 1001,   ,   0,    ,    0,    0,    0,    0,
SH, 19, 2014031018, 99, CHP7,  72, 123S, 1609E,  32, 1001,   ,   0,    ,    0,    0,    0,    0,
SH, 19, 2014031018, 99, CHP7,  78, 123S, 1623E,  34, 1000,   ,   0,    ,    0,    0,    0,    0,
SH, 19, 2014031018, 99, CHP7,  84, 123S, 1636E,  35, 1000,   ,   0,    ,    0,    0,    0,    0,
SH, 19, 2014031018, 99, CHP7,  90, 123S, 1649E,  36, 1000,   ,   0,    ,    0,    0,    0,    0,
SH, 19, 2014031018, 99, CHP7,  96, 124S, 1662E,  37,  999,   ,   0,    ,    0,    0,    0,    0,
SH, 19, 2014031018, 99, CHP7, 102, 128S, 1676E,  38,  999,   ,   0,    ,    0,    0,    0,    0,
SH, 19, 2014031018, 99, CHP7, 108, 131S, 1690E,  38,  999,   ,   0,    ,    0,    0,    0,    0,
SH, 19, 2014031018, 99, CHP7, 114, 135S, 1704E,  39,  999,   ,   0,    ,    0,    0,    0,    0,
SH, 19, 2014031018, 99, CHP7, 120, 139S, 1718E,  40,  998,   ,   0,    ,    0,    0,    0,    0,
SH, 19, 2014031100, 03, HWRF, 000, 187S, 1521E,  34,  994, XX,  34, NEQ, 0000, 0000, 0027, 0000,    0,    0,  27
SH, 19, 2014031100, 03, HWRF, 006, 181S, 1526E,  45, 1000, XX,  34, NEQ, 0005, 0069, 0063, 0049,    0,    0,  23
SH, 19, 2014031100, 03, HWRF, 012, 180S, 1533E,  47,  997, XX,  34, NEQ, 0000, 0064, 0051, 0033,    0,    0,  17
SH, 19, 2014031100, 03, HWRF, 018, 174S, 1537E,  42,  997, XX,  34, NEQ, 0000, 0098, 0065, 0044,    0,    0,  32
SH, 19, 2014031100, 03, HWRF, 024, 169S, 1545E,  38,  999, XX,  34, NEQ, 0000, 0048, 0063, 0000,    0,    0,  43
SH, 19, 2014031100, 03, HWRF, 030, 164S, 1551E,  40,  997, XX,  34, NEQ, 0000, 0049, 0048, 0050,    0,    0,  29
SH, 19, 2014031100, 03, HWRF, 036, 156S, 1562E,  42,  997, XX,  34, NEQ, 0000, 0052, 0049, 0040,    0,    0,  25
SH, 19, 2014031100, 03, HWRF, 042, 148S, 1573E,  38,  998, XX,  34, NEQ, 0000, 0000, 0047, 0070,    0,    0,  64
SH, 19, 2014031100, 03, HWRF, 048, 142S, 1586E,  34,  998, XX,  34, NEQ, 0000, 0000, 0051, 0051,    0,    0,  51
SH, 19, 2014031100, 03, HWRF, 054, 134S, 1597E,  33,  998, XX,  34, NEQ, 0000, 0000, 0000, 0000,    0,    0,  46
SH, 19, 2014031100, 03, HWRF, 060, 127S, 1612E,  43,  997, XX,  34, NEQ, 0000, 0000, 0040, 0099,    0,    0,  25
SH, 19, 2014031100, 03, HWRF, 066, 123S, 1626E,  32,  998, XX,  34, NEQ, 0000, 0000, 0000, 0000,    0,    0,  31
SH, 19, 2014031100, 03, HWRF, 072, 118S, 1635E,  35,  999, XX,  34, NEQ, 0000, 0054, 0000, 0000,    0,    0,  53
SH, 19, 2014031100, 03, HWRF, 078, 118S, 1645E,  32,  999, XX,  34, NEQ, 0000, 0000, 0000, 0000,    0,    0,  42
SH, 19, 2014031100, 03, HWRF, 084, 121S, 1658E,  28, 1000, XX,  34, NEQ, 0000, 0000, 0000, 0000,    0,    0,  10
SH, 19, 2014031100, 03, HWRF, 090, 129S, 1669E,  23, 1002, XX,  34, NEQ, 0000, 0000, 0000, 0000,    0,    0, 104
SH, 19, 2014031100, 03, HWRF, 096, 134S, 1672E,  22, 1002, XX,  34, NEQ, 0000, 0000, 0000, 0000,    0,    0,  72
SH, 19, 2014031100, 03, HWRF, 102, 136S, 1676E,  22, 1002, XX,  34, NEQ, 0000, 0000, 0000, 0000,    0,    0,  86
SH, 19, 2014031100, 03, HWRF, 108, 135S, 1680E,  27, 1002, XX,  34, NEQ, 0000, 0000, 0000, 0000,    0,    0,  54
SH, 19, 2014031100, 03, HWRF, 114, 139S, 1683E,  34, 1002, XX,  34, NEQ, 0000, 0000, 0000, 0000,    0,    0,  45
SH, 19, 2014031100, 03, HWRF, 120, 140S, 1685E,  30, 1002, XX,  34, NEQ, 0000, 0000, 0000, 0000,    0,    0,  38
SH, 19, 2014031100, 03, HWRF, 126, 140S, 1686E,  28, 1002, XX,  34, NEQ, 0000, 0000, 0000, 0000,    0,    0,  36
SH, 19, 2014031100, 99, CHIP,   0, 186S, 1521E,  35,  999,   ,   0,    ,    0,    0,    0,    0,
SH, 19, 2014031100, 99, CHIP,   6, 181S, 1523E,  35,  998,   ,   0,    ,    0,    0,    0,    0,
SH, 19, 2014031100, 99, CHIP,  12, 175S, 1526E,  38,  998,   ,   0,    ,    0,    0,    0,    0,
SH, 19, 2014031100, 99, CHIP,  18, 169S, 1531E,  41,  997,   ,   0,    ,    0,    0,    0,    0,
SH, 19, 2014031100, 99, CHIP,  24, 162S, 1536E,  45,  996,   ,   0,    ,    0,    0,    0,    0,
SH, 19, 2014031100, 99, CHIP,  30, 156S, 1543E,  48,  995,   ,   0,    ,    0,    0,    0,    0,
SH, 19, 2014031100, 99, CHIP,  36, 149S, 1550E,  53,  994,   ,   0,    ,    0,    0,    0,    0,
SH, 19, 2014031100, 99, CHIP,  42, 143S, 1560E,  57,  993,   ,   0,    ,    0,    0,    0,    0,
SH, 19, 2014031100, 99, CHIP,  48, 136S, 1570E,  58,  991,   ,   0,    ,    0,    0,    0,    0,
SH, 19, 2014031100, 99, CHIP,  54, 132S, 1583E,  60,  989,   ,   0,    ,    0,    0,    0,    0,
SH, 19, 2014031100, 99, CHIP,  60, 128S, 1595E,  64,  987,   ,   0,    ,    0,    0,    0,    0,
SH, 19, 2014031100, 99, CHIP,  66, 123S, 1608E,  68,  984,   ,   0,    ,    0,    0,    0,    0,
SH, 19, 2014031100, 99, CHIP,  72, 120S, 1621E,  73,  981,   ,   0,    ,    0,    0,    0,    0,
SH, 19, 2014031100, 99, CHIP,  78, 121S, 1634E,  78,  978,   ,   0,    ,    0,    0,    0,    0,
SH, 19, 2014031100, 99, CHIP,  84, 122S, 1647E,  82,  975,   ,   0,    ,    0,    0,    0,    0,
SH, 19, 2014031100, 99, CHIP,  90, 123S, 1660E,  86,  972,   ,   0,    ,    0,    0,    0,    0,
SH, 19, 2014031100, 99, CHIP,  96, 125S, 1674E,  88,  970,   ,   0,    ,    0,    0,    0,    0,
SH, 19, 2014031100, 99, CHIP, 102, 128S, 1688E,  90,  969,   ,   0,    ,    0,    0,    0,    0,
SH, 19, 2014031100, 99, CHIP, 108, 132S, 1702E,  90,  969,   ,   0,    ,    0,    0,    0,    0,
SH, 19, 2014031100, 99, CHIP, 114, 135S, 1716E,  91,  968,   ,   0,    ,    0,    0,    0,    0,
SH, 19, 2014031100, 99, CHIP, 120, 139S, 1730E,  98,  963,   ,   0,    ,    0,    0,    0,    0,
SH, 19, 2014031100, 99, CHP2,   0, 186S, 1521E,  38,  998,   ,   0,    ,    0,    0,    0,    0,
SH, 19, 2014031100, 99, CHP2,   6, 181S, 1523E,  40,  997,   ,   0,    ,    0,    0,    0,    0,
SH, 19, 2014031100, 99, CHP2,  12, 175S, 1526E,  44,  996,   ,   0,    ,    0,    0,    0,    0,
SH, 19, 2014031100, 99, CHP2,  18, 169S, 1531E,  47,  995,   ,   0,    ,    0,    0,    0,    0,
SH, 19, 2014031100, 99, CHP2,  24, 162S, 1536E,  52,  993,   ,   0,    ,    0,    0,    0,    0,
SH, 19, 2014031100, 99, CHP2,  30, 156S, 1543E,  57,  991,   ,   0,    ,    0,    0,    0,    0,
SH, 19, 2014031100, 99, CHP2,  36, 149S, 1550E,  64,  989,   ,   0,    ,    0,    0,    0,    0,
SH, 19, 2014031100, 99, CHP2,  42, 143S, 1560E,  69,  986,   ,   0,    ,    0,    0,    0,    0,
SH, 19, 2014031100, 99, CHP2,  48, 136S, 1570E,  71,  983,   ,   0,    ,    0,    0,    0,    0,
SH, 19, 2014031100, 99, CHP2,  54, 132S, 1583E,  75,  979,   ,   0,    ,    0,    0,    0,    0,
SH, 19, 2014031100, 99, CHP2,  60, 128S, 1595E,  80,  976,   ,   0,    ,    0,    0,    0,    0,
SH, 19, 2014031100, 99, CHP2,  66, 123S, 1608E,  86,  972,   ,   0,    ,    0,    0,    0,    0,
SH, 19, 2014031100, 99, CHP2,  72, 120S, 1621E,  92,  967,   ,   0,    ,    0,    0,    0,    0,
SH, 19, 2014031100, 99, CHP2,  78, 121S, 1634E,  98,  962,   ,   0,    ,    0,    0,    0,    0,
SH, 19, 2014031100, 99, CHP2,  84, 122S, 1647E, 102,  958,   ,   0,    ,    0,    0,    0,    0,
SH, 19, 2014031100, 99, CHP2,  90, 123S, 1660E, 104,  956,   ,   0,    ,    0,    0,    0,    0,
SH, 19, 2014031100, 99, CHP2,  96, 125S, 1674E, 105,  956,   ,   0,    ,    0,    0,    0,    0,
SH, 19, 2014031100, 99, CHP2, 102, 128S, 1688E, 103,  957,   ,   0,    ,    0,    0,    0,    0,
SH, 19, 2014031100, 99, CHP2, 108, 132S, 1702E, 101,  960,   ,   0,    ,    0,    0,    0,    0,
SH, 19, 2014031100, 99, CHP2, 114, 135S, 1716E, 100,  960,   ,   0,    ,    0,    0,    0,    0,
SH, 19, 2014031100, 99, CHP2, 120, 139S, 1730E, 106,  955,   ,   0,    ,    0,    0,    0,    0,
SH, 19, 2014031100, 99, CHP3,   0, 186S, 1521E,  31,  999,   ,   0,    ,    0,    0,    0,    0,
SH, 19, 2014031100, 99, CHP3,   6, 181S, 1523E,  28, 1000,   ,   0,    ,    0,    0,    0,    0,
SH, 19, 2014031100, 99, CHP3,  12, 175S, 1526E,  27, 1001,   ,   0,    ,    0,    0,    0,    0,
SH, 19, 2014031100, 99, CHP3,  18, 169S, 1531E,  26, 1001,   ,   0,    ,    0,    0,    0,    0,
SH, 19, 2014031100, 99, CHP3,  24, 162S, 1536E,  26, 1002,   ,   0,    ,    0,    0,    0,    0,
SH, 19, 2014031100, 99, CHP3,  30, 156S, 1543E,  26, 1002,   ,   0,    ,    0,    0,    0,    0,
SH, 19, 2014031100, 99, CHP3,  36, 149S, 1550E,  28, 1002,   ,   0,    ,    0,    0,    0,    0,
SH, 19, 2014031100, 99, CHP3,  42, 143S, 1560E,  29, 1002,   ,   0,    ,    0,    0,    0,    0,
SH, 19, 2014031100, 99, CHP3,  48, 136S, 1570E,  26, 1002,   ,   0,    ,    0,    0,    0,    0,
SH, 19, 2014031100, 99, CHP3,  54, 132S, 1583E,  25, 1002,   ,   0,    ,    0,    0,    0,    0,
SH, 19, 2014031100, 99, CHP3,  60, 128S, 1595E,  25, 1002,   ,   0,    ,    0,    0,    0,    0,
SH, 19, 2014031100, 99, CHP3,  66, 123S, 1608E,  25, 1002,   ,   0,    ,    0,    0,    0,    0,
SH, 19, 2014031100, 99, CHP3,  72, 120S, 1621E,  26, 1002,   ,   0,    ,    0,    0,    0,    0,
SH, 19, 2014031100, 99, CHP3,  78, 121S, 1634E,  27, 1002,   ,   0,    ,    0,    0,    0,    0,
SH, 19, 2014031100, 99, CHP3,  84, 122S, 1647E,  28, 1002,   ,   0,    ,    0,    0,    0,    0,
SH, 19, 2014031100, 99, CHP3,  90, 123S, 1660E,  29, 1001,   ,   0,    ,    0,    0,    0,    0,
SH, 19, 2014031100, 99, CHP3,  96, 125S, 1674E,  30, 1001,   ,   0,    ,    0,    0,    0,    0,
SH, 19, 2014031100, 99, CHP3, 102, 128S, 1688E,  31, 1001,   ,   0,    ,    0,    0,    0,    0,
SH, 19, 2014031100, 99, CHP3, 108, 132S, 1702E,  32, 1001,   ,   0,    ,    0,    0,    0,    0,
SH, 19, 2014031100, 99, CHP3, 114, 135S, 1716E,  33, 1000,   ,   0,    ,    0,    0,    0,    0,
SH, 19, 2014031100, 99, CHP3, 120, 139S, 1730E,  34, 1000,   ,   0,    ,    0,    0,    0,    0,
SH, 19, 2014031100, 99, CHP4,   0, 186S, 1521E,  37,  998,   ,   0,    ,    0,    0,    0,    0,
SH, 19, 2014031100, 99, CHP4,   6, 181S, 1523E,  32,  999,   ,   0,    ,    0,    0,    0,    0,
SH, 19, 2014031100, 99, CHP4,  12, 175S, 1526E,  34,  999,   ,   0,    ,    0,    0,    0,    0,
SH, 19, 2014031100, 99, CHP4,  18, 169S, 1531E,  35,  999,   ,   0,    ,    0,    0,    0,    0,
SH, 19, 2014031100, 99, CHP4,  24, 162S, 1536E,  39,  998,   ,   0,    ,    0,    0,    0,    0,
SH, 19, 2014031100, 99, CHP4,  30, 156S, 1543E,  41,  998,   ,   0,    ,    0,    0,    0,    0,
SH, 19, 2014031100, 99, CHP4,  36, 149S, 1550E,  45,  997,   ,   0,    ,    0,    0,    0,    0,
SH, 19, 2014031100, 99, CHP4,  42, 143S, 1560E,  47,  997,   ,   0,    ,    0,    0,    0,    0,
SH, 19, 2014031100, 99, CHP4,  48, 136S, 1570E,  47,  996,   ,   0,    ,    0,    0,    0,    0,
SH, 19, 2014031100, 99, CHP4,  54, 132S, 1583E,  48,  995,   ,   0,    ,    0,    0,    0,    0,
SH, 19, 2014031100, 99, CHP4,  60, 128S, 1595E,  50,  994,   ,   0,    ,    0,    0,    0,    0,
SH, 19, 2014031100, 99, CHP4,  66, 123S, 1608E,  52,  993,   ,   0,    ,    0,    0,    0,    0,
SH, 19, 2014031100, 99, CHP4,  72, 120S, 1621E,  56,  991,   ,   0,    ,    0,    0,    0,    0,
SH, 19, 2014031100, 99, CHP4,  78, 121S, 1634E,  59,  990,   ,   0,    ,    0,    0,    0,    0,
SH, 19, 2014031100, 99, CHP4,  84, 122S, 1647E,  62,  988,   ,   0,    ,    0,    0,    0,    0,
SH, 19, 2014031100, 99, CHP4,  90, 123S, 1660E,  65,  986,   ,   0,    ,    0,    0,    0,    0,
SH, 19, 2014031100, 99, CHP4,  96, 125S, 1674E,  68,  985,   ,   0,    ,    0,    0,    0,    0,
SH, 19, 2014031100, 99, CHP4, 102, 128S, 1688E,  70,  984,   ,   0,    ,    0,    0,    0,    0,
SH, 19, 2014031100, 99, CHP4, 108, 132S, 1702E,  71,  983,   ,   0,    ,    0,    0,    0,    0,
SH, 19, 2014031100, 99, CHP4, 114, 135S, 1716E,  73,  982,   ,   0,    ,    0,    0,    0,    0,
SH, 19, 2014031100, 99, CHP4, 120, 139S, 1730E,  77,  979,   ,   0,    ,    0,    0,    0,    0,
SH, 19, 2014031100, 99, CHP5,   0, 186S, 1521E,  31,  999,   ,   0,    ,    0,    0,    0,    0,
SH, 19, 2014031100, 99, CHP5,   6, 181S, 1523E,  28, 1000,   ,   0,    ,    0,    0,    0,    0,
SH, 19, 2014031100, 99, CHP5,  12, 175S, 1526E,  28, 1001,   ,   0,    ,    0,    0,    0,    0,
SH, 19, 2014031100, 99, CHP5,  18, 169S, 1531E,  27, 1001,   ,   0,    ,    0,    0,    0,    0,
SH, 19, 2014031100, 99, CHP5,  24, 162S, 1536E,  28, 1001,   ,   0,    ,    0,    0,    0,    0,
SH, 19, 2014031100, 99, CHP5,  30, 156S, 1543E,  29, 1001,   ,   0,    ,    0,    0,    0,    0,
SH, 19, 2014031100, 99, CHP5,  36, 149S, 1550E,  31, 1001,   ,   0,    ,    0,    0,    0,    0,
SH, 19, 2014031100, 99, CHP5,  42, 143S, 1560E,  32, 1001,   ,   0,    ,    0,    0,    0,    0,
SH, 19, 2014031100, 99, CHP5,  48, 136S, 1570E,  31, 1001,   ,   0,    ,    0,    0,    0,    0,
SH, 19, 2014031100, 99, CHP5,  54, 132S, 1583E,  31, 1001,   ,   0,    ,    0,    0,    0,    0,
SH, 19, 2014031100, 99, CHP5,  60, 128S, 1595E,  32, 1000,   ,   0,    ,    0,    0,    0,    0,
SH, 19, 2014031100, 99, CHP5,  66, 123S, 1608E,  34, 1000,   ,   0,    ,    0,    0,    0,    0,
SH, 19, 2014031100, 99, CHP5,  72, 120S, 1621E,  36, 1000,   ,   0,    ,    0,    0,    0,    0,
SH, 19, 2014031100, 99, CHP5,  78, 121S, 1634E,  37,  999,   ,   0,    ,    0,    0,    0,    0,
SH, 19, 2014031100, 99, CHP5,  84, 122S, 1647E,  38,  999,   ,   0,    ,    0,    0,    0,    0,
SH, 19, 2014031100, 99, CHP5,  90, 123S, 1660E,  40,  998,   ,   0,    ,    0,    0,    0,    0,
SH, 19, 2014031100, 99, CHP5,  96, 125S, 1674E,  41,  998,   ,   0,    ,    0,    0,    0,    0,
SH, 19, 2014031100, 99, CHP5, 102, 128S, 1688E,  43,  997,   ,   0,    ,    0,    0,    0,    0,
SH, 19, 2014031100, 99, CHP5, 108, 132S, 1702E,  44,  997,   ,   0,    ,    0,    0,    0,    0,
SH, 19, 2014031100, 99, CHP5, 114, 135S, 1716E,  45,  996,   ,   0,    ,    0,    0,    0,    0,
SH, 19, 2014031100, 99, CHP5, 120, 139S, 1730E,  47,  996,   ,   0,    ,    0,    0,    0,    0,
SH, 19, 2014031100, 99, CHP6,   0, 186S, 1521E,  34,  999,   ,   0,    ,    0,    0,    0,    0,
SH, 19, 2014031100, 99, CHP6,   6, 181S, 1523E,  36,  998,   ,   0,    ,    0,    0,    0,    0,
SH, 19, 2014031100, 99, CHP6,  12, 175S, 1526E,  40,  997,   ,   0,    ,    0,    0,    0,    0,
SH, 19, 2014031100, 99, CHP6,  18, 169S, 1531E,  44,  996,   ,   0,    ,    0,    0,    0,    0,
SH, 19, 2014031100, 99, CHP6,  24, 162S, 1536E,  48,  995,   ,   0,    ,    0,    0,    0,    0,
SH, 19, 2014031100, 99, CHP6,  30, 156S, 1543E,  53,  993,   ,   0,    ,    0,    0,    0,    0,
SH, 19, 2014031100, 99, CHP6,  36, 149S, 1550E,  60,  990,   ,   0,    ,    0,    0,    0,    0,
SH, 19, 2014031100, 99, CHP6,  42, 143S, 1560E,  68,  987,   ,   0,    ,    0,    0,    0,    0,
SH, 19, 2014031100, 99, CHP6,  48, 136S, 1570E,  76,  980,   ,   0,    ,    0,    0,    0,    0,
SH, 19, 2014031100, 99, CHP6,  54, 132S, 1583E,  90,  968,   ,   0,    ,    0,    0,    0,    0,
SH, 19, 2014031100, 99, CHP6,  60, 128S, 1595E, 110,  950,   ,   0,    ,    0,    0,    0,    0,
SH, 19, 2014031100, 99, CHP6,  66, 123S, 1608E, 133,  924,   ,   0,    ,    0,    0,    0,    0,
SH, 19, 2014031100, 99, CHP6,  72, 120S, 1621E, 155,  897,   ,   0,    ,    0,    0,    0,    0,
SH, 19, 2014031100, 99, CHP6,  78, 121S, 1634E, 157,  893,   ,   0,    ,    0,    0,    0,    0,
SH, 19, 2014031100, 99, CHP6,  84, 122S, 1647E, 150,  902,   ,   0,    ,    0,    0,    0,    0,
SH, 19, 2014031100, 99, CHP6,  90, 123S, 1660E, 142,  913,   ,   0,    ,    0,    0,    0,    0,
SH, 19, 2014031100, 99, CHP6,  96, 125S, 1674E, 135,  923,   ,   0,    ,    0,    0,    0,    0,
SH, 19, 2014031100, 99, CHP6, 102, 128S, 1688E, 128,  931,   ,   0,    ,    0,    0,    0,    0,
SH, 19, 2014031100, 99, CHP6, 108, 132S, 1702E, 123,  937,   ,   0,    ,    0,    0,    0,    0,
SH, 19, 2014031100, 99, CHP6, 114, 135S, 1716E, 127,  933,   ,   0,    ,    0,    0,    0,    0,
SH, 19, 2014031100, 99, CHP6, 120, 139S, 1730E, 149,  906,   ,   0,    ,    0,    0,    0,    0,
SH, 19, 2014031100, 99, CHP7,   0, 186S, 1521E,  32,  999,   ,   0,    ,    0,    0,    0,    0,
SH, 19, 2014031100, 99, CHP7,   6, 181S, 1523E,  29, 1000,   ,   0,    ,    0,    0,    0,    0,
SH, 19, 2014031100, 99, CHP7,  12, 175S, 1526E,  28, 1001,   ,   0,    ,    0,    0,    0,    0,
SH, 19, 2014031100, 99, CHP7,  18, 169S, 1531E,  27, 1001,   ,   0,    ,    0,    0,    0,    0,
SH, 19, 2014031100, 99, CHP7,  24, 162S, 1536E,  28, 1001,   ,   0,    ,    0,    0,    0,    0,
SH, 19, 2014031100, 99, CHP7,  30, 156S, 1543E,  28, 1001,   ,   0,    ,    0,    0,    0,    0,
SH, 19, 2014031100, 99, CHP7,  36, 149S, 1550E,  30, 1001,   ,   0,    ,    0,    0,    0,    0,
SH, 19, 2014031100, 99, CHP7,  42, 143S, 1560E,  31, 1001,   ,   0,    ,    0,    0,    0,    0,
SH, 19, 2014031100, 99, CHP7,  48, 136S, 1570E,  28, 1001,   ,   0,    ,    0,    0,    0,    0,
SH, 19, 2014031100, 99, CHP7,  54, 132S, 1583E,  28, 1001,   ,   0,    ,    0,    0,    0,    0,
SH, 19, 2014031100, 99, CHP7,  60, 128S, 1595E,  29, 1001,   ,   0,    ,    0,    0,    0,    0,
SH, 19, 2014031100, 99, CHP7,  66, 123S, 1608E,  30, 1001,   ,   0,    ,    0,    0,    0,    0,
SH, 19, 2014031100, 99, CHP7,  72, 120S, 1621E,  32, 1001,   ,   0,    ,    0,    0,    0,    0,
SH, 19, 2014031100, 99, CHP7,  78, 121S, 1634E,  34, 1000,   ,   0,    ,    0,    0,    0,    0,
SH, 19, 2014031100, 99, CHP7,  84, 122S, 1647E,  35, 1000,   ,   0,    ,    0,    0,    0,    0,
SH, 19, 2014031100, 99, CHP7,  90, 123S, 1660E,  36, 1000,   ,   0,    ,    0,    0,    0,    0,
SH, 19, 2014031100, 99, CHP7,  96, 125S, 1674E,  37,  999,   ,   0,    ,    0,    0,    0,    0,
SH, 19, 2014031100, 99, CHP7, 102, 128S, 1688E,  38,  999,   ,   0,    ,    0,    0,    0,    0,
SH, 19, 2014031100, 99, CHP7, 108, 132S, 1702E,  39,  999,   ,   0,    ,    0,    0,    0,    0,
SH, 19, 2014031100, 99, CHP7, 114, 135S, 1716E,  39,  999,   ,   0,    ,    0,    0,    0,    0,
SH, 19, 2014031100, 99, CHP7, 120, 139S, 1730E,  40,  998,   ,   0,    ,    0,    0,    0,    0,
SH, 19, 2014031106, 03, HWRF, 000, 175S, 1512E,  27, 1003, XX,  34, NEQ, 0000, 0000, 0000, 0000,    0,    0,  54
SH, 19, 2014031106, 03, HWRF, 006, 172S, 1515E,  36, 1004, XX,  34, NEQ, 0000, 0000, 0055, 0000,    0,    0,  51
SH, 19, 2014031106, 03, HWRF, 012, 168S, 1522E,  36, 1002, XX,  34, NEQ, 0000, 0037, 0027, 0000,    0,    0,  34
SH, 19, 2014031106, 03, HWRF, 018, 164S, 1529E,  34, 1001, XX,  34, NEQ, 0000, 0000, 0031, 0000,    0,    0,  31
SH, 19, 2014031106, 03, HWRF, 024, 159S, 1541E,  33, 1000, XX,  34, NEQ, 0000, 0000, 0000, 0000,    0,    0,  17
SH, 19, 2014031106, 03, HWRF, 030, 155S, 1549E,  43,  999, XX,  34, NEQ, 0000, 0033, 0038, 0047,    0,    0,  27
SH, 19, 2014031106, 03, HWRF, 036, 150S, 1562E,  39,  998, XX,  34, NEQ, 0000, 0034, 0045, 0056,    0,    0,  26
SH, 19, 2014031106, 03, HWRF, 042, 142S, 1572E,  36,  999, XX,  34, NEQ, 0000, 0000, 0046, 0000,    0,    0,  44
SH, 19, 2014031106, 03, HWRF, 048, 136S, 1584E,  42,  998, XX,  34, NEQ, 0000, 0000, 0037, 0036,    0,    0,  25
SH, 19, 2014031106, 03, HWRF, 054, 129S, 1597E,  36,  999, XX,  34, NEQ, 0000, 0000, 0000, 0063,    0,    0,  56
SH, 19, 2014031106, 03, HWRF, 060, 124S, 1608E,  33,  999, XX,  34, NEQ, 0000, 0000, 0000, 0000,    0,    0,  18
SH, 19, 2014031106, 03, HWRF, 066, 118S, 1617E,  28, 1000, XX,  34, NEQ, 0000, 0000, 0000, 0000,    0,    0,  53
SH, 19, 2014031106, 03, HWRF, 072, 115S, 1629E,  26, 1000, XX,  34, NEQ, 0000, 0000, 0000, 0000,    0,    0,  79
SH, 19, 2014031106, 03, HWRF, 078, 115S, 1636E,  26, 1001, XX,  34, NEQ, 0000, 0000, 0000, 0000,    0,    0,  77
SH, 19, 2014031106, 03, HWRF, 084, 118S, 1645E,  25, 1001, XX,  34, NEQ, 0000, 0000, 0000, 0000,    0,    0,  50
SH, 19, 2014031106, 03, HWRF, 090, 122S, 1647E,  28, 1001, XX,  34, NEQ, 0000, 0000, 0000, 0000,    0,    0, 102
SH, 19, 2014031106, 03, HWRF, 096, 121S, 1655E,  30, 1002, XX,  34, NEQ, 0000, 0000, 0000, 0000,    0,    0,  75
SH, 19, 2014031106, 03, HWRF, 102, 122S, 1659E,  25, 1001, XX,  34, NEQ, 0000, 0000, 0000, 0000,    0,    0,   9
SH, 19, 2014031106, 03, HWRF, 108, 124S, 1665E,  26, 1002, XX,  34, NEQ, 0000, 0000, 0000, 0000,    0,    0,  22
SH, 19, 2014031106, 03, HWRF, 114, 118S, 1666E,  24, 1002, XX,  34, NEQ, 0000, 0000, 0000, 0000,    0,    0,  19
SH, 19, 2014031106, 03, HWRF, 120, 119S, 1672E,  27, 1003, XX,  34, NEQ, 0000, 0000, 0000, 0000,    0,    0,  76
SH, 19, 2014031106, 03, HWRF, 126, 119S, 1673E,  27, 1002, XX,  34, NEQ, 0000, 0000, 0000, 0000,    0,    0,  76
SH, 19, 2014031106, 99, CHIP,   0, 174S, 1511E,  26, 1000,   ,   0,    ,    0,    0,    0,    0,
SH, 19, 2014031106, 99, CHIP,   6, 169S, 1514E,  25, 1001,   ,   0,    ,    0,    0,    0,    0,
SH, 19, 2014031106, 99, CHIP,  12, 163S, 1517E,  23, 1001,   ,   0,    ,    0,    0,    0,    0,
SH, 19, 2014031106, 99, CHP2,   0, 174S, 1511E,  30, 1000,   ,   0,    ,    0,    0,    0,    0,
SH, 19, 2014031106, 99, CHP2,   6, 169S, 1514E,  30, 1000,   ,   0,    ,    0,    0,    0,    0,
SH, 19, 2014031106, 99, CHP2,  12, 163S, 1517E,  32,  999,   ,   0,    ,    0,    0,    0,    0,
SH, 19, 2014031106, 99, CHP3,   0, 174S, 1511E,  28, 1000,   ,   0,    ,    0,    0,    0,    0,
SH, 19, 2014031106, 99, CHP3,   6, 169S, 1514E,  25, 1001,   ,   0,    ,    0,    0,    0,    0,
SH, 19, 2014031106, 99, CHP3,  12, 163S, 1517E,  23, 1001,   ,   0,    ,    0,    0,    0,    0,
SH, 19, 2014031106, 99, CHP4,   0, 174S, 1511E,  30, 1000,   ,   0,    ,    0,    0,    0,    0,
SH, 19, 2014031106, 99, CHP4,   6, 169S, 1514E,  27, 1000,   ,   0,    ,    0,    0,    0,    0,
SH, 19, 2014031106, 99, CHP4,  12, 163S, 1517E,  25, 1001,   ,   0,    ,    0,    0,    0,    0,
SH, 19, 2014031106, 99, CHP5,   0, 174S, 1511E,  28, 1000,   ,   0,    ,    0,    0,    0,    0,
SH, 19, 2014031106, 99, CHP5,   6, 169S, 1514E,  25, 1001,   ,   0,    ,    0,    0,    0,    0,
SH, 19, 2014031106, 99, CHP5,  12, 163S, 1517E,  23, 1001,   ,   0,    ,    0,    0,    0,    0,
SH, 19, 2014031106, 99, CHP6,   0, 174S, 1511E,  29, 1000,   ,   0,    ,    0,    0,    0,    0,
SH, 19, 2014031106, 99, CHP6,   6, 169S, 1514E,  27, 1000,   ,   0,    ,    0,    0,    0,    0,
SH, 19, 2014031106, 99, CHP6,  12, 163S, 1517E,  26, 1000,   ,   0,    ,    0,    0,    0,    0,
SH, 19, 2014031106, 99, CHP7,   0, 174S, 1511E,  29, 1000,   ,   0,    ,    0,    0,    0,    0,
SH, 19, 2014031106, 99, CHP7,   6, 169S, 1514E,  25, 1001,   ,   0,    ,    0,    0,    0,    0,
SH, 19, 2014031106, 99, CHP7,  12, 163S, 1517E,  23, 1001,   ,   0,    ,    0,    0,    0,    0,
SH, 19, 2014031112, 03, HWRF, 000, 173S, 1519E,  29, 1003, XX,  34, NEQ, 0000, 0000, 0000, 0000,    0,    0,  99
SH, 19, 2014031112, 03, HWRF, 006, 167S, 1517E,  35, 1002, XX,  34, NEQ, 0000, 0000, 0046, 0033,    0,    0,  44
SH, 19, 2014031112, 03, HWRF, 012, 163S, 1522E,  35, 1003, XX,  34, NEQ, 0000, 0043, 0037, 0000,    0,    0,  41
SH, 19, 2014031112, 03, HWRF, 018, 157S, 1530E,  33, 1001, XX,  34, NEQ, 0000, 0000, 0000, 0000,    0,    0,  46
SH, 19, 2014031112, 03, HWRF, 024, 150S, 1544E,  32, 1001, XX,  34, NEQ, 0000, 0000, 0000, 0000,    0,    0,  27
SH, 19, 2014031112, 03, HWRF, 030, 144S, 1558E,  39, 1000, XX,  34, NEQ, 0000, 0000, 0057, 0000,    0,    0,  49
SH, 19, 2014031112, 03, HWRF, 036, 134S, 1571E,  31, 1001, XX,  34, NEQ, 0000, 0000, 0000, 0000,    0,    0,  32
SH, 19, 2014031112, 03, HWRF, 042, 127S, 1587E,  31, 1000, XX,  34, NEQ, 0000, 0000, 0000, 0000,    0,    0,   9
SH, 19, 2014031112, 03, HWRF, 048, 121S, 1601E,  30, 1002, XX,  34, NEQ, 0000, 0000, 0000, 0000,    0,    0,  69
SH, 19, 2014031112, 03, HWRF, 054, 119S, 1621E,  30, 1002, XX,  34, NEQ, 0000, 0000, 0000, 0000,    0,    0, 106
SH, 19, 2014031112, 03, HWRF, 060, 111S, 1627E,  27, 1001, XX,  34, NEQ, 0000, 0000, 0000, 0000,    0,    0,  50
SH, 19, 2014031112, 03, HWRF, 066, 109S, 1641E,  31, 1001, XX,  34, NEQ, 0000, 0000, 0000, 0000,    0,    0,  61
SH, 19, 2014031112, 03, HWRF, 072, 112S, 1653E,  25, 1001, XX,  34, NEQ, 0000, 0000, 0000, 0000,    0,    0, 108
SH, 19, 2014031112, 03, HWRF, 078, 115S, 1661E,  30, 1002, XX,  34, NEQ, 0000, 0000, 0000, 0000,    0,    0,  68
SH, 19, 2014031112, 03, HWRF, 084, 118S, 1675E,  28, 1002, XX,  34, NEQ, 0000, 0000, 0000, 0000,    0,    0,  45
SH, 19, 2014031112, 03, HWRF, 090, 122S, 1680E,  23, 1002, XX,  34, NEQ, 0000, 0000, 0000, 0000,    0,    0,  96
SH, 19, 2014031112, 03, HWRF, 096, 120S, 1685E,  31, 1002, XX,  34, NEQ, 0000, 0000, 0000, 0000,    0,    0,  70
SH, 19, 2014031112, 03, HWRF, 102, 124S, 1693E,  26, 1003, XX,  34, NEQ, 0000, 0000, 0000, 0000,    0,    0,  62
SH, 19, 2014031112, 03, HWRF, 108, 125S, 1695E,  29, 1003, XX,  34, NEQ, 0000, 0000, 0000, 0000,    0,    0,  55
SH, 19, 2014031112, 03, HWRF, 114, 123S, 1694E,  25, 1002, XX,  34, NEQ, 0000, 0000, 0000, 0000,    0,    0,  26
SH, 19, 2014031112, 03, HWRF, 120, 124S, 1703E,  23, 1002, XX,  34, NEQ, 0000, 0000, 0000, 0000,    0,    0,  84
SH, 19, 2014031112, 03, HWRF, 126, 122S, 1699E,  28, 1001, XX,  34, NEQ, 0000, 0000, 0000, 0000,    0,    0,  68
SH, 19, 2014031118, 03, HWRF, 000, 171S, 1534E,  30,  999, XX,  34, NEQ, 0000, 0000, 0000, 0000,    0,    0,  77
SH, 19, 2014031118, 03, HWRF, 006, 166S, 1545E,  31, 1003, XX,  34, NEQ, 0000, 0000, 0000, 0000,    0,    0,  23
SH, 19, 2014031118, 03, HWRF, 012, 157S, 1555E,  34, 1001, XX,  34, NEQ, 0000, 0000, 0037, 0000,    0,    0,  37
SH, 19, 2014031118, 03, HWRF, 018, 149S, 1573E,  33, 1001, XX,  34, NEQ, 0000, 0000, 0000, 0000,    0,    0,  23
SH, 19, 2014031118, 03, HWRF, 024, 142S, 1590E,  38, 1001, XX,  34, NEQ, 0031, 0000, 0000, 0000,    0,    0,  18
SH, 19, 2014031118, 03, HWRF, 030, 134S, 1611E,  32, 1002, XX,  34, NEQ, 0000, 0000, 0000, 0000,    0,    0,  86
SH, 19, 2014031118, 03, HWRF, 036, 129S, 1631E,  25, 1001, XX,  34, NEQ, 0000, 0000, 0000, 0000,    0,    0, 106
SH, 19, 2014031118, 03, HWRF, 042, 122S, 1646E,  26, 1001, XX,  34, NEQ, 0000, 0000, 0000, 0000,    0,    0,  99
SH, 19, 2014031118, 03, HWRF, 048, 121S, 1664E,  30, 1000, XX,  34, NEQ, 0000, 0000, 0000, 0000,    0,    0,  92
SH, 19, 2014031118, 03, HWRF, 054, 116S, 1676E,  26, 1000, XX,  34, NEQ, 0000, 0000, 0000, 0000,    0,    0,  86
SH, 19, 2014031118, 03, HWRF, 060, 120S, 1685E,  24, 1001, XX,  34, NEQ, 0000, 0000, 0000, 0000,    0,    0, 105
SH, 19, 2014031118, 03, HWRF, 066, 120S, 1692E,  20, 1002, XX,  34, NEQ, 0000, 0000, 0000, 0000,    0,    0,  84
SH, 19, 2014031118, 03, HWRF, 072, 124S, 1698E,  24, 1002, XX,  34, NEQ, 0000, 0000, 0000, 0000,    0,    0,  75
SH, 19, 2014031118, 03, HWRF, 078, 128S, 1702E,  28, 1003, XX,  34, NEQ, 0000, 0000, 0000, 0000,    0,    0, 108
SH, 19, 2014031118, 03, HWRF, 084, 130S, 1713E,  26, 1002, XX,  34, NEQ, 0000, 0000, 0000, 0000,    0,    0,  97
SH, 19, 2014031118, 03, HWRF, 090, 133S, 1718E,  24, 1002, XX,  34, NEQ, 0000, 0000, 0000, 0000,    0,    0,  76
SH, 19, 2014031118, 03, HWRF, 096, 130S, 1726E,  25, 1003, XX,  34, NEQ, 0000, 0000, 0000, 0000,    0,    0,  52
SH, 19, 2014031118, 03, HWRF, 102, 131S, 1732E,  22, 1002, XX,  34, NEQ, 0000, 0000, 0000, 0000,    0,    0,  57
SH, 19, 2014031118, 03, HWRF, 108, 132S, 1727E,  19, 1003, XX,  34, NEQ, 0000, 0000, 0000, 0000,    0,    0,  19
SH, 19, 2014031118, 03, HWRF, 114, 134S, 1725E,  21, 1002, XX,  34, NEQ, 0000, 0000, 0000, 0000,    0,    0,  40
SH, 19, 2014031118, 03, HWRF, 120, 133S, 1718E,  25, 1003, XX,  34, NEQ, 0000, 0000, 0000, 0000,    0,    0,  57
SH, 19, 2014031118, 03, HWRF, 126, 140S, 1701E,  27, 1001, XX,  34, NEQ, 0000, 0000, 0000, 0000,    0,    0,  46
SH, 19, 2014031200, 03, HWRF, 000, 155S, 1546E,  29, 1001, XX,  34, NEQ, 0000, 0000, 0000, 0000,    0,    0,  90
SH, 19, 2014031200, 03, HWRF, 006, 148S, 1566E,  40,  999, XX,  34, NEQ, 0040, 0014, 0021, 0046,    0,    0,  12
SH, 19, 2014031200, 03, HWRF, 012, 143S, 1588E,  34, 1001, XX,  34, NEQ, 0000, 0000, 0000, 0196,    0,    0,  66
SH, 19, 2014031200, 03, HWRF, 018, 139S, 1605E,  34, 1000, XX,  34, NEQ, 0000, 0000, 0000, 0000,    0,    0,  82
SH, 19, 2014031200, 03, HWRF, 024, 132S, 1633E,  39,  999, XX,  34, NEQ, 0000, 0000, 0000, 0186,    0,    0,  66
SH, 19, 2014031200, 03, HWRF, 030, 126S, 1650E,  36,  999, XX,  34, NEQ, 0076, 0000, 0027, 0143,    0,    0,  33
SH, 19, 2014031200, 03, HWRF, 036, 128S, 1675E,  28,  999, XX,  34, NEQ, 0000, 0000, 0000, 0000,    0,    0,  37
SH, 19, 2014031200, 03, HWRF, 042, 129S, 1684E,  28, 1000, XX,  34, NEQ, 0000, 0000, 0000, 0000,    0,    0,  20
SH, 19, 2014031200, 03, HWRF, 048, 129S, 1696E,  27, 1000, XX,  34, NEQ, 0000, 0000, 0000, 0000,    0,    0,  24
SH, 19, 2014031200, 03, HWRF, 054, 130S, 1704E,  27, 1000, XX,  34, NEQ, 0000, 0000, 0000, 0000,    0,    0,  35
SH, 19, 2014031200, 03, HWRF, 060, 133S, 1710E,  28, 1000, XX,  34, NEQ, 0000, 0000, 0000, 0000,    0,    0,  69
SH, 19, 2014031200, 03, HWRF, 066, 138S, 1713E,  26, 1002, XX,  34, NEQ, 0000, 0000, 0000, 0000,    0,    0,  38
SH, 19, 2014031200, 03, HWRF, 072, 143S, 1717E,  25, 1001, XX,  34, NEQ, 0000, 0000, 0000, 0000,    0,    0,  26
SH, 19, 2014031200, 03, HWRF, 078, 144S, 1717E,  23, 1001, XX,  34, NEQ, 0000, 0000, 0000, 0000,    0,    0,  68
SH, 19, 2014031200, 03, HWRF, 084, 148S, 1715E,  27, 1001, XX,  34, NEQ, 0000, 0000, 0000, 0000,    0,    0,  83
SH, 19, 2014031200, 03, HWRF, 090, 151S, 1708E,  32,  999, XX,  34, NEQ, 0000, 0000, 0000, 0000,    0,    0,  37
SH, 19, 2014031200, 03, HWRF, 096, 146S, 1706E,  32, 1000, XX,  34, NEQ, 0000, 0000, 0000, 0000,    0,    0,  41
SH, 19, 2014031200, 03, HWRF, 102, 143S, 1705E,  26, 1000, XX,  34, NEQ, 0000, 0000, 0000, 0000,    0,    0,  45
SH, 19, 2014031200, 03, HWRF, 108, 137S, 1703E,  37,  998, XX,  34, NEQ, 0000, 0038, 0027, 0000,    0,    0,  30
SH, 19, 2014031200, 03, HWRF, 114, 139S, 1705E,  32,  999, XX,  34, NEQ, 0000, 0000, 0000, 0000,    0,    0,  44
SH, 19, 2014031200, 03, HWRF, 120, 142S, 1695E,  36,  997, XX,  34, NEQ, 0006, 0064, 0022, 0000,    0,    0,  62
SH, 19, 2014031200, 03, HWRF, 126, 146S, 1687E,  33,  997, XX,  34, NEQ, 0000, 0000, 0000, 0000,    0,    0,  31
SH, 19, 2014031206, 03, HWRF, 000, 148S, 1574E,  28, 1004, XX,  34, NEQ, 0000, 0000, 0000, 0000,    0,    0, 108
SH, 19, 2014031206, 03, HWRF, 006, 144S, 1598E,  30, 1002, XX,  34, NEQ, 0000, 0000, 0000, 0000,    0,    0,  80
SH, 19, 2014031206, 03, HWRF, 012, 136S, 1619E,  32, 1001, XX,  34, NEQ, 0000, 0000, 0000, 0000,    0,    0,  88
SH, 19, 2014031206, 03, HWRF, 018, 131S, 1643E,  41, 1001, XX,  34, NEQ, 0050, 0000, 0000, 0114,    0,    0, 108
SH, 19, 2014031206, 03, HWRF, 024, 127S, 1664E,  30, 1000, XX,  34, NEQ, 0000, 0000, 0000, 0116,    0,    0, 108
SH, 19, 2014031206, 03, HWRF, 030, 126S, 1681E,  27, 1001, XX,  34, NEQ, 0000, 0000, 0000, 0184,    0,    0,  99
SH, 19, 2014031206, 03, HWRF, 036, 128S, 1698E,  30, 1001, XX,  34, NEQ, 0000, 0000, 0000, 0000,    0,    0,  95
SH, 19, 2014031206, 03, HWRF, 042, 130S, 1711E,  20, 1001, XX,  34, NEQ, 0000, 0000, 0000, 0000,    0,    0,  91
SH, 19, 2014031206, 03, HWRF, 048, 128S, 1713E,  21, 1001, XX,  34, NEQ, 0000, 0000, 0000, 0000,    0,    0,  95
SH, 19, 2014031206, 03, HWRF, 054, 132S, 1719E,  23, 1002, XX,  34, NEQ, 0000, 0000, 0000, 0000,    0,    0,  36
SH, 19, 2014031206, 03, HWRF, 060, 137S, 1724E,  24, 1003, XX,  34, NEQ, 0000, 0000, 0000, 0000,    0,    0,  22
SH, 19, 2014031206, 03, HWRF, 066, 142S, 1724E,  22, 1002, XX,  34, NEQ, 0000, 0000, 0000, 0000,    0,    0,  50
SH, 19, 2014031206, 03, HWRF, 072, 143S, 1727E,  22, 1003, XX,  34, NEQ, 0000, 0000, 0000, 0000,    0,    0,  77
SH, 19, 2014031206, 03, HWRF, 078, 145S, 1723E,  21, 1003, XX,  34, NEQ, 0000, 0000, 0000, 0000,    0,    0,  62
SH, 19, 2014031206, 03, HWRF, 084, 146S, 1717E,  31, 1004, XX,  34, NEQ, 0000, 0000, 0000, 0000,    0,    0,  24
SH, 19, 2014031206, 03, HWRF, 090, 146S, 1708E,  28, 1003, XX,  34, NEQ, 0000, 0000, 0000, 0000,    0,    0,  76
SH, 19, 2014031206, 03, HWRF, 096, 143S, 1703E,  24, 1003, XX,  34, NEQ, 0000, 0000, 0000, 0000,    0,    0,  89
SH, 19, 2014031206, 03, HWRF, 102, 139S, 1693E,  27, 1002, XX,  34, NEQ, 0000, 0000, 0000, 0000,    0,    0,  48
SH, 19, 2014031206, 03, HWRF, 108, 139S, 1688E,  41, 1002, XX,  34, NEQ, 0000, 0046, 0000, 0000,    0,    0,  40
SH, 19, 2014031206, 03, HWRF, 114, 138S, 1682E,  31, 1002, XX,  34, NEQ, 0000, 0000, 0000, 0000,    0,    0,  26
SH, 19, 2014031206, 03, HWRF, 120, 136S, 1676E,  25, 1002, XX,  34, NEQ, 0000, 0000, 0000, 0000,    0,    0,  35
SH, 19, 2014031206, 03, HWRF, 126, 132S, 1666E,  27, 1001, XX,  34, NEQ, 0000, 0000, 0000, 0000,    0,    0,  88
SH, 19, 2014031212, 03, HWRF, 000, 144S, 1591E,  25, 1003, XX,  34, NEQ, 0000, 0000, 0000, 0000,    0,    0, 108
SH, 19, 2014031212, 03, HWRF, 006, 135S, 1609E,  33, 1000, XX,  34, NEQ, 0000, 0000, 0000, 0000,    0,    0,  56
SH, 19, 2014031212, 03, HWRF, 012, 131S, 1634E,  37, 1001, XX,  34, NEQ, 0000, 0000, 0000, 0121,    0,    0,  84
SH, 19, 2014031212, 03, HWRF, 018, 128S, 1655E,  33, 1002, XX,  34, NEQ, 0000, 0000, 0000, 0116,    0,    0,  74
SH, 19, 2014031212, 03, HWRF, 024, 129S, 1682E,  33, 1001, XX,  34, NEQ, 0000, 0000, 0000, 0000,    0,    0, 104
SH, 19, 2014031212, 03, HWRF, 030, 131S, 1700E,  15, 1002, XX,  34, NEQ, 0000, 0000, 0000, 0000,    0,    0,  30
SH, 19, 2014031212, 03, HWRF, 036, 132S, 1709E,  15, 1002, XX,  34, NEQ, 0000, 0000, 0000, 0000,    0,    0,  95
SH, 19, 2014031212, 03, HWRF, 042, 133S, 1713E,  16, 1003, XX,  34, NEQ, 0000, 0000, 0000, 0000,    0,    0,  54
SH, 19, 2014031212, 03, HWRF, 048, 137S, 1721E,  21, 1003, XX,  34, NEQ, 0000, 0000, 0000, 0000,    0,    0, 103
SH, 19, 2014031212, 03, HWRF, 054, 141S, 1720E,  18, 1004, XX,  34, NEQ, 0000, 0000, 0000, 0000,    0,    0,  82
SH, 19, 2014031212, 03, HWRF, 060, 146S, 1724E,  25, 1004, XX,  34, NEQ, 0000, 0000, 0000, 0000,    0,    0,  64
SH, 19, 2014031212, 03, HWRF, 066, 146S, 1722E,  21, 1003, XX,  34, NEQ, 0000, 0000, 0000, 0000,    0,    0,  62
SH, 19, 2014031212, 03, HWRF, 072, 146S, 1716E,  27, 1003, XX,  34, NEQ, 0000, 0000, 0000, 0000,    0,    0,  63
SH, 19, 2014031212, 03, HWRF, 078, 147S, 1716E,  23, 1005, XX,  34, NEQ, 0000, 0000, 0000, 0000,    0,    0,  39
SH, 19, 2014031212, 03, HWRF, 084, 145S, 1714E,  23, 1004, XX,  34, NEQ, 0000, 0000, 0000, 0000,    0,    0,  55
SH, 19, 2014031212, 03, HWRF, 090, 142S, 1708E,  20, 1003, XX,  34, NEQ, 0000, 0000, 0000, 0000,    0,    0,  38
SH, 19, 2014031212, 03, HWRF, 096, 136S, 1701E,  24, 1003, XX,  34, NEQ, 0000, 0000, 0000, 0000,    0,    0,  99
SH, 19, 2014031212, 03, HWRF, 102, 135S, 1693E,  26, 1003, XX,  34, NEQ, 0000, 0000, 0000, 0000,    0,    0,  72
SH, 19, 2014031212, 03, HWRF, 108, 137S, 1689E,  23, 1003, XX,  34, NEQ, 0000, 0000, 0000, 0000,    0,    0,  40
SH, 19, 2014031212, 03, HWRF, 114, 136S, 1685E,  21, 1003, XX,  34, NEQ, 0000, 0000, 0000, 0000,    0,    0,  59
SH, 19, 2014031212, 03, HWRF, 120, 132S, 1677E,  22, 1002, XX,  34, NEQ, 0000, 0000, 0000, 0000,    0,    0,  58
SH, 19, 2014031212, 03, HWRF, 126, 129S, 1666E,  23, 1003, XX,  34, NEQ, 0000, 0000, 0000, 0000,    0,    0,  88
SH, 19, 2014031218, 03, HWRF, 000, 149S, 1619E,  21, 1003, XX,  34, NEQ, 0000, 0000, 0000, 0000,    0,    0, 108
SH, 19, 2014031218, 03, HWRF, 006, 137S, 1636E,  22, 1003, XX,  34, NEQ, 0000, 0000, 0000, 0000,    0,    0, 102
SH, 19, 2014031218, 03, HWRF, 012, 134S, 1664E,  25, 1001, XX,  34, NEQ, 0000, 0000, 0000, 0000,    0,    0,  92
SH, 19, 2014031218, 03, HWRF, 018, 131S, 1676E,  39, 1002, XX,  34, NEQ, 0101, 0000, 0000, 0000,    0,    0,  96
SH, 19, 2014031218, 03, HWRF, 024, 137S, 1695E,  15, 1003, XX,  34, NEQ, 0000, 0000, 0000, 0000,    0,    0,  60
SH, 19, 2014031218, 03, HWRF, 030, 132S, 1702E,  25, 1002, XX,  34, NEQ, 0000, 0000, 0000, 0000,    0,    0,  95
SH, 19, 2014031218, 03, HWRF, 036, 132S, 1712E,  21, 1003, XX,  34, NEQ, 0000, 0000, 0000, 0000,    0,    0, 108
SH, 19, 2014031218, 03, HWRF, 042, 133S, 1717E,  25, 1004, XX,  34, NEQ, 0000, 0000, 0000, 0000,    0,    0, 107
SH, 19, 2014031218, 03, HWRF, 048, 143S, 1722E,  14, 1004, XX,  34, NEQ, 0000, 0000, 0000, 0000,    0,    0, 100
SH, 19, 2014031218, 03, HWRF, 054, 137S, 1730E,  19, 1004, XX,  34, NEQ, 0000, 0000, 0000, 0000,    0,    0, 108
SH, 19, 2014031218, 03, HWRF, 060, 140S, 1734E,  14, 1005, XX,  34, NEQ, 0000, 0000, 0000, 0000,    0,    0,  96
SH, 19, 2014031218, 03, HWRF, 066, 142S, 1733E,  15, 1005, XX,  34, NEQ, 0000, 0000, 0000, 0000,    0,    0,  99
SH, 19, 2014031218, 03, HWRF, 072, 143S, 1727E,  16, 1006, XX,  34, NEQ, 0000, 0000, 0000, 0000,    0,    0,  86
SH, 19, 2014031218, 03, HWRF, 078, 139S, 1717E,  16, 1005, XX,  34, NEQ, 0000, 0000, 0000, 0000,    0,    0, 105
SH, 19, 2014031218, 03, HWRF, 084, 142S, 1721E,  11, 1005, XX,  34, NEQ, 0000, 0000, 0000, 0000,    0,    0,  63
SH, 19, 2014031218, 03, HWRF, 090, 145S, 1717E,  12, 1004, XX,  34, NEQ, 0000, 0000, 0000, 0000,    0,    0,  40
SH, 19, 2014031218, 03, HWRF, 096, 134S, 1707E,  12, 1005, XX,  34, NEQ, 0000, 0000, 0000, 0000,    0,    0, 103
SH, 19, 2014031218, 03, HWRF, 102, 122S, 1698E,  19, 1004, XX,  34, NEQ, 0000, 0000, 0000, 0000,    0,    0, 102
SH, 19, 2014031218, 03, HWRF, 108, 127S, 1702E,  21, 1005, XX,  34, NEQ, 0000, 0000, 0000, 0000,    0,    0,  90
SH, 19, 2014031218, 03, HWRF, 114, 126S, 1699E,  15, 1004, XX,  34, NEQ, 0000, 0000, 0000, 0000,    0,    0,  49
SH, 19, 2014031218, 03, HWRF, 120, 128S, 1690E,  11, 1005, XX,  34, NEQ, 0000, 0000, 0000, 0000,    0,    0, 108
SH, 19, 2014031218, 03, HWRF, 126, 123S, 1694E,  12, 1004, XX,  34, NEQ, 0000, 0000, 0000, 0000,    0,    0,  88
SH, 19, 2014031300, 03, HWRF, 000, 132S, 1633E,  26, 1003, XX,  34, NEQ, 0000, 0000, 0000, 0000,    0,    0, 107
SH, 19, 2014031300, 03, HWRF, 006, 129S, 1654E,  23, 1001, XX,  34, NEQ, 0000, 0000, 0000, 0000,    0,    0, 108
SH, 19, 2014031300, 03, HWRF, 012, 126S, 1675E,  22, 1002, XX,  34, NEQ, 0000, 0000, 0000, 0000,    0,    0, 108
SH, 19, 2014031300, 03, HWRF, 018, 124S, 1689E,  23, 1002, XX,  34, NEQ, 0000, 0000, 0000, 0000,    0,    0, 107
SH, 19, 2014031300, 03, HWRF, 024, 132S, 1706E,  20, 1002, XX,  34, NEQ, 0000, 0000, 0000, 0000,    0,    0, 107
SH, 19, 2014031300, 03, HWRF, 030, 129S, 1714E,  19, 1002, XX,  34, NEQ, 0000, 0000, 0000, 0000,    0,    0, 108
SH, 19, 2014031300, 03, HWRF, 036, 139S, 1723E,  14, 1003, XX,  34, NEQ, 0000, 0000, 0000, 0000,    0,    0, 108
SH, 19, 2014031300, 03, HWRF, 042, 151S, 1729E,  16, 1004, XX,  34, NEQ, 0000, 0000, 0000, 0000,    0,    0,  88
SH, 19, 2014031300, 03, HWRF, 048, 157S, 1725E,  22, 1003, XX,  34, NEQ, 0000, 0000, 0000, 0000,    0,    0,  60
SH, 19, 2014031300, 03, HWRF, 054, 159S, 1720E,  25, 1002, XX,  34, NEQ, 0000, 0000, 0000, 0000,    0,    0,  44
SH, 19, 2014031300, 03, HWRF, 060, 158S, 1715E,  27, 1003, XX,  34, NEQ, 0000, 0000, 0000, 0000,    0,    0,  41
SH, 19, 2014031300, 03, HWRF, 066, 161S, 1707E,  28, 1004, XX,  34, NEQ, 0000, 0000, 0000, 0000,    0,    0,  51
SH, 19, 2014031300, 03, HWRF, 072, 159S, 1703E,  27, 1002, XX,  34, NEQ, 0000, 0000, 0000, 0000,    0,    0, 106
SH, 19, 2014031300, 03, HWRF, 078, 161S, 1697E,  32, 1002, XX,  34, NEQ, 0000, 0000, 0000, 0000,    0,    0, 100
SH, 19, 2014031300, 03, HWRF, 084, 166S, 1685E,  36, 1000, XX,  34, NEQ, 0029, 0031, 0000, 0000,    0,    0,  31
SH, 19, 2014031300, 03, HWRF, 090, 167S, 1671E,  35, 1000, XX,  34, NEQ, 0000, 0072, 0074, 0000,    0,    0,  71
SH, 19, 2014031300, 03, HWRF, 096, 167S, 1657E,  39, 1001, XX,  34, NEQ, 0000, 0049, 0052, 0000,    0,    0,  47
SH, 19, 2014031300, 03, HWRF, 102, 157S, 1647E,  29, 1001, XX,  34, NEQ, 0000, 0000, 0000, 0000,    0,    0,  82
SH, 19, 2014031300, 03, HWRF, 108, 152S, 1637E,  28, 1001, XX,  34, NEQ, 0000, 0000, 0000, 0000,    0,    0, 107
SH, 19, 2014031300, 03, HWRF, 114, 150S, 1628E,  31, 1002, XX,  34, NEQ, 0000, 0000, 0000, 0000,    0,    0,  89
SH, 19, 2014031300, 03, HWRF, 120, 146S, 1620E,  28, 1001, XX,  34, NEQ, 0000, 0000, 0000, 0000,    0,    0,  80
SH, 19, 2014031300, 03, HWRF, 126, 148S, 1606E,  30, 1000, XX,  34, NEQ, 0000, 0000, 0000, 0000,    0,    0,  50
SH, 19, 2014031306, 03, HWRF, 000, 126S, 1656E,  22, 1002, XX,  34, NEQ, 0000, 0000, 0000, 0000,    0,    0, 107
SH, 19, 2014031306, 03, HWRF, 006, 127S, 1680E,  18, 1002, XX,  34, NEQ, 0000, 0000, 0000, 0000,    0,    0,  88
SH, 19, 2014031306, 03, HWRF, 012, 128S, 1695E,  17, 1002, XX,  34, NEQ, 0000, 0000, 0000, 0000,    0,    0, 108
SH, 19, 2014031306, 03, HWRF, 018, 129S, 1704E,  18, 1002, XX,  34, NEQ, 0000, 0000, 0000, 0000,    0,    0, 107
SH, 19, 2014031306, 03, HWRF, 024, 128S, 1714E,  21, 1003, XX,  34, NEQ, 0000, 0000, 0000, 0000,    0,    0, 107
SH, 19, 2014031306, 03, HWRF, 030, 129S, 1726E,  18, 1003, XX,  34, NEQ, 0000, 0000, 0000, 0000,    0,    0, 107
SH, 19, 2014031306, 03, HWRF, 036, 137S, 1730E,  14, 1005, XX,  34, NEQ, 0000, 0000, 0000, 0000,    0,    0, 107
SH, 19, 2014031306, 03, HWRF, 042, 140S, 1734E,  15, 1004, XX,  34, NEQ, 0000, 0000, 0000, 0000,    0,    0, 108
SH, 19, 2014031306, 03, HWRF, 048, 151S, 1729E,  15, 1005, XX,  34, NEQ, 0000, 0000, 0000, 0000,    0,    0,  76
SH, 19, 2014031306, 03, HWRF, 054, 160S, 1727E,  15, 1004, XX,  34, NEQ, 0000, 0000, 0000, 0000,    0,    0,  86
SH, 19, 2014031306, 03, HWRF, 060, 166S, 1714E,  20, 1005, XX,  34, NEQ, 0000, 0000, 0000, 0000,    0,    0, 108
SH, 19, 2014031306, 03, HWRF, 066, 177S, 1701E,  23, 1005, XX,  34, NEQ, 0000, 0000, 0000, 0000,    0,    0,  75
SH, 19, 2014031306, 03, HWRF, 072, 181S, 1687E,  27, 1005, XX,  34, NEQ, 0000, 0000, 0000, 0000,    0,    0,  77
SH, 19, 2014031306, 03, HWRF, 078, 179S, 1673E,  26, 1004, XX,  34, NEQ, 0000, 0000, 0000, 0000,    0,    0,  36
SH, 19, 2014031306, 03, HWRF, 084, 178S, 1663E,  24, 1005, XX,  34, NEQ, 0000, 0000, 0000, 0000,    0,    0, 107
SH, 19, 2014031306, 03, HWRF, 090, 176S, 1652E,  23, 1004, XX,  34, NEQ, 0000, 0000, 0000, 0000,    0,    0, 106
SH, 19, 2014031306, 03, HWRF, 096, 171S, 1640E,  22, 1005, XX,  34, NEQ, 0000, 0000, 0000, 0000,    0,    0, 107
SH, 19, 2014031312, 03, HWRF, 000, 123S, 1678E,  21, 1001, XX,  34, NEQ, 0000, 0000, 0000, 0000,    0,    0, 107
SH, 19, 2014031312, 03, HWRF, 006, 121S, 1693E,  23, 1002, XX,  34, NEQ, 0000, 0000, 0000, 0000,    0,    0, 107
SH, 19, 2014031312, 03, HWRF, 012, 124S, 1708E,  21, 1003, XX,  34, NEQ, 0000, 0000, 0000, 0000,    0,    0, 107
SH, 19, 2014031312, 03, HWRF, 018, 128S, 1724E,  22, 1002, XX,  34, NEQ, 0000, 0000, 0000, 0000,    0,    0, 107
SH, 19, 2014031312, 03, HWRF, 024, 133S, 1730E,  19, 1003, XX,  34, NEQ, 0000, 0000, 0000, 0000,    0,    0, 107
SH, 19, 2014031312, 03, HWRF, 030, 152S, 1737E,  18, 1004, XX,  34, NEQ, 0000, 0000, 0000, 0000,    0,    0, 100
SH, 19, 2014031312, 03, HWRF, 036, 156S, 1730E,  18, 1003, XX,  34, NEQ, 0000, 0000, 0000, 0000,    0,    0,  61
SH, 19, 2014031312, 03, HWRF, 042, 159S, 1722E,  25, 1004, XX,  34, NEQ, 0000, 0000, 0000, 0000,    0,    0,  50
SH, 19, 2014031312, 03, HWRF, 048, 158S, 1711E,  28, 1003, XX,  34, NEQ, 0000, 0000, 0000, 0000,    0,    0, 107
SH, 19, 2014031312, 03, HWRF, 054, 158S, 1706E,  36, 1004, XX,  34, NEQ, 0000, 0000, 0109, 0000,    0,    0, 107
SH, 19, 2014031312, 03, HWRF, 060, 158S, 1700E,  28, 1003, XX,  34, NEQ, 0000, 0000, 0000, 0000,    0,    0,  76
SH, 19, 2014031312, 03, HWRF, 066, 153S, 1693E,  28, 1003, XX,  34, NEQ, 0000, 0000, 0000, 0000,    0,    0, 107
SH, 19, 2014031312, 03, HWRF, 072, 151S, 1685E,  29, 1003, XX,  34, NEQ, 0000, 0000, 0000, 0000,    0,    0,  45
SH, 19, 2014031312, 03, HWRF, 078, 147S, 1676E,  29, 1003, XX,  34, NEQ, 0000, 0000, 0000, 0000,    0,    0,  74
SH, 19, 2014031312, 03, HWRF, 084, 147S, 1667E,  26, 1004, XX,  34, NEQ, 0000, 0000, 0000, 0000,    0,    0,  63
SH, 19, 2014031312, 03, HWRF, 090, 148S, 1658E,  22, 1004, XX,  34, NEQ, 0000, 0000, 0000, 0000,    0,    0,  96
SH, 19, 2014031312, 03, HWRF, 096, 142S, 1646E,  21, 1004, XX,  34, NEQ, 0000, 0000, 0000, 0000,    0,    0,  98
SH, 19, 2014031312, 03, HWRF, 102, 144S, 1629E,  24, 1004, XX,  34, NEQ, 0000, 0000, 0000, 0000,    0,    0, 100
SH, 19, 2014031312, 03, HWRF, 108, 143S, 1614E,  25, 1003, XX,  34, NEQ, 0000, 0000, 0000, 0000,    0,    0, 107
SH, 19, 2014031312, 03, HWRF, 114, 149S, 1604E,  24, 1004, XX,  34, NEQ, 0000, 0000, 0000, 0000,    0,    0,  78
SH, 19, 2014031312, 03, HWRF, 120, 137S, 1583E,  25, 1003, XX,  34, NEQ, 0000, 0000, 0000, 0000,    0,    0, 108
SH, 19, 2014031312, 03, HWRF, 126, 135S, 1573E,  22, 1003, XX,  34, NEQ, 0000, 0000, 0000, 0000,    0,    0,  97
