SH, 11, 2014012900, 03, HWRF, 000, 157S, 1510E,  32,  995, XX,  34, NEQ, 0000, 0264, 0176, 0000,    0,    0, 108
SH, 11, 2014012900, 03, HWRF, 006, 165S, 1509E,  35,  993, XX,  34, NEQ, 0192, 0228, 0192, 0194,    0,    0, 103
SH, 11, 2014012900, 03, HWRF, 012, 173S, 1504E,  53,  992, XX,  34, NEQ, 0200, 0241, 0211, 0215,    0,    0, 107
SH, 11, 2014012900, 03, HWRF, 012, 173S, 1504E,  53,  992, XX,  50, NEQ, 0000, 0146, 0000, 0000,    0,    0, 107
SH, 11, 2014012900, 03, HWRF, 018, 173S, 1498E,  49,  988, XX,  34, NEQ, 0168, 0344, 0229, 0351,    0,    0,  36
SH, 11, 2014012900, 03, HWRF, 018, 173S, 1498E,  49,  988, XX,  50, NEQ, 0000, 0153, 0000, 0000,    0,    0,  36
SH, 11, 2014012900, 03, HWRF, 024, 181S, 1495E,  53,  988, XX,  34, NEQ, 0351, 0351, 0212, 0351,    0,    0,  91
SH, 11, 2014012900, 03, HWRF, 024, 181S, 1495E,  53,  988, XX,  50, NEQ, 0000, 0098, 0000, 0000,    0,    0,  91
SH, 11, 2014012900, 03, HWRF, 030, 189S, 1490E,  60,  984, XX,  34, NEQ, 0351, 0351, 0128, 0080,    0,    0,  58
SH, 11, 2014012900, 03, HWRF, 030, 189S, 1490E,  60,  984, XX,  50, NEQ, 0000, 0162, 0098, 0040,    0,    0,  58
SH, 11, 2014012900, 03, HWRF, 036, 193S, 1486E,  59,  982, XX,  34, NEQ, 0092, 0351, 0083, 0085,    0,    0,  36
SH, 11, 2014012900, 03, HWRF, 036, 193S, 1486E,  59,  982, XX,  50, NEQ, 0000, 0000, 0052, 0049,    0,    0,  36
SH, 11, 2014012900, 03, HWRF, 042, 202S, 1486E,  40,  983, XX,  34, NEQ, 0340, 0339, 0022, 0000,    0,    0,  58
SH, 11, 2014012900, 03, HWRF, 048, 211S, 1478E,  39,  988, XX,  34, NEQ, 0000, 0280, 0000, 0000,    0,    0, 104
SH, 11, 2014012900, 03, HWRF, 054, 218S, 1467E,  23,  989, XX,  34, NEQ, 0000, 0263, 0000, 0000,    0,    0,  84
SH, 11, 2014012900, 03, HWRF, 060, 221S, 1453E,  25,  992, XX,  34, NEQ, 0000, 0000, 0000, 0000,    0,    0,  63
SH, 11, 2014012900, 03, HWRF, 066, 220S, 1438E,  21,  994, XX,  34, NEQ, 0000, 0000, 0000, 0000,    0,    0,  96
SH, 11, 2014012900, 03, HWRF, 072, 220S, 1426E,  20,  996, XX,  34, NEQ, 0000, 0000, 0000, 0000,    0,    0,  98
SH, 11, 2014012900, 03, HWRF, 078, 221S, 1416E,  16,  998, XX,  34, NEQ, 0000, 0000, 0000, 0000,    0,    0, 106
SH, 11, 2014012900, 03, HWRF, 084, 224S, 1405E,  13, 1000, XX,  34, NEQ, 0000, 0000, 0000, 0000,    0,    0,  48
SH, 11, 2014012900, 03, HWRF, 090, 227S, 1390E,  17, 1000, XX,  34, NEQ, 0000, 0000, 0000, 0000,    0,    0, 107
SH, 11, 2014012900, 03, HWRF, 096, 228S, 1375E,  12, 1002, XX,  34, NEQ, 0000, 0000, 0000, 0000,    0,    0,  95
SH, 11, 2014012900, 03, HWRF, 102, 229S, 1363E,  12, 1001, XX,  34, NEQ, 0000, 0000, 0000, 0000,    0,    0, 106
SH, 11, 2014012900, 03, HWRF, 108, 231S, 1354E,  11, 1002, XX,  34, NEQ, 0000, 0000, 0000, 0000,    0,    0, 108
SH, 11, 2014012900, 03, HWRF, 114, 231S, 1339E,  10, 1003, XX,  34, NEQ, 0000, 0000, 0000, 0000,    0,    0, 106
SH, 11, 2014012900, 03, HWRF, 120, 217S, 1316E,  10, 1003, XX,  34, NEQ, 0000, 0000, 0000, 0000,    0,    0, 107
SH, 11, 2014012906, 03, HWRF, 000, 161S, 1503E,  29,  995, XX,  34, NEQ, 0229, 0000, 0243, 0251,    0,    0, 107
SH, 11, 2014012906, 03, HWRF, 006, 163S, 1496E,  36,  996, XX,  34, NEQ, 0000, 0190, 0179, 0000,    0,    0,  87
SH, 11, 2014012906, 03, HWRF, 012, 158S, 1488E,  31,  994, XX,  34, NEQ, 0270, 0329, 0195, 0275,    0,    0,  92
SH, 11, 2014012906, 03, HWRF, 018, 165S, 1493E,  32,  993, XX,  34, NEQ, 0269, 0351, 0257, 0267,    0,    0,  80
SH, 11, 2014012906, 03, HWRF, 024, 173S, 1487E,  41,  992, XX,  34, NEQ, 0323, 0351, 0165, 0243,    0,    0, 104
SH, 11, 2014012906, 03, HWRF, 030, 180S, 1492E,  37,  992, XX,  34, NEQ, 0312, 0351, 0178, 0102,    0,    0, 108
SH, 11, 2014012906, 03, HWRF, 036, 187S, 1498E,  35,  990, XX,  34, NEQ, 0000, 0333, 0167, 0000,    0,    0, 105
SH, 11, 2014012906, 03, HWRF, 042, 201S, 1496E,  39,  991, XX,  34, NEQ, 0000, 0315, 0136, 0000,    0,    0, 101
SH, 11, 2014012906, 03, HWRF, 048, 209S, 1493E,  56,  989, XX,  34, NEQ, 0000, 0298, 0000, 0000,    0,    0, 105
SH, 11, 2014012906, 03, HWRF, 048, 209S, 1493E,  56,  989, XX,  50, NEQ, 0000, 0111, 0000, 0000,    0,    0, 105
SH, 11, 2014012906, 03, HWRF, 054, 212S, 1488E,  34,  989, XX,  34, NEQ, 0000, 0290, 0000, 0000,    0,    0,  49
SH, 11, 2014012906, 03, HWRF, 060, 213S, 1479E,  34,  991, XX,  34, NEQ, 0000, 0271, 0000, 0000,    0,    0, 104
SH, 11, 2014012906, 03, HWRF, 066, 213S, 1471E,  22,  994, XX,  34, NEQ, 0000, 0174, 0000, 0000,    0,    0,  99
SH, 11, 2014012906, 03, HWRF, 072, 212S, 1462E,  23,  996, XX,  34, NEQ, 0000, 0214, 0000, 0000,    0,    0,  70
SH, 11, 2014012906, 03, HWRF, 078, 207S, 1459E,  20,  998, XX,  34, NEQ, 0000, 0246, 0000, 0000,    0,    0,  81
SH, 11, 2014012906, 03, HWRF, 084, 199S, 1456E,  17,  999, XX,  34, NEQ, 0000, 0000, 0000, 0000,    0,    0, 107
SH, 11, 2014012906, 03, HWRF, 090, 194S, 1458E,  13, 1000, XX,  34, NEQ, 0000, 0000, 0000, 0000,    0,    0,  79
SH, 11, 2014012906, 03, HWRF, 096, 188S, 1468E,  36,  999, XX,  34, NEQ, 0000, 0126, 0000, 0000,    0,    0,  83
SH, 11, 2014012906, 03, HWRF, 102, 178S, 1486E,  36,  995, XX,  34, NEQ, 0000, 0000, 0078, 0000,    0,    0,  68
SH, 11, 2014012906, 03, HWRF, 108, 167S, 1494E,  36,  993, XX,  34, NEQ, 0186, 0095, 0093, 0149,    0,    0,  84
SH, 11, 2014012906, 03, HWRF, 114, 157S, 1502E,  40,  994, XX,  34, NEQ, 0065, 0000, 0000, 0152,    0,    0,  87
SH, 11, 2014012906, 03, HWRF, 120, 148S, 1521E,  40,  991, XX,  34, NEQ, 0114, 0000, 0026, 0135,    0,    0,  27
SH, 11, 2014012906, 03, HWRF, 126, 137S, 1542E,  40,  992, XX,  34, NEQ, 0143, 0000, 0000, 0239,    0,    0,  75
SH, 11, 2014012906, 99, CHIP,   0, 164S, 1504E,  35,  999,   ,   0,    ,    0,    0,    0,    0,
SH, 11, 2014012906, 99, CHIP,   6, 166S, 1500E,  37,  999,   ,   0,    ,    0,    0,    0,    0,
SH, 11, 2014012906, 99, CHIP,  12, 168S, 1496E,  40,  998,   ,   0,    ,    0,    0,    0,    0,
SH, 11, 2014012906, 99, CHIP,  18, 172S, 1492E,  43,  997,   ,   0,    ,    0,    0,    0,    0,
SH, 11, 2014012906, 99, CHIP,  24, 177S, 1487E,  47,  995,   ,   0,    ,    0,    0,    0,    0,
SH, 11, 2014012906, 99, CHIP,  30, 182S, 1481E,  49,  994,   ,   0,    ,    0,    0,    0,    0,
SH, 11, 2014012906, 99, CHIP,  36, 187S, 1474E,  53,  994,   ,   0,    ,    0,    0,    0,    0,
SH, 11, 2014012906, 99, CHIP,  42, 193S, 1466E,  54,  993,   ,   0,    ,    0,    0,    0,    0,
SH, 11, 2014012906, 99, CHIP,  48, 200S, 1457E,  44,  996,   ,   0,    ,    0,    0,    0,    0,
SH, 11, 2014012906, 99, CHIP,  54, 207S, 1447E,  37,  998,   ,   0,    ,    0,    0,    0,    0,
SH, 11, 2014012906, 99, CHIP,  60, 214S, 1438E,  33,  999,   ,   0,    ,    0,    0,    0,    0,
SH, 11, 2014012906, 99, CHIP,  66, 221S, 1428E,  29, 1000,   ,   0,    ,    0,    0,    0,    0,
SH, 11, 2014012906, 99, CHIP,  72, 228S, 1418E,  27, 1000,   ,   0,    ,    0,    0,    0,    0,
SH, 11, 2014012906, 99, CHP2,   0, 164S, 1504E,  38,  997,   ,   0,    ,    0,    0,    0,    0,
SH, 11, 2014012906, 99, CHP2,   6, 166S, 1500E,  47,  993,   ,   0,    ,    0,    0,    0,    0,
SH, 11, 2014012906, 99, CHP2,  12, 168S, 1496E,  54,  990,   ,   0,    ,    0,    0,    0,    0,
SH, 11, 2014012906, 99, CHP2,  18, 172S, 1492E,  59,  988,   ,   0,    ,    0,    0,    0,    0,
SH, 11, 2014012906, 99, CHP2,  24, 177S, 1487E,  67,  984,   ,   0,    ,    0,    0,    0,    0,
SH, 11, 2014012906, 99, CHP2,  30, 182S, 1481E,  71,  982,   ,   0,    ,    0,    0,    0,    0,
SH, 11, 2014012906, 99, CHP2,  36, 187S, 1474E,  74,  981,   ,   0,    ,    0,    0,    0,    0,
SH, 11, 2014012906, 99, CHP2,  42, 193S, 1466E,  73,  982,   ,   0,    ,    0,    0,    0,    0,
SH, 11, 2014012906, 99, CHP2,  48, 200S, 1457E,  56,  989,   ,   0,    ,    0,    0,    0,    0,
SH, 11, 2014012906, 99, CHP2,  54, 207S, 1447E,  44,  994,   ,   0,    ,    0,    0,    0,    0,
SH, 11, 2014012906, 99, CHP2,  60, 214S, 1438E,  38,  996,   ,   0,    ,    0,    0,    0,    0,
SH, 11, 2014012906, 99, CHP2,  66, 221S, 1428E,  34,  998,   ,   0,    ,    0,    0,    0,    0,
SH, 11, 2014012906, 99, CHP2,  72, 228S, 1418E,  31,  998,   ,   0,    ,    0,    0,    0,    0,
SH, 11, 2014012906, 99, CHP3,   0, 164S, 1504E,  28, 1000,   ,   0,    ,    0,    0,    0,    0,
SH, 11, 2014012906, 99, CHP3,   6, 166S, 1500E,  29, 1000,   ,   0,    ,    0,    0,    0,    0,
SH, 11, 2014012906, 99, CHP3,  12, 168S, 1496E,  33,  999,   ,   0,    ,    0,    0,    0,    0,
SH, 11, 2014012906, 99, CHP3,  18, 172S, 1492E,  38,  998,   ,   0,    ,    0,    0,    0,    0,
SH, 11, 2014012906, 99, CHP3,  24, 177S, 1487E,  43,  997,   ,   0,    ,    0,    0,    0,    0,
SH, 11, 2014012906, 99, CHP3,  30, 182S, 1481E,  47,  996,   ,   0,    ,    0,    0,    0,    0,
SH, 11, 2014012906, 99, CHP3,  36, 187S, 1474E,  50,  995,   ,   0,    ,    0,    0,    0,    0,
SH, 11, 2014012906, 99, CHP3,  42, 193S, 1466E,  52,  994,   ,   0,    ,    0,    0,    0,    0,
SH, 11, 2014012906, 99, CHP3,  48, 200S, 1457E,  43,  997,   ,   0,    ,    0,    0,    0,    0,
SH, 11, 2014012906, 99, CHP3,  54, 207S, 1447E,  36,  998,   ,   0,    ,    0,    0,    0,    0,
SH, 11, 2014012906, 99, CHP3,  60, 214S, 1438E,  32,  999,   ,   0,    ,    0,    0,    0,    0,
SH, 11, 2014012906, 99, CHP3,  66, 221S, 1428E,  29, 1000,   ,   0,    ,    0,    0,    0,    0,
SH, 11, 2014012906, 99, CHP3,  72, 228S, 1418E,  27, 1001,   ,   0,    ,    0,    0,    0,    0,
SH, 11, 2014012906, 99, CHP4,   0, 164S, 1504E,  35,  998,   ,   0,    ,    0,    0,    0,    0,
SH, 11, 2014012906, 99, CHP4,   6, 166S, 1500E,  43,  995,   ,   0,    ,    0,    0,    0,    0,
SH, 11, 2014012906, 99, CHP4,  12, 168S, 1496E,  49,  992,   ,   0,    ,    0,    0,    0,    0,
SH, 11, 2014012906, 99, CHP4,  18, 172S, 1492E,  58,  989,   ,   0,    ,    0,    0,    0,    0,
SH, 11, 2014012906, 99, CHP4,  24, 177S, 1487E,  64,  986,   ,   0,    ,    0,    0,    0,    0,
SH, 11, 2014012906, 99, CHP4,  30, 182S, 1481E,  67,  985,   ,   0,    ,    0,    0,    0,    0,
SH, 11, 2014012906, 99, CHP4,  36, 187S, 1474E,  70,  984,   ,   0,    ,    0,    0,    0,    0,
SH, 11, 2014012906, 99, CHP4,  42, 193S, 1466E,  70,  984,   ,   0,    ,    0,    0,    0,    0,
SH, 11, 2014012906, 99, CHP4,  48, 200S, 1457E,  53,  990,   ,   0,    ,    0,    0,    0,    0,
SH, 11, 2014012906, 99, CHP4,  54, 207S, 1447E,  43,  995,   ,   0,    ,    0,    0,    0,    0,
SH, 11, 2014012906, 99, CHP4,  60, 214S, 1438E,  37,  996,   ,   0,    ,    0,    0,    0,    0,
SH, 11, 2014012906, 99, CHP4,  66, 221S, 1428E,  33,  998,   ,   0,    ,    0,    0,    0,    0,
SH, 11, 2014012906, 99, CHP4,  72, 228S, 1418E,  30,  999,   ,   0,    ,    0,    0,    0,    0,
SH, 11, 2014012906, 99, CHP5,   0, 164S, 1504E,  29, 1000,   ,   0,    ,    0,    0,    0,    0,
SH, 11, 2014012906, 99, CHP5,   6, 166S, 1500E,  31,  999,   ,   0,    ,    0,    0,    0,    0,
SH, 11, 2014012906, 99, CHP5,  12, 168S, 1496E,  36,  998,   ,   0,    ,    0,    0,    0,    0,
SH, 11, 2014012906, 99, CHP5,  18, 172S, 1492E,  43,  996,   ,   0,    ,    0,    0,    0,    0,
SH, 11, 2014012906, 99, CHP5,  24, 177S, 1487E,  50,  994,   ,   0,    ,    0,    0,    0,    0,
SH, 11, 2014012906, 99, CHP5,  30, 182S, 1481E,  54,  992,   ,   0,    ,    0,    0,    0,    0,
SH, 11, 2014012906, 99, CHP5,  36, 187S, 1474E,  57,  991,   ,   0,    ,    0,    0,    0,    0,
SH, 11, 2014012906, 99, CHP5,  42, 193S, 1466E,  59,  991,   ,   0,    ,    0,    0,    0,    0,
SH, 11, 2014012906, 99, CHP5,  48, 200S, 1457E,  47,  995,   ,   0,    ,    0,    0,    0,    0,
SH, 11, 2014012906, 99, CHP5,  54, 207S, 1447E,  39,  997,   ,   0,    ,    0,    0,    0,    0,
SH, 11, 2014012906, 99, CHP5,  60, 214S, 1438E,  34,  999,   ,   0,    ,    0,    0,    0,    0,
SH, 11, 2014012906, 99, CHP5,  66, 221S, 1428E,  31,  999,   ,   0,    ,    0,    0,    0,    0,
SH, 11, 2014012906, 99, CHP5,  72, 228S, 1418E,  28, 1000,   ,   0,    ,    0,    0,    0,    0,
SH, 11, 2014012906, 99, CHP6,   0, 164S, 1504E,  32,  999,   ,   0,    ,    0,    0,    0,    0,
SH, 11, 2014012906, 99, CHP6,   6, 166S, 1500E,  46,  994,   ,   0,    ,    0,    0,    0,    0,
SH, 11, 2014012906, 99, CHP6,  12, 168S, 1496E,  54,  990,   ,   0,    ,    0,    0,    0,    0,
SH, 11, 2014012906, 99, CHP6,  18, 172S, 1492E,  62,  986,   ,   0,    ,    0,    0,    0,    0,
SH, 11, 2014012906, 99, CHP6,  24, 177S, 1487E,  73,  980,   ,   0,    ,    0,    0,    0,    0,
SH, 11, 2014012906, 99, CHP6,  30, 182S, 1481E,  79,  977,   ,   0,    ,    0,    0,    0,    0,
SH, 11, 2014012906, 99, CHP6,  36, 187S, 1474E,  84,  974,   ,   0,    ,    0,    0,    0,    0,
SH, 11, 2014012906, 99, CHP6,  42, 193S, 1466E,  86,  973,   ,   0,    ,    0,    0,    0,    0,
SH, 11, 2014012906, 99, CHP6,  48, 200S, 1457E,  64,  983,   ,   0,    ,    0,    0,    0,    0,
SH, 11, 2014012906, 99, CHP6,  54, 207S, 1447E,  49,  991,   ,   0,    ,    0,    0,    0,    0,
SH, 11, 2014012906, 99, CHP6,  60, 214S, 1438E,  42,  994,   ,   0,    ,    0,    0,    0,    0,
SH, 11, 2014012906, 99, CHP6,  66, 221S, 1428E,  36,  997,   ,   0,    ,    0,    0,    0,    0,
SH, 11, 2014012906, 99, CHP6,  72, 228S, 1418E,  33,  998,   ,   0,    ,    0,    0,    0,    0,
SH, 11, 2014012906, 99, CHP7,   0, 164S, 1504E,  29, 1000,   ,   0,    ,    0,    0,    0,    0,
SH, 11, 2014012906, 99, CHP7,   6, 166S, 1500E,  32,  999,   ,   0,    ,    0,    0,    0,    0,
SH, 11, 2014012906, 99, CHP7,  12, 168S, 1496E,  37,  998,   ,   0,    ,    0,    0,    0,    0,
SH, 11, 2014012906, 99, CHP7,  18, 172S, 1492E,  43,  996,   ,   0,    ,    0,    0,    0,    0,
SH, 11, 2014012906, 99, CHP7,  24, 177S, 1487E,  48,  994,   ,   0,    ,    0,    0,    0,    0,
SH, 11, 2014012906, 99, CHP7,  30, 182S, 1481E,  51,  993,   ,   0,    ,    0,    0,    0,    0,
SH, 11, 2014012906, 99, CHP7,  36, 187S, 1474E,  54,  993,   ,   0,    ,    0,    0,    0,    0,
SH, 11, 2014012906, 99, CHP7,  42, 193S, 1466E,  55,  993,   ,   0,    ,    0,    0,    0,    0,
SH, 11, 2014012906, 99, CHP7,  48, 200S, 1457E,  44,  996,   ,   0,    ,    0,    0,    0,    0,
SH, 11, 2014012906, 99, CHP7,  54, 207S, 1447E,  37,  998,   ,   0,    ,    0,    0,    0,    0,
SH, 11, 2014012906, 99, CHP7,  60, 214S, 1438E,  32,  999,   ,   0,    ,    0,    0,    0,    0,
SH, 11, 2014012906, 99, CHP7,  66, 221S, 1428E,  29, 1000,   ,   0,    ,    0,    0,    0,    0,
SH, 11, 2014012906, 99, CHP7,  72, 228S, 1418E,  27, 1000,   ,   0,    ,    0,    0,    0,    0,
SH, 11, 2014012912, 03, HWRF, 000, 163S, 1495E,  32,  993, XX,  34, NEQ, 0225, 0298, 0292, 0346,    0,    0, 107
SH, 11, 2014012912, 03, HWRF, 006, 161S, 1490E,  37,  993, XX,  34, NEQ, 0267, 0333, 0248, 0285,    0,    0,  89
SH, 11, 2014012912, 03, HWRF, 012, 171S, 1492E,  31,  993, XX,  34, NEQ, 0297, 0337, 0223, 0316,    0,    0,  92
SH, 11, 2014012912, 03, HWRF, 018, 181S, 1489E,  46,  992, XX,  34, NEQ, 0325, 0351, 0149, 0117,    0,    0,  90
SH, 11, 2014012912, 03, HWRF, 024, 192S, 1490E,  46,  990, XX,  34, NEQ, 0000, 0318, 0105, 0108,    0,    0,  84
SH, 11, 2014012912, 03, HWRF, 030, 202S, 1488E,  47,  988, XX,  34, NEQ, 0000, 0287, 0000, 0000,    0,    0,  66
SH, 11, 2014012912, 03, HWRF, 036, 205S, 1480E,  30,  989, XX,  34, NEQ, 0000, 0310, 0000, 0000,    0,    0,  60
SH, 11, 2014012912, 03, HWRF, 042, 208S, 1475E,  29,  990, XX,  34, NEQ, 0000, 0329, 0000, 0000,    0,    0,  90
SH, 11, 2014012912, 03, HWRF, 048, 208S, 1470E,  23,  993, XX,  34, NEQ, 0000, 0292, 0000, 0000,    0,    0, 107
SH, 11, 2014012912, 03, HWRF, 054, 209S, 1465E,  18,  995, XX,  34, NEQ, 0000, 0000, 0000, 0000,    0,    0,  80
SH, 11, 2014012912, 03, HWRF, 060, 213S, 1455E,  18,  997, XX,  34, NEQ, 0000, 0000, 0000, 0000,    0,    0, 108
SH, 11, 2014012912, 03, HWRF, 066, 215S, 1443E,  18,  998, XX,  34, NEQ, 0000, 0000, 0000, 0000,    0,    0,  78
SH, 11, 2014012912, 03, HWRF, 072, 214S, 1434E,  20, 1000, XX,  34, NEQ, 0000, 0000, 0000, 0000,    0,    0,  82
SH, 11, 2014012912, 03, HWRF, 078, 214S, 1421E,  18, 1000, XX,  34, NEQ, 0000, 0000, 0000, 0000,    0,    0,  92
SH, 11, 2014012912, 03, HWRF, 084, 215S, 1410E,  16, 1002, XX,  34, NEQ, 0000, 0000, 0000, 0000,    0,    0, 103
SH, 11, 2014012912, 03, HWRF, 090, 218S, 1399E,  13, 1002, XX,  34, NEQ, 0000, 0000, 0000, 0000,    0,    0,  95
SH, 11, 2014012912, 03, HWRF, 096, 220S, 1390E,  13, 1003, XX,  34, NEQ, 0000, 0000, 0000, 0000,    0,    0,  99
SH, 11, 2014012912, 03, HWRF, 102, 218S, 1379E,  10, 1003, XX,  34, NEQ, 0000, 0000, 0000, 0000,    0,    0,  98
SH, 11, 2014012912, 99, CHIP,   0, 169S, 1500E,  35,  999,   ,   0,    ,    0,    0,    0,    0,
SH, 11, 2014012912, 99, CHIP,   6, 172S, 1495E,  36,  998,   ,   0,    ,    0,    0,    0,    0,
SH, 11, 2014012912, 99, CHIP,  12, 176S, 1489E,  39,  998,   ,   0,    ,    0,    0,    0,    0,
SH, 11, 2014012912, 99, CHIP,  18, 180S, 1485E,  40,  997,   ,   0,    ,    0,    0,    0,    0,
SH, 11, 2014012912, 99, CHIP,  24, 184S, 1480E,  42,  996,   ,   0,    ,    0,    0,    0,    0,
SH, 11, 2014012912, 99, CHIP,  30, 189S, 1476E,  44,  996,   ,   0,    ,    0,    0,    0,    0,
SH, 11, 2014012912, 99, CHIP,  36, 195S, 1472E,  45,  995,   ,   0,    ,    0,    0,    0,    0,
SH, 11, 2014012912, 99, CHIP,  42, 201S, 1465E,  41,  997,   ,   0,    ,    0,    0,    0,    0,
SH, 11, 2014012912, 99, CHIP,  48, 207S, 1458E,  34,  998,   ,   0,    ,    0,    0,    0,    0,
SH, 11, 2014012912, 99, CHP2,   0, 169S, 1500E,  36,  999,   ,   0,    ,    0,    0,    0,    0,
SH, 11, 2014012912, 99, CHP2,   6, 172S, 1495E,  43,  996,   ,   0,    ,    0,    0,    0,    0,
SH, 11, 2014012912, 99, CHP2,  12, 176S, 1489E,  47,  994,   ,   0,    ,    0,    0,    0,    0,
SH, 11, 2014012912, 99, CHP2,  18, 180S, 1485E,  49,  993,   ,   0,    ,    0,    0,    0,    0,
SH, 11, 2014012912, 99, CHP2,  24, 184S, 1480E,  51,  992,   ,   0,    ,    0,    0,    0,    0,
SH, 11, 2014012912, 99, CHP2,  30, 189S, 1476E,  53,  992,   ,   0,    ,    0,    0,    0,    0,
SH, 11, 2014012912, 99, CHP2,  36, 195S, 1472E,  54,  991,   ,   0,    ,    0,    0,    0,    0,
SH, 11, 2014012912, 99, CHP2,  42, 201S, 1465E,  47,  994,   ,   0,    ,    0,    0,    0,    0,
SH, 11, 2014012912, 99, CHP2,  48, 207S, 1458E,  39,  996,   ,   0,    ,    0,    0,    0,    0,
SH, 11, 2014012912, 99, CHP3,   0, 169S, 1500E,  31, 1000,   ,   0,    ,    0,    0,    0,    0,
SH, 11, 2014012912, 99, CHP3,   6, 172S, 1495E,  27, 1000,   ,   0,    ,    0,    0,    0,    0,
SH, 11, 2014012912, 99, CHP3,  12, 176S, 1489E,  27, 1001,   ,   0,    ,    0,    0,    0,    0,
SH, 11, 2014012912, 99, CHP3,  18, 180S, 1485E,  26, 1001,   ,   0,    ,    0,    0,    0,    0,
SH, 11, 2014012912, 99, CHP3,  24, 184S, 1480E,  26, 1001,   ,   0,    ,    0,    0,    0,    0,
SH, 11, 2014012912, 99, CHP3,  30, 189S, 1476E,  27, 1001,   ,   0,    ,    0,    0,    0,    0,
SH, 11, 2014012912, 99, CHP3,  36, 195S, 1472E,  28, 1001,   ,   0,    ,    0,    0,    0,    0,
SH, 11, 2014012912, 99, CHP3,  42, 201S, 1465E,  27, 1001,   ,   0,    ,    0,    0,    0,    0,
SH, 11, 2014012912, 99, CHP3,  48, 207S, 1458E,  25, 1001,   ,   0,    ,    0,    0,    0,    0,
SH, 11, 2014012912, 99, CHP4,   0, 169S, 1500E,  36,  999,   ,   0,    ,    0,    0,    0,    0,
SH, 11, 2014012912, 99, CHP4,   6, 172S, 1495E,  41,  997,   ,   0,    ,    0,    0,    0,    0,
SH, 11, 2014012912, 99, CHP4,  12, 176S, 1489E,  45,  995,   ,   0,    ,    0,    0,    0,    0,
SH, 11, 2014012912, 99, CHP4,  18, 180S, 1485E,  47,  994,   ,   0,    ,    0,    0,    0,    0,
SH, 11, 2014012912, 99, CHP4,  24, 184S, 1480E,  49,  993,   ,   0,    ,    0,    0,    0,    0,
SH, 11, 2014012912, 99, CHP4,  30, 189S, 1476E,  51,  993,   ,   0,    ,    0,    0,    0,    0,
SH, 11, 2014012912, 99, CHP4,  36, 195S, 1472E,  52,  992,   ,   0,    ,    0,    0,    0,    0,
SH, 11, 2014012912, 99, CHP4,  42, 201S, 1465E,  46,  995,   ,   0,    ,    0,    0,    0,    0,
SH, 11, 2014012912, 99, CHP4,  48, 207S, 1458E,  38,  997,   ,   0,    ,    0,    0,    0,    0,
SH, 11, 2014012912, 99, CHP5,   0, 169S, 1500E,  33, 1000,   ,   0,    ,    0,    0,    0,    0,
SH, 11, 2014012912, 99, CHP5,   6, 172S, 1495E,  35,  999,   ,   0,    ,    0,    0,    0,    0,
SH, 11, 2014012912, 99, CHP5,  12, 176S, 1489E,  38,  998,   ,   0,    ,    0,    0,    0,    0,
SH, 11, 2014012912, 99, CHP5,  18, 180S, 1485E,  40,  997,   ,   0,    ,    0,    0,    0,    0,
SH, 11, 2014012912, 99, CHP5,  24, 184S, 1480E,  42,  996,   ,   0,    ,    0,    0,    0,    0,
SH, 11, 2014012912, 99, CHP5,  30, 189S, 1476E,  44,  996,   ,   0,    ,    0,    0,    0,    0,
SH, 11, 2014012912, 99, CHP5,  36, 195S, 1472E,  45,  995,   ,   0,    ,    0,    0,    0,    0,
SH, 11, 2014012912, 99, CHP5,  42, 201S, 1465E,  41,  997,   ,   0,    ,    0,    0,    0,    0,
SH, 11, 2014012912, 99, CHP5,  48, 207S, 1458E,  34,  998,   ,   0,    ,    0,    0,    0,    0,
SH, 11, 2014012912, 99, CHP6,   0, 169S, 1500E,  34,  999,   ,   0,    ,    0,    0,    0,    0,
SH, 11, 2014012912, 99, CHP6,   6, 172S, 1495E,  41,  997,   ,   0,    ,    0,    0,    0,    0,
SH, 11, 2014012912, 99, CHP6,  12, 176S, 1489E,  46,  995,   ,   0,    ,    0,    0,    0,    0,
SH, 11, 2014012912, 99, CHP6,  18, 180S, 1485E,  50,  993,   ,   0,    ,    0,    0,    0,    0,
SH, 11, 2014012912, 99, CHP6,  24, 184S, 1480E,  53,  992,   ,   0,    ,    0,    0,    0,    0,
SH, 11, 2014012912, 99, CHP6,  30, 189S, 1476E,  56,  990,   ,   0,    ,    0,    0,    0,    0,
SH, 11, 2014012912, 99, CHP6,  36, 195S, 1472E,  59,  989,   ,   0,    ,    0,    0,    0,    0,
SH, 11, 2014012912, 99, CHP6,  42, 201S, 1465E,  51,  992,   ,   0,    ,    0,    0,    0,    0,
SH, 11, 2014012912, 99, CHP6,  48, 207S, 1458E,  42,  995,   ,   0,    ,    0,    0,    0,    0,
SH, 11, 2014012912, 99, CHP7,   0, 169S, 1500E,  32, 1000,   ,   0,    ,    0,    0,    0,    0,
SH, 11, 2014012912, 99, CHP7,   6, 172S, 1495E,  28, 1000,   ,   0,    ,    0,    0,    0,    0,
SH, 11, 2014012912, 99, CHP7,  12, 176S, 1489E,  26, 1001,   ,   0,    ,    0,    0,    0,    0,
SH, 11, 2014012912, 99, CHP7,  18, 180S, 1485E,  25, 1001,   ,   0,    ,    0,    0,    0,    0,
SH, 11, 2014012912, 99, CHP7,  24, 184S, 1480E,  25, 1001,   ,   0,    ,    0,    0,    0,    0,
SH, 11, 2014012912, 99, CHP7,  30, 189S, 1476E,  25, 1001,   ,   0,    ,    0,    0,    0,    0,
SH, 11, 2014012912, 99, CHP7,  36, 195S, 1472E,  25, 1001,   ,   0,    ,    0,    0,    0,    0,
SH, 11, 2014012912, 99, CHP7,  42, 201S, 1465E,  24, 1002,   ,   0,    ,    0,    0,    0,    0,
SH, 11, 2014012912, 99, CHP7,  48, 207S, 1458E,  23, 1002,   ,   0,    ,    0,    0,    0,    0,
SH, 11, 2014012918, 03, HWRF, 000, 173S, 1489E,  32,  990, XX,  34, NEQ, 0350, 0286, 0000, 0351,    0,    0, 101
SH, 11, 2014012918, 03, HWRF, 000, 173S, 1489E,  32,  990, XX,  50, NEQ, 0299, 0000, 0000, 0000,    0,    0, 101
SH, 11, 2014012918, 03, HWRF, 006, 177S, 1486E,  36,  994, XX,  34, NEQ, 0328, 0302, 0172, 0327,    0,    0, 107
SH, 11, 2014012918, 03, HWRF, 012, 187S, 1483E,  39,  992, XX,  34, NEQ, 0312, 0343, 0058, 0071,    0,    0, 107
SH, 11, 2014012918, 03, HWRF, 018, 201S, 1483E,  45,  992, XX,  34, NEQ, 0337, 0335, 0000, 0000,    0,    0, 101
SH, 11, 2014012918, 03, HWRF, 024, 205S, 1477E,  35,  992, XX,  34, NEQ, 0000, 0296, 0000, 0000,    0,    0, 102
SH, 11, 2014012918, 03, HWRF, 030, 204S, 1470E,  22,  994, XX,  34, NEQ, 0000, 0344, 0000, 0000,    0,    0,  99
SH, 11, 2014012918, 03, HWRF, 036, 208S, 1468E,  25,  995, XX,  34, NEQ, 0000, 0313, 0000, 0000,    0,    0, 101
SH, 11, 2014012918, 03, HWRF, 042, 210S, 1460E,  21,  998, XX,  34, NEQ, 0000, 0000, 0000, 0000,    0,    0, 108
SH, 11, 2014012918, 03, HWRF, 048, 209S, 1449E,  15,  998, XX,  34, NEQ, 0000, 0000, 0000, 0000,    0,    0,  87
SH, 11, 2014012918, 03, HWRF, 054, 210S, 1434E,  17, 1000, XX,  34, NEQ, 0000, 0000, 0000, 0000,    0,    0,  98
SH, 11, 2014012918, 03, HWRF, 060, 208S, 1424E,  13, 1000, XX,  34, NEQ, 0000, 0000, 0000, 0000,    0,    0, 107
SH, 11, 2014012918, 99, CHIP,   0, 175S, 1490E,  35,  999,   ,   0,    ,    0,    0,    0,    0,
SH, 11, 2014012918, 99, CHIP,   6, 178S, 1485E,  35,  999,   ,   0,    ,    0,    0,    0,    0,
SH, 11, 2014012918, 99, CHIP,  12, 182S, 1480E,  36,  999,   ,   0,    ,    0,    0,    0,    0,
SH, 11, 2014012918, 99, CHIP,  18, 186S, 1476E,  37,  998,   ,   0,    ,    0,    0,    0,    0,
SH, 11, 2014012918, 99, CHIP,  24, 191S, 1471E,  39,  998,   ,   0,    ,    0,    0,    0,    0,
SH, 11, 2014012918, 99, CHIP,  30, 197S, 1466E,  38,  998,   ,   0,    ,    0,    0,    0,    0,
SH, 11, 2014012918, 99, CHIP,  36, 203S, 1460E,  33, 1000,   ,   0,    ,    0,    0,    0,    0,
SH, 11, 2014012918, 99, CHIP,  42, 208S, 1455E,  29, 1000,   ,   0,    ,    0,    0,    0,    0,
SH, 11, 2014012918, 99, CHIP,  48, 214S, 1449E,  27, 1001,   ,   0,    ,    0,    0,    0,    0,
SH, 11, 2014012918, 99, CHP2,   0, 175S, 1490E,  36,  999,   ,   0,    ,    0,    0,    0,    0,
SH, 11, 2014012918, 99, CHP2,   6, 178S, 1485E,  38,  998,   ,   0,    ,    0,    0,    0,    0,
SH, 11, 2014012918, 99, CHP2,  12, 182S, 1480E,  41,  997,   ,   0,    ,    0,    0,    0,    0,
SH, 11, 2014012918, 99, CHP2,  18, 186S, 1476E,  42,  996,   ,   0,    ,    0,    0,    0,    0,
SH, 11, 2014012918, 99, CHP2,  24, 191S, 1471E,  44,  996,   ,   0,    ,    0,    0,    0,    0,
SH, 11, 2014012918, 99, CHP2,  30, 197S, 1466E,  43,  996,   ,   0,    ,    0,    0,    0,    0,
SH, 11, 2014012918, 99, CHP2,  36, 203S, 1460E,  36,  998,   ,   0,    ,    0,    0,    0,    0,
SH, 11, 2014012918, 99, CHP2,  42, 208S, 1455E,  32,  999,   ,   0,    ,    0,    0,    0,    0,
SH, 11, 2014012918, 99, CHP2,  48, 214S, 1449E,  29, 1000,   ,   0,    ,    0,    0,    0,    0,
SH, 11, 2014012918, 99, CHP3,   0, 175S, 1490E,  30, 1000,   ,   0,    ,    0,    0,    0,    0,
SH, 11, 2014012918, 99, CHP3,   6, 178S, 1485E,  27, 1001,   ,   0,    ,    0,    0,    0,    0,
SH, 11, 2014012918, 99, CHP3,  12, 182S, 1480E,  25, 1001,   ,   0,    ,    0,    0,    0,    0,
SH, 11, 2014012918, 99, CHP3,  18, 186S, 1476E,  24, 1002,   ,   0,    ,    0,    0,    0,    0,
SH, 11, 2014012918, 99, CHP3,  24, 191S, 1471E,  24, 1002,   ,   0,    ,    0,    0,    0,    0,
SH, 11, 2014012918, 99, CHP3,  30, 197S, 1466E,  23, 1002,   ,   0,    ,    0,    0,    0,    0,
SH, 11, 2014012918, 99, CHP3,  36, 203S, 1460E,  22, 1002,   ,   0,    ,    0,    0,    0,    0,
SH, 11, 2014012918, 99, CHP3,  42, 208S, 1455E,  21, 1002,   ,   0,    ,    0,    0,    0,    0,
SH, 11, 2014012918, 99, CHP3,  48, 214S, 1449E,  20, 1002,   ,   0,    ,    0,    0,    0,    0,
SH, 11, 2014012918, 99, CHP4,   0, 175S, 1490E,  36,  999,   ,   0,    ,    0,    0,    0,    0,
SH, 11, 2014012918, 99, CHP4,   6, 178S, 1485E,  37,  998,   ,   0,    ,    0,    0,    0,    0,
SH, 11, 2014012918, 99, CHP4,  12, 182S, 1480E,  39,  998,   ,   0,    ,    0,    0,    0,    0,
SH, 11, 2014012918, 99, CHP4,  18, 186S, 1476E,  40,  997,   ,   0,    ,    0,    0,    0,    0,
SH, 11, 2014012918, 99, CHP4,  24, 191S, 1471E,  42,  997,   ,   0,    ,    0,    0,    0,    0,
SH, 11, 2014012918, 99, CHP4,  30, 197S, 1466E,  41,  997,   ,   0,    ,    0,    0,    0,    0,
SH, 11, 2014012918, 99, CHP4,  36, 203S, 1460E,  35,  999,   ,   0,    ,    0,    0,    0,    0,
SH, 11, 2014012918, 99, CHP4,  42, 208S, 1455E,  31, 1000,   ,   0,    ,    0,    0,    0,    0,
SH, 11, 2014012918, 99, CHP4,  48, 214S, 1449E,  28, 1000,   ,   0,    ,    0,    0,    0,    0,
SH, 11, 2014012918, 99, CHP5,   0, 175S, 1490E,  30, 1000,   ,   0,    ,    0,    0,    0,    0,
SH, 11, 2014012918, 99, CHP5,   6, 178S, 1485E,  28, 1000,   ,   0,    ,    0,    0,    0,    0,
SH, 11, 2014012918, 99, CHP5,  12, 182S, 1480E,  28, 1001,   ,   0,    ,    0,    0,    0,    0,
SH, 11, 2014012918, 99, CHP5,  18, 186S, 1476E,  29, 1000,   ,   0,    ,    0,    0,    0,    0,
SH, 11, 2014012918, 99, CHP5,  24, 191S, 1471E,  31, 1000,   ,   0,    ,    0,    0,    0,    0,
SH, 11, 2014012918, 99, CHP5,  30, 197S, 1466E,  31, 1000,   ,   0,    ,    0,    0,    0,    0,
SH, 11, 2014012918, 99, CHP5,  36, 203S, 1460E,  27, 1001,   ,   0,    ,    0,    0,    0,    0,
SH, 11, 2014012918, 99, CHP5,  42, 208S, 1455E,  26, 1001,   ,   0,    ,    0,    0,    0,    0,
SH, 11, 2014012918, 99, CHP5,  48, 214S, 1449E,  24, 1002,   ,   0,    ,    0,    0,    0,    0,
SH, 11, 2014012918, 99, CHP6,   0, 175S, 1490E,  35,  999,   ,   0,    ,    0,    0,    0,    0,
SH, 11, 2014012918, 99, CHP6,   6, 178S, 1485E,  37,  998,   ,   0,    ,    0,    0,    0,    0,
SH, 11, 2014012918, 99, CHP6,  12, 182S, 1480E,  40,  997,   ,   0,    ,    0,    0,    0,    0,
SH, 11, 2014012918, 99, CHP6,  18, 186S, 1476E,  43,  996,   ,   0,    ,    0,    0,    0,    0,
SH, 11, 2014012918, 99, CHP6,  24, 191S, 1471E,  45,  995,   ,   0,    ,    0,    0,    0,    0,
SH, 11, 2014012918, 99, CHP6,  30, 197S, 1466E,  44,  996,   ,   0,    ,    0,    0,    0,    0,
SH, 11, 2014012918, 99, CHP6,  36, 203S, 1460E,  37,  998,   ,   0,    ,    0,    0,    0,    0,
SH, 11, 2014012918, 99, CHP6,  42, 208S, 1455E,  33,  999,   ,   0,    ,    0,    0,    0,    0,
SH, 11, 2014012918, 99, CHP6,  48, 214S, 1449E,  30, 1000,   ,   0,    ,    0,    0,    0,    0,
SH, 11, 2014012918, 99, CHP7,   0, 175S, 1490E,  32, 1000,   ,   0,    ,    0,    0,    0,    0,
SH, 11, 2014012918, 99, CHP7,   6, 178S, 1485E,  28, 1000,   ,   0,    ,    0,    0,    0,    0,
SH, 11, 2014012918, 99, CHP7,  12, 182S, 1480E,  26, 1001,   ,   0,    ,    0,    0,    0,    0,
SH, 11, 2014012918, 99, CHP7,  18, 186S, 1476E,  24, 1001,   ,   0,    ,    0,    0,    0,    0,
SH, 11, 2014012918, 99, CHP7,  24, 191S, 1471E,  23, 1002,   ,   0,    ,    0,    0,    0,    0,
SH, 11, 2014012918, 99, CHP7,  30, 197S, 1466E,  22, 1002,   ,   0,    ,    0,    0,    0,    0,
SH, 11, 2014012918, 99, CHP7,  36, 203S, 1460E,  21, 1002,   ,   0,    ,    0,    0,    0,    0,
SH, 11, 2014012918, 99, CHP7,  42, 208S, 1455E,  20, 1002,   ,   0,    ,    0,    0,    0,    0,
SH, 11, 2014012918, 99, CHP7,  48, 214S, 1449E,  20, 1002,   ,   0,    ,    0,    0,    0,    0,
SH, 11, 2014013000, 03, HWRF, 000, 176S, 1485E,  35,  994, XX,  34, NEQ, 0351, 0283, 0143, 0351,    0,    0, 106
SH, 11, 2014013000, 03, HWRF, 006, 180S, 1485E,  34,  993, XX,  34, NEQ, 0304, 0336, 0120, 0000,    0,    0, 107
SH, 11, 2014013000, 03, HWRF, 012, 193S, 1487E,  36,  993, XX,  34, NEQ, 0350, 0316, 0000, 0000,    0,    0, 101
SH, 11, 2014013000, 03, HWRF, 018, 204S, 1480E,  42,  992, XX,  34, NEQ, 0339, 0339, 0000, 0000,    0,    0, 101
SH, 11, 2014013000, 03, HWRF, 024, 206S, 1468E,  27,  994, XX,  34, NEQ, 0000, 0342, 0000, 0000,    0,    0,  99
SH, 11, 2014013000, 03, HWRF, 030, 207S, 1464E,  17,  995, XX,  34, NEQ, 0000, 0331, 0000, 0000,    0,    0,  75
SH, 11, 2014013000, 03, HWRF, 036, 208S, 1461E,  19,  997, XX,  34, NEQ, 0000, 0228, 0000, 0000,    0,    0, 108
SH, 11, 2014013000, 03, HWRF, 042, 211S, 1457E,  17,  997, XX,  34, NEQ, 0000, 0000, 0000, 0000,    0,    0,  87
SH, 11, 2014013000, 03, HWRF, 048, 209S, 1452E,  18,  999, XX,  34, NEQ, 0000, 0000, 0000, 0000,    0,    0,  83
SH, 11, 2014013000, 03, HWRF, 054, 211S, 1441E,  14,  999, XX,  34, NEQ, 0000, 0000, 0000, 0000,    0,    0,  98
SH, 11, 2014013000, 03, HWRF, 060, 214S, 1428E,  17, 1001, XX,  34, NEQ, 0000, 0000, 0000, 0000,    0,    0, 108
SH, 11, 2014013000, 03, HWRF, 066, 210S, 1414E,  11, 1001, XX,  34, NEQ, 0000, 0000, 0000, 0000,    0,    0, 108
SH, 11, 2014013000, 03, HWRF, 072, 211S, 1402E,  13, 1002, XX,  34, NEQ, 0000, 0000, 0000, 0000,    0,    0, 106
SH, 11, 2014013000, 03, HWRF, 078, 213S, 1391E,  13, 1000, XX,  34, NEQ, 0000, 0000, 0000, 0000,    0,    0,  84
SH, 11, 2014013000, 03, HWRF, 084, 212S, 1379E,  10, 1001, XX,  34, NEQ, 0000, 0000, 0000, 0000,    0,    0,  47
SH, 11, 2014013000, 99, CHIP,   0, 176S, 1484E,  43,  998,   ,   0,    ,    0,    0,    0,    0,
SH, 11, 2014013000, 99, CHIP,   6, 181S, 1480E,  42,  997,   ,   0,    ,    0,    0,    0,    0,
SH, 11, 2014013000, 99, CHIP,  12, 186S, 1475E,  43,  997,   ,   0,    ,    0,    0,    0,    0,
SH, 11, 2014013000, 99, CHIP,  18, 192S, 1469E,  45,  996,   ,   0,    ,    0,    0,    0,    0,
SH, 11, 2014013000, 99, CHIP,  24, 198S, 1463E,  41,  997,   ,   0,    ,    0,    0,    0,    0,
SH, 11, 2014013000, 99, CHIP,  30, 204S, 1453E,  35,  999,   ,   0,    ,    0,    0,    0,    0,
SH, 11, 2014013000, 99, CHIP,  36, 210S, 1443E,  32, 1000,   ,   0,    ,    0,    0,    0,    0,
SH, 11, 2014013000, 99, CHP2,   0, 176S, 1484E,  43,  996,   ,   0,    ,    0,    0,    0,    0,
SH, 11, 2014013000, 99, CHP2,   6, 181S, 1480E,  51,  993,   ,   0,    ,    0,    0,    0,    0,
SH, 11, 2014013000, 99, CHP2,  12, 186S, 1475E,  53,  992,   ,   0,    ,    0,    0,    0,    0,
SH, 11, 2014013000, 99, CHP2,  18, 192S, 1469E,  54,  991,   ,   0,    ,    0,    0,    0,    0,
SH, 11, 2014013000, 99, CHP2,  24, 198S, 1463E,  49,  994,   ,   0,    ,    0,    0,    0,    0,
SH, 11, 2014013000, 99, CHP2,  30, 204S, 1453E,  41,  996,   ,   0,    ,    0,    0,    0,    0,
SH, 11, 2014013000, 99, CHP2,  36, 210S, 1443E,  36,  998,   ,   0,    ,    0,    0,    0,    0,
SH, 11, 2014013000, 99, CHP3,   0, 176S, 1484E,  35,  999,   ,   0,    ,    0,    0,    0,    0,
SH, 11, 2014013000, 99, CHP3,   6, 181S, 1480E,  37,  998,   ,   0,    ,    0,    0,    0,    0,
SH, 11, 2014013000, 99, CHP3,  12, 186S, 1475E,  39,  998,   ,   0,    ,    0,    0,    0,    0,
SH, 11, 2014013000, 99, CHP3,  18, 192S, 1469E,  40,  997,   ,   0,    ,    0,    0,    0,    0,
SH, 11, 2014013000, 99, CHP3,  24, 198S, 1463E,  38,  998,   ,   0,    ,    0,    0,    0,    0,
SH, 11, 2014013000, 99, CHP3,  30, 204S, 1453E,  33, 1000,   ,   0,    ,    0,    0,    0,    0,
SH, 11, 2014013000, 99, CHP3,  36, 210S, 1443E,  30, 1000,   ,   0,    ,    0,    0,    0,    0,
SH, 11, 2014013000, 99, CHP4,   0, 176S, 1484E,  40,  998,   ,   0,    ,    0,    0,    0,    0,
SH, 11, 2014013000, 99, CHP4,   6, 181S, 1480E,  46,  995,   ,   0,    ,    0,    0,    0,    0,
SH, 11, 2014013000, 99, CHP4,  12, 186S, 1475E,  48,  994,   ,   0,    ,    0,    0,    0,    0,
SH, 11, 2014013000, 99, CHP4,  18, 192S, 1469E,  50,  993,   ,   0,    ,    0,    0,    0,    0,
SH, 11, 2014013000, 99, CHP4,  24, 198S, 1463E,  46,  995,   ,   0,    ,    0,    0,    0,    0,
SH, 11, 2014013000, 99, CHP4,  30, 204S, 1453E,  39,  997,   ,   0,    ,    0,    0,    0,    0,
SH, 11, 2014013000, 99, CHP4,  36, 210S, 1443E,  35,  999,   ,   0,    ,    0,    0,    0,    0,
SH, 11, 2014013000, 99, CHP5,   0, 176S, 1484E,  36,  999,   ,   0,    ,    0,    0,    0,    0,
SH, 11, 2014013000, 99, CHP5,   6, 181S, 1480E,  39,  998,   ,   0,    ,    0,    0,    0,    0,
SH, 11, 2014013000, 99, CHP5,  12, 186S, 1475E,  42,  997,   ,   0,    ,    0,    0,    0,    0,
SH, 11, 2014013000, 99, CHP5,  18, 192S, 1469E,  45,  996,   ,   0,    ,    0,    0,    0,    0,
SH, 11, 2014013000, 99, CHP5,  24, 198S, 1463E,  42,  997,   ,   0,    ,    0,    0,    0,    0,
SH, 11, 2014013000, 99, CHP5,  30, 204S, 1453E,  35,  998,   ,   0,    ,    0,    0,    0,    0,
SH, 11, 2014013000, 99, CHP5,  36, 210S, 1443E,  32, 1000,   ,   0,    ,    0,    0,    0,    0,
SH, 11, 2014013000, 99, CHP6,   0, 176S, 1484E,  40,  998,   ,   0,    ,    0,    0,    0,    0,
SH, 11, 2014013000, 99, CHP6,   6, 181S, 1480E,  51,  993,   ,   0,    ,    0,    0,    0,    0,
SH, 11, 2014013000, 99, CHP6,  12, 186S, 1475E,  55,  991,   ,   0,    ,    0,    0,    0,    0,
SH, 11, 2014013000, 99, CHP6,  18, 192S, 1469E,  57,  990,   ,   0,    ,    0,    0,    0,    0,
SH, 11, 2014013000, 99, CHP6,  24, 198S, 1463E,  52,  992,   ,   0,    ,    0,    0,    0,    0,
SH, 11, 2014013000, 99, CHP6,  30, 204S, 1453E,  43,  995,   ,   0,    ,    0,    0,    0,    0,
SH, 11, 2014013000, 99, CHP6,  36, 210S, 1443E,  37,  998,   ,   0,    ,    0,    0,    0,    0,
SH, 11, 2014013000, 99, CHP7,   0, 176S, 1484E,  36,  999,   ,   0,    ,    0,    0,    0,    0,
SH, 11, 2014013000, 99, CHP7,   6, 181S, 1480E,  38,  998,   ,   0,    ,    0,    0,    0,    0,
SH, 11, 2014013000, 99, CHP7,  12, 186S, 1475E,  40,  997,   ,   0,    ,    0,    0,    0,    0,
SH, 11, 2014013000, 99, CHP7,  18, 192S, 1469E,  42,  997,   ,   0,    ,    0,    0,    0,    0,
SH, 11, 2014013000, 99, CHP7,  24, 198S, 1463E,  39,  998,   ,   0,    ,    0,    0,    0,    0,
SH, 11, 2014013000, 99, CHP7,  30, 204S, 1453E,  33,  999,   ,   0,    ,    0,    0,    0,    0,
SH, 11, 2014013000, 99, CHP7,  36, 210S, 1443E,  31, 1000,   ,   0,    ,    0,    0,    0,    0,
SH, 11, 2014013006, 03, HWRF, 000, 182S, 1483E,  39,  992, XX,  34, NEQ, 0341, 0329, 0135, 0123,    0,    0, 103
SH, 11, 2014013006, 03, HWRF, 006, 189S, 1485E,  39,  991, XX,  34, NEQ, 0144, 0315, 0000, 0093,    0,    0, 108
SH, 11, 2014013006, 03, HWRF, 012, 202S, 1479E,  30,  991, XX,  34, NEQ, 0000, 0295, 0000, 0000,    0,    0,  94
SH, 11, 2014013006, 03, HWRF, 018, 207S, 1465E,  22,  994, XX,  34, NEQ, 0000, 0289, 0000, 0000,    0,    0,  79
SH, 11, 2014013006, 03, HWRF, 024, 212S, 1458E,  21,  996, XX,  34, NEQ, 0000, 0000, 0000, 0000,    0,    0,  83
SH, 11, 2014013006, 03, HWRF, 030, 214S, 1453E,  18,  997, XX,  34, NEQ, 0000, 0293, 0000, 0000,    0,    0,  82
SH, 11, 2014013006, 03, HWRF, 036, 215S, 1447E,  15,  997, XX,  34, NEQ, 0000, 0000, 0000, 0000,    0,    0, 108
SH, 11, 2014013006, 03, HWRF, 042, 214S, 1430E,  19,  999, XX,  34, NEQ, 0000, 0000, 0000, 0000,    0,    0, 107
SH, 11, 2014013006, 03, HWRF, 048, 213S, 1424E,  15,  999, XX,  34, NEQ, 0000, 0000, 0000, 0000,    0,    0, 108
SH, 11, 2014013006, 03, HWRF, 054, 214S, 1417E,  15, 1001, XX,  34, NEQ, 0000, 0000, 0000, 0000,    0,    0, 107
SH, 11, 2014013006, 03, HWRF, 060, 219S, 1405E,  15, 1000, XX,  34, NEQ, 0000, 0000, 0000, 0000,    0,    0, 102
SH, 11, 2014013006, 03, HWRF, 066, 221S, 1390E,  14, 1002, XX,  34, NEQ, 0000, 0000, 0000, 0000,    0,    0, 108
SH, 11, 2014013006, 03, HWRF, 072, 221S, 1374E,  12,  999, XX,  34, NEQ, 0000, 0000, 0000, 0000,    0,    0,  98
SH, 11, 2014013006, 03, HWRF, 078, 219S, 1365E,  13,  999, XX,  34, NEQ, 0000, 0000, 0000, 0000,    0,    0, 104
SH, 11, 2014013006, 03, HWRF, 084, 201S, 1357E,  14,  997, XX,  34, NEQ, 0000, 0000, 0000, 0000,    0,    0,  97
SH, 11, 2014013006, 03, HWRF, 090, 191S, 1359E,  12,  999, XX,  34, NEQ, 0000, 0000, 0000, 0000,    0,    0, 107
SH, 11, 2014013006, 03, HWRF, 096, 194S, 1363E,  15,  997, XX,  34, NEQ, 0000, 0000, 0000, 0000,    0,    0,  75
SH, 11, 2014013006, 03, HWRF, 102, 192S, 1365E,  19,  998, XX,  34, NEQ, 0000, 0000, 0000, 0000,    0,    0,  99
SH, 11, 2014013006, 03, HWRF, 108, 191S, 1364E,  17,  998, XX,  34, NEQ, 0000, 0000, 0000, 0000,    0,    0, 108
SH, 11, 2014013006, 03, HWRF, 114, 189S, 1360E,  15, 1000, XX,  34, NEQ, 0000, 0000, 0000, 0000,    0,    0,  70
SH, 11, 2014013006, 03, HWRF, 120, 187S, 1361E,  15,  999, XX,  34, NEQ, 0000, 0000, 0000, 0000,    0,    0,  23
SH, 11, 2014013006, 03, HWRF, 126, 180S, 1360E,  16, 1001, XX,  34, NEQ, 0000, 0000, 0000, 0000,    0,    0,  27
SH, 11, 2014013012, 03, HWRF, 000, 188S, 1482E,  56,  993, XX,  34, NEQ, 0184, 0350, 0179, 0177,    0,    0,  50
SH, 11, 2014013012, 03, HWRF, 000, 188S, 1482E,  56,  993, XX,  50, NEQ, 0111, 0063, 0078, 0092,    0,    0,  50
SH, 11, 2014013012, 03, HWRF, 006, 200S, 1478E,  43,  982, XX,  34, NEQ, 0130, 0276, 0000, 0000,    0,    0,  67
SH, 11, 2014013012, 03, HWRF, 012, 209S, 1467E,  26,  989, XX,  34, NEQ, 0000, 0000, 0000, 0000,    0,    0,  76
SH, 11, 2014013012, 03, HWRF, 018, 214S, 1459E,  19,  993, XX,  34, NEQ, 0347, 0344, 0000, 0000,    0,    0, 101
SH, 11, 2014013012, 03, HWRF, 024, 216S, 1452E,  20,  996, XX,  34, NEQ, 0000, 0340, 0000, 0000,    0,    0,  98
SH, 11, 2014013012, 03, HWRF, 030, 215S, 1445E,  18,  997, XX,  34, NEQ, 0000, 0000, 0000, 0000,    0,    0,  88
SH, 11, 2014013012, 03, HWRF, 036, 215S, 1439E,  19,  998, XX,  34, NEQ, 0000, 0000, 0000, 0000,    0,    0,  90
SH, 11, 2014013012, 03, HWRF, 042, 215S, 1435E,  15,  998, XX,  34, NEQ, 0000, 0000, 0000, 0000,    0,    0, 102
SH, 11, 2014013012, 03, HWRF, 048, 213S, 1431E,  17, 1000, XX,  34, NEQ, 0000, 0000, 0000, 0000,    0,    0,  99
SH, 11, 2014013012, 03, HWRF, 054, 210S, 1425E,  15,  999, XX,  34, NEQ, 0000, 0000, 0000, 0000,    0,    0, 108
SH, 11, 2014013012, 03, HWRF, 060, 209S, 1418E,  12, 1000, XX,  34, NEQ, 0000, 0000, 0000, 0000,    0,    0, 107
SH, 11, 2014013012, 03, HWRF, 066, 208S, 1416E,  10,  998, XX,  34, NEQ, 0000, 0000, 0000, 0000,    0,    0, 105
SH, 11, 2014013012, 03, HWRF, 072, 209S, 1417E,  10,  999, XX,  34, NEQ, 0000, 0000, 0000, 0000,    0,    0,  31
SH, 11, 2014013012, 99, CHIP,   0, 188S, 1481E,  55,  993,   ,   0,    ,    0,    0,    0,    0,
SH, 11, 2014013012, 99, CHIP,   6, 194S, 1475E,  56,  991,   ,   0,    ,    0,    0,    0,    0,
SH, 11, 2014013012, 99, CHIP,  12, 200S, 1469E,  52,  993,   ,   0,    ,    0,    0,    0,    0,
SH, 11, 2014013012, 99, CHIP,  18, 205S, 1461E,  42,  996,   ,   0,    ,    0,    0,    0,    0,
SH, 11, 2014013012, 99, CHIP,  24, 210S, 1453E,  37,  998,   ,   0,    ,    0,    0,    0,    0,
SH, 11, 2014013012, 99, CHP2,   0, 188S, 1481E,  57,  990,   ,   0,    ,    0,    0,    0,    0,
SH, 11, 2014013012, 99, CHP2,   6, 194S, 1475E,  62,  987,   ,   0,    ,    0,    0,    0,    0,
SH, 11, 2014013012, 99, CHP2,  12, 200S, 1469E,  57,  989,   ,   0,    ,    0,    0,    0,    0,
SH, 11, 2014013012, 99, CHP2,  18, 205S, 1461E,  46,  993,   ,   0,    ,    0,    0,    0,    0,
SH, 11, 2014013012, 99, CHP2,  24, 210S, 1453E,  39,  997,   ,   0,    ,    0,    0,    0,    0,
SH, 11, 2014013012, 99, CHP3,   0, 188S, 1481E,  49,  994,   ,   0,    ,    0,    0,    0,    0,
SH, 11, 2014013012, 99, CHP3,   6, 194S, 1475E,  53,  992,   ,   0,    ,    0,    0,    0,    0,
SH, 11, 2014013012, 99, CHP3,  12, 200S, 1469E,  50,  993,   ,   0,    ,    0,    0,    0,    0,
SH, 11, 2014013012, 99, CHP3,  18, 205S, 1461E,  41,  996,   ,   0,    ,    0,    0,    0,    0,
SH, 11, 2014013012, 99, CHP3,  24, 210S, 1453E,  36,  998,   ,   0,    ,    0,    0,    0,    0,
SH, 11, 2014013012, 99, CHP4,   0, 188S, 1481E,  56,  991,   ,   0,    ,    0,    0,    0,    0,
SH, 11, 2014013012, 99, CHP4,   6, 194S, 1475E,  59,  988,   ,   0,    ,    0,    0,    0,    0,
SH, 11, 2014013012, 99, CHP4,  12, 200S, 1469E,  55,  990,   ,   0,    ,    0,    0,    0,    0,
SH, 11, 2014013012, 99, CHP4,  18, 205S, 1461E,  44,  994,   ,   0,    ,    0,    0,    0,    0,
SH, 11, 2014013012, 99, CHP4,  24, 210S, 1453E,  38,  997,   ,   0,    ,    0,    0,    0,    0,
SH, 11, 2014013012, 99, CHP5,   0, 188S, 1481E,  50,  993,   ,   0,    ,    0,    0,    0,    0,
SH, 11, 2014013012, 99, CHP5,   6, 194S, 1475E,  55,  991,   ,   0,    ,    0,    0,    0,    0,
SH, 11, 2014013012, 99, CHP5,  12, 200S, 1469E,  52,  992,   ,   0,    ,    0,    0,    0,    0,
SH, 11, 2014013012, 99, CHP5,  18, 205S, 1461E,  42,  995,   ,   0,    ,    0,    0,    0,    0,
SH, 11, 2014013012, 99, CHP5,  24, 210S, 1453E,  37,  998,   ,   0,    ,    0,    0,    0,    0,
SH, 11, 2014013012, 99, CHP6,   0, 188S, 1481E,  55,  991,   ,   0,    ,    0,    0,    0,    0,
SH, 11, 2014013012, 99, CHP6,   6, 194S, 1475E,  63,  986,   ,   0,    ,    0,    0,    0,    0,
SH, 11, 2014013012, 99, CHP6,  12, 200S, 1469E,  59,  988,   ,   0,    ,    0,    0,    0,    0,
SH, 11, 2014013012, 99, CHP6,  18, 205S, 1461E,  48,  993,   ,   0,    ,    0,    0,    0,    0,
SH, 11, 2014013012, 99, CHP6,  24, 210S, 1453E,  40,  996,   ,   0,    ,    0,    0,    0,    0,
SH, 11, 2014013012, 99, CHP7,   0, 188S, 1481E,  51,  993,   ,   0,    ,    0,    0,    0,    0,
SH, 11, 2014013012, 99, CHP7,   6, 194S, 1475E,  51,  993,   ,   0,    ,    0,    0,    0,    0,
SH, 11, 2014013012, 99, CHP7,  12, 200S, 1469E,  47,  994,   ,   0,    ,    0,    0,    0,    0,
SH, 11, 2014013012, 99, CHP7,  18, 205S, 1461E,  39,  997,   ,   0,    ,    0,    0,    0,    0,
SH, 11, 2014013012, 99, CHP7,  24, 210S, 1453E,  35,  998,   ,   0,    ,    0,    0,    0,    0,
SH, 11, 2014013018, 03, HWRF, 000, 204S, 1482E,  48,  986, XX,  34, NEQ, 0143, 0296, 0133, 0000,    0,    0,  44
SH, 11, 2014013018, 03, HWRF, 006, 212S, 1470E,  26,  988, XX,  34, NEQ, 0000, 0000, 0000, 0000,    0,    0, 108
SH, 11, 2014013018, 03, HWRF, 012, 216S, 1463E,  20,  992, XX,  34, NEQ, 0000, 0332, 0000, 0000,    0,    0, 103
SH, 11, 2014013018, 03, HWRF, 018, 217S, 1459E,  18,  996, XX,  34, NEQ, 0000, 0351, 0000, 0000,    0,    0,  83
SH, 11, 2014013018, 03, HWRF, 024, 216S, 1453E,  16,  996, XX,  34, NEQ, 0000, 0351, 0000, 0000,    0,    0, 105
SH, 11, 2014013018, 03, HWRF, 030, 214S, 1455E,  17,  998, XX,  34, NEQ, 0000, 0351, 0000, 0000,    0,    0,  97
SH, 11, 2014013018, 03, HWRF, 036, 214S, 1459E,  17,  997, XX,  34, NEQ, 0000, 0351, 0000, 0000,    0,    0, 108
SH, 11, 2014013018, 03, HWRF, 042, 217S, 1462E,  15,  998, XX,  34, NEQ, 0000, 0000, 0000, 0000,    0,    0,  85
SH, 11, 2014013018, 03, HWRF, 048, 216S, 1450E,  12,  998, XX,  34, NEQ, 0000, 0000, 0000, 0000,    0,    0, 103
SH, 11, 2014013018, 03, HWRF, 054, 218S, 1442E,  15, 1001, XX,  34, NEQ, 0000, 0000, 0000, 0000,    0,    0, 107
SH, 11, 2014013018, 03, HWRF, 060, 219S, 1427E,  17, 1000, XX,  34, NEQ, 0000, 0000, 0000, 0000,    0,    0, 102
SH, 11, 2014013018, 03, HWRF, 066, 218S, 1417E,  20, 1000, XX,  34, NEQ, 0000, 0000, 0000, 0000,    0,    0,  98
SH, 11, 2014013018, 03, HWRF, 072, 216S, 1399E,  14,  999, XX,  34, NEQ, 0000, 0000, 0000, 0000,    0,    0, 107
SH, 11, 2014013100, 03, HWRF, 000, 213S, 1478E,  42,  994, XX,  34, NEQ, 0150, 0249, 0079, 0000,    0,    0,  74
SH, 11, 2014013100, 03, HWRF, 006, 219S, 1470E,  25,  989, XX,  34, NEQ, 0000, 0000, 0000, 0000,    0,    0,  59
SH, 11, 2014013100, 03, HWRF, 012, 222S, 1461E,  18,  994, XX,  34, NEQ, 0000, 0000, 0000, 0000,    0,    0,  72
SH, 11, 2014013100, 03, HWRF, 018, 223S, 1454E,  18,  995, XX,  34, NEQ, 0000, 0000, 0000, 0000,    0,    0,  65
SH, 11, 2014013100, 03, HWRF, 024, 223S, 1447E,  18,  997, XX,  34, NEQ, 0000, 0000, 0000, 0000,    0,    0,  87
SH, 11, 2014013100, 03, HWRF, 030, 224S, 1442E,  17,  997, XX,  34, NEQ, 0000, 0000, 0000, 0000,    0,    0, 108
SH, 11, 2014013100, 03, HWRF, 036, 224S, 1436E,  14,  999, XX,  34, NEQ, 0000, 0000, 0000, 0000,    0,    0, 107
SH, 11, 2014013100, 03, HWRF, 042, 227S, 1424E,  16,  999, XX,  34, NEQ, 0000, 0000, 0000, 0000,    0,    0, 103
SH, 11, 2014013100, 03, HWRF, 048, 234S, 1411E,  16, 1001, XX,  34, NEQ, 0000, 0000, 0000, 0000,    0,    0, 108
SH, 11, 2014013100, 03, HWRF, 054, 235S, 1397E,  13, 1000, XX,  34, NEQ, 0000, 0000, 0000, 0000,    0,    0, 108
SH, 11, 2014013100, 03, HWRF, 060, 237S, 1382E,  12,  999, XX,  34, NEQ, 0000, 0000, 0000, 0000,    0,    0,  95
SH, 11, 2014013100, 03, HWRF, 066, 232S, 1372E,  10,  999, XX,  34, NEQ, 0000, 0000, 0000, 0000,    0,    0, 106
SH, 11, 2014013100, 99, CHIP,   0, 213S, 1478E,  42,  996,   ,   0,    ,    0,    0,    0,    0,
SH, 11, 2014013100, 99, CHIP,   6, 220S, 1470E,  36,  998,   ,   0,    ,    0,    0,    0,    0,
SH, 11, 2014013100, 99, CHIP,  12, 228S, 1461E,  32,  999,   ,   0,    ,    0,    0,    0,    0,
SH, 11, 2014013100, 99, CHP2,   0, 213S, 1478E,  46,  996,   ,   0,    ,    0,    0,    0,    0,
SH, 11, 2014013100, 99, CHP2,   6, 220S, 1470E,  38,  998,   ,   0,    ,    0,    0,    0,    0,
SH, 11, 2014013100, 99, CHP2,  12, 228S, 1461E,  34,  999,   ,   0,    ,    0,    0,    0,    0,
SH, 11, 2014013100, 99, CHP3,   0, 213S, 1478E,  45,  996,   ,   0,    ,    0,    0,    0,    0,
SH, 11, 2014013100, 99, CHP3,   6, 220S, 1470E,  38,  998,   ,   0,    ,    0,    0,    0,    0,
SH, 11, 2014013100, 99, CHP3,  12, 228S, 1461E,  34,  999,   ,   0,    ,    0,    0,    0,    0,
SH, 11, 2014013100, 99, CHP4,   0, 213S, 1478E,  45,  996,   ,   0,    ,    0,    0,    0,    0,
SH, 11, 2014013100, 99, CHP4,   6, 220S, 1470E,  38,  998,   ,   0,    ,    0,    0,    0,    0,
SH, 11, 2014013100, 99, CHP4,  12, 228S, 1461E,  34,  999,   ,   0,    ,    0,    0,    0,    0,
SH, 11, 2014013100, 99, CHP5,   0, 213S, 1478E,  45,  996,   ,   0,    ,    0,    0,    0,    0,
SH, 11, 2014013100, 99, CHP5,   6, 220S, 1470E,  38,  998,   ,   0,    ,    0,    0,    0,    0,
SH, 11, 2014013100, 99, CHP5,  12, 228S, 1461E,  34,  999,   ,   0,    ,    0,    0,    0,    0,
SH, 11, 2014013100, 99, CHP6,   0, 213S, 1478E,  45,  996,   ,   0,    ,    0,    0,    0,    0,
SH, 11, 2014013100, 99, CHP6,   6, 220S, 1470E,  38,  998,   ,   0,    ,    0,    0,    0,    0,
SH, 11, 2014013100, 99, CHP6,  12, 228S, 1461E,  34,  999,   ,   0,    ,    0,    0,    0,    0,
SH, 11, 2014013100, 99, CHP7,   0, 213S, 1478E,  45,  996,   ,   0,    ,    0,    0,    0,    0,
SH, 11, 2014013100, 99, CHP7,   6, 220S, 1470E,  38,  998,   ,   0,    ,    0,    0,    0,    0,
SH, 11, 2014013100, 99, CHP7,  12, 228S, 1461E,  34,  999,   ,   0,    ,    0,    0,    0,    0,
SH, 11, 2014013106, 03, HWRF, 000, 224S, 1467E,  34,  999, XX,  34, NEQ, 0000, 0298, 0000, 0000,    0,    0,  79
SH, 11, 2014013106, 03, HWRF, 006, 224S, 1455E,  20,  995, XX,  34, NEQ, 0000, 0000, 0000, 0000,    0,    0,  66
SH, 11, 2014013106, 03, HWRF, 012, 224S, 1448E,  16,  996, XX,  34, NEQ, 0000, 0000, 0000, 0000,    0,    0, 108
SH, 11, 2014013106, 03, HWRF, 018, 227S, 1441E,  17,  997, XX,  34, NEQ, 0000, 0000, 0000, 0000,    0,    0, 100
SH, 11, 2014013106, 03, HWRF, 024, 226S, 1435E,  13,  998, XX,  34, NEQ, 0000, 0000, 0000, 0000,    0,    0,  94
SH, 11, 2014013106, 03, HWRF, 030, 227S, 1426E,  12,  999, XX,  34, NEQ, 0000, 0000, 0000, 0000,    0,    0,  95
SH, 11, 2014013106, 03, HWRF, 036, 233S, 1412E,  13,  999, XX,  34, NEQ, 0000, 0000, 0000, 0000,    0,    0,  89
SH, 11, 2014013106, 03, HWRF, 042, 240S, 1400E,  15, 1001, XX,  34, NEQ, 0000, 0000, 0000, 0000,    0,    0,  96
SH, 11, 2014013106, 03, HWRF, 048, 246S, 1382E,  13, 1000, XX,  34, NEQ, 0000, 0000, 0000, 0000,    0,    0,  91
SH, 11, 2014013106, 03, HWRF, 054, 255S, 1368E,  13, 1002, XX,  34, NEQ, 0000, 0000, 0000, 0000,    0,    0, 107
SH, 11, 2014013112, 03, HWRF, 000, 235S, 1462E,  30,  999, XX,  34, NEQ, 0302, 0305, 0000, 0000,    0,    0, 102
SH, 11, 2014013112, 03, HWRF, 006, 231S, 1444E,  13, 1002, XX,  34, NEQ, 0000, 0000, 0000, 0000,    0,    0,  99
SH, 11, 2014013112, 03, HWRF, 012, 231S, 1435E,  13, 1002, XX,  34, NEQ, 0000, 0000, 0000, 0000,    0,    0, 108
SH, 11, 2014013112, 03, HWRF, 018, 229S, 1434E,  12, 1000, XX,  34, NEQ, 0000, 0000, 0000, 0000,    0,    0, 103
