SH, 22, 2014040418, 03, HWRF, 000, 168S,  797E,  35,  996, XX,  34, NEQ, 0153, 0000, 0000, 0153,    0,    0, 107
SH, 22, 2014040418, 03, HWRF, 006, 179S,  806E,  41,  995, XX,  34, NEQ, 0137, 0000, 0000, 0139,    0,    0,  87
SH, 22, 2014040418, 03, HWRF, 012, 194S,  813E,  37,  996, XX,  34, NEQ, 0130, 0088, 0000, 0000,    0,    0,  82
SH, 22, 2014040418, 03, HWRF, 018, 210S,  819E,  38,  996, XX,  34, NEQ, 0139, 0126, 0000, 0000,    0,    0,  90
SH, 22, 2014040418, 03, HWRF, 024, 229S,  829E,  39,  996, XX,  34, NEQ, 0098, 0079, 0000, 0000,    0,    0,  48
SH, 22, 2014040418, 03, HWRF, 030, 250S,  839E,  41,  996, XX,  34, NEQ, 0116, 0350, 0000, 0000,    0,    0,  59
SH, 22, 2014040418, 03, HWRF, 036, 267S,  846E,  37,  995, XX,  34, NEQ, 0153, 0351, 0237, 0000,    0,    0, 107
SH, 22, 2014040418, 03, HWRF, 042, 284S,  860E,  32,  997, XX,  34, NEQ, 0000, 0344, 0000, 0000,    0,    0,  88
SH, 22, 2014040418, 03, HWRF, 048, 314S,  865E,  37,  997, XX,  34, NEQ, 0350, 0327, 0085, 0000,    0,    0, 105
SH, 22, 2014040418, 03, HWRF, 054, 332S,  885E,  35,  997, XX,  34, NEQ, 0351, 0262, 0000, 0000,    0,    0,  50
SH, 22, 2014040418, 03, HWRF, 060, 343S,  904E,  38,  996, XX,  34, NEQ, 0311, 0242, 0081, 0083,    0,    0, 107
SH, 22, 2014040418, 03, HWRF, 066, 345S,  910E,  38,  999, XX,  34, NEQ, 0000, 0297, 0056, 0040,    0,    0,  30
SH, 22, 2014040418, 03, HWRF, 072, 352S,  931E,  39,  999, XX,  34, NEQ, 0000, 0251, 0055, 0061,    0,    0,  80
SH, 22, 2014040418, 03, HWRF, 078, 354S,  944E,  34, 1001, XX,  34, NEQ, 0000, 0223, 0000, 0000,    0,    0, 103
SH, 22, 2014040418, 03, HWRF, 084, 348S,  965E,  34, 1000, XX,  34, NEQ, 0000, 0226, 0000, 0000,    0,    0, 102
SH, 22, 2014040418, 03, HWRF, 090, 336S,  979E,  21, 1004, XX,  34, NEQ, 0000, 0000, 0000, 0000,    0,    0, 102
SH, 22, 2014040418, 03, HWRF, 096, 331S,  988E,  19, 1003, XX,  34, NEQ, 0000, 0000, 0000, 0000,    0,    0,  80
SH, 22, 2014040418, 03, HWRF, 102, 325S,  989E,  15, 1007, XX,  34, NEQ, 0000, 0000, 0000, 0000,    0,    0,  82
SH, 22, 2014040418, 03, HWRF, 108, 310S,  993E,  15, 1006, XX,  34, NEQ, 0000, 0000, 0000, 0000,    0,    0,  38
SH, 22, 2014040418, 03, HWRF, 114, 303S,  991E,  18, 1010, XX,  34, NEQ, 0000, 0000, 0000, 0000,    0,    0,  31
SH, 22, 2014040418, 03, HWRF, 120, 297S,  981E,  19, 1009, XX,  34, NEQ, 0000, 0000, 0000, 0000,    0,    0,  93
SH, 22, 2014040418, 03, HWRF, 126, 288S,  970E,  15, 1012, XX,  34, NEQ, 0000, 0000, 0000, 0000,    0,    0, 103
SH, 22, 2014040418, 99, CHIP,   0, 168S,  797E,  35, 1001,   ,   0,    ,    0,    0,    0,    0,
SH, 22, 2014040418, 99, CHIP,   6, 181S,  800E,  32, 1001,   ,   0,    ,    0,    0,    0,    0,
SH, 22, 2014040418, 99, CHIP,  12, 195S,  804E,  33, 1001,   ,   0,    ,    0,    0,    0,    0,
SH, 22, 2014040418, 99, CHIP,  18, 211S,  810E,  34, 1001,   ,   0,    ,    0,    0,    0,    0,
SH, 22, 2014040418, 99, CHIP,  24, 227S,  817E,  37, 1001,   ,   0,    ,    0,    0,    0,    0,
SH, 22, 2014040418, 99, CHIP,  30, 245S,  828E,  38, 1001,   ,   0,    ,    0,    0,    0,    0,
SH, 22, 2014040418, 99, CHIP,  36, 264S,  840E,  40, 1001,   ,   0,    ,    0,    0,    0,    0,
SH, 22, 2014040418, 99, CHIP,  42, 282S,  857E,  39, 1002,   ,   0,    ,    0,    0,    0,    0,
SH, 22, 2014040418, 99, CHIP,  48, 299S,  874E,  33, 1002,   ,   0,    ,    0,    0,    0,    0,
SH, 22, 2014040418, 99, CHIP,  54, 315S,  895E,  28, 1002,   ,   0,    ,    0,    0,    0,    0,
SH, 22, 2014040418, 99, CHIP,  60, 331S,  916E,  27, 1002,   ,   0,    ,    0,    0,    0,    0,
SH, 22, 2014040418, 99, CHIP,  66, 346S,  937E,  26, 1002,   ,   0,    ,    0,    0,    0,    0,
SH, 22, 2014040418, 99, CHIP,  72, 362S,  957E,  26, 1003,   ,   0,    ,    0,    0,    0,    0,
SH, 22, 2014040418, 99, CHP2,   0, 168S,  797E,  37, 1000,   ,   0,    ,    0,    0,    0,    0,
SH, 22, 2014040418, 99, CHP2,   6, 181S,  800E,  39,  999,   ,   0,    ,    0,    0,    0,    0,
SH, 22, 2014040418, 99, CHP2,  12, 195S,  804E,  45,  998,   ,   0,    ,    0,    0,    0,    0,
SH, 22, 2014040418, 99, CHP2,  18, 211S,  810E,  48,  997,   ,   0,    ,    0,    0,    0,    0,
SH, 22, 2014040418, 99, CHP2,  24, 227S,  817E,  52,  997,   ,   0,    ,    0,    0,    0,    0,
SH, 22, 2014040418, 99, CHP2,  30, 245S,  828E,  48,  998,   ,   0,    ,    0,    0,    0,    0,
SH, 22, 2014040418, 99, CHP2,  36, 264S,  840E,  47,  999,   ,   0,    ,    0,    0,    0,    0,
SH, 22, 2014040418, 99, CHP2,  42, 282S,  857E,  45, 1000,   ,   0,    ,    0,    0,    0,    0,
SH, 22, 2014040418, 99, CHP2,  48, 299S,  874E,  37, 1001,   ,   0,    ,    0,    0,    0,    0,
SH, 22, 2014040418, 99, CHP2,  54, 315S,  895E,  32, 1001,   ,   0,    ,    0,    0,    0,    0,
SH, 22, 2014040418, 99, CHP2,  60, 331S,  916E,  31, 1001,   ,   0,    ,    0,    0,    0,    0,
SH, 22, 2014040418, 99, CHP2,  66, 346S,  937E,  30, 1002,   ,   0,    ,    0,    0,    0,    0,
SH, 22, 2014040418, 99, CHP2,  72, 362S,  957E,  29, 1002,   ,   0,    ,    0,    0,    0,    0,
SH, 22, 2014040418, 99, CHP3,   0, 168S,  797E,  31, 1001,   ,   0,    ,    0,    0,    0,    0,
SH, 22, 2014040418, 99, CHP3,   6, 181S,  800E,  29, 1002,   ,   0,    ,    0,    0,    0,    0,
SH, 22, 2014040418, 99, CHP3,  12, 195S,  804E,  30, 1002,   ,   0,    ,    0,    0,    0,    0,
SH, 22, 2014040418, 99, CHP3,  18, 211S,  810E,  30, 1002,   ,   0,    ,    0,    0,    0,    0,
SH, 22, 2014040418, 99, CHP3,  24, 227S,  817E,  31, 1002,   ,   0,    ,    0,    0,    0,    0,
SH, 22, 2014040418, 99, CHP3,  30, 245S,  828E,  32, 1002,   ,   0,    ,    0,    0,    0,    0,
SH, 22, 2014040418, 99, CHP3,  36, 264S,  840E,  34, 1002,   ,   0,    ,    0,    0,    0,    0,
SH, 22, 2014040418, 99, CHP3,  42, 282S,  857E,  34, 1003,   ,   0,    ,    0,    0,    0,    0,
SH, 22, 2014040418, 99, CHP3,  48, 299S,  874E,  28, 1003,   ,   0,    ,    0,    0,    0,    0,
SH, 22, 2014040418, 99, CHP3,  54, 315S,  895E,  25, 1003,   ,   0,    ,    0,    0,    0,    0,
SH, 22, 2014040418, 99, CHP3,  60, 331S,  916E,  24, 1003,   ,   0,    ,    0,    0,    0,    0,
SH, 22, 2014040418, 99, CHP3,  66, 346S,  937E,  23, 1003,   ,   0,    ,    0,    0,    0,    0,
SH, 22, 2014040418, 99, CHP3,  72, 362S,  957E,  23, 1003,   ,   0,    ,    0,    0,    0,    0,
SH, 22, 2014040418, 99, CHP4,   0, 168S,  797E,  36, 1000,   ,   0,    ,    0,    0,    0,    0,
SH, 22, 2014040418, 99, CHP4,   6, 181S,  800E,  36, 1000,   ,   0,    ,    0,    0,    0,    0,
SH, 22, 2014040418, 99, CHP4,  12, 195S,  804E,  39, 1000,   ,   0,    ,    0,    0,    0,    0,
SH, 22, 2014040418, 99, CHP4,  18, 211S,  810E,  42,  999,   ,   0,    ,    0,    0,    0,    0,
SH, 22, 2014040418, 99, CHP4,  24, 227S,  817E,  45,  999,   ,   0,    ,    0,    0,    0,    0,
SH, 22, 2014040418, 99, CHP4,  30, 245S,  828E,  45,  999,   ,   0,    ,    0,    0,    0,    0,
SH, 22, 2014040418, 99, CHP4,  36, 264S,  840E,  43, 1000,   ,   0,    ,    0,    0,    0,    0,
SH, 22, 2014040418, 99, CHP4,  42, 282S,  857E,  43, 1001,   ,   0,    ,    0,    0,    0,    0,
SH, 22, 2014040418, 99, CHP4,  48, 299S,  874E,  35, 1001,   ,   0,    ,    0,    0,    0,    0,
SH, 22, 2014040418, 99, CHP4,  54, 315S,  895E,  30, 1002,   ,   0,    ,    0,    0,    0,    0,
SH, 22, 2014040418, 99, CHP4,  60, 331S,  916E,  29, 1002,   ,   0,    ,    0,    0,    0,    0,
SH, 22, 2014040418, 99, CHP4,  66, 346S,  937E,  28, 1002,   ,   0,    ,    0,    0,    0,    0,
SH, 22, 2014040418, 99, CHP4,  72, 362S,  957E,  27, 1002,   ,   0,    ,    0,    0,    0,    0,
SH, 22, 2014040418, 99, CHP5,   0, 168S,  797E,  31, 1001,   ,   0,    ,    0,    0,    0,    0,
SH, 22, 2014040418, 99, CHP5,   6, 181S,  800E,  29, 1002,   ,   0,    ,    0,    0,    0,    0,
SH, 22, 2014040418, 99, CHP5,  12, 195S,  804E,  30, 1002,   ,   0,    ,    0,    0,    0,    0,
SH, 22, 2014040418, 99, CHP5,  18, 211S,  810E,  30, 1002,   ,   0,    ,    0,    0,    0,    0,
SH, 22, 2014040418, 99, CHP5,  24, 227S,  817E,  32, 1002,   ,   0,    ,    0,    0,    0,    0,
SH, 22, 2014040418, 99, CHP5,  30, 245S,  828E,  32, 1002,   ,   0,    ,    0,    0,    0,    0,
SH, 22, 2014040418, 99, CHP5,  36, 264S,  840E,  34, 1003,   ,   0,    ,    0,    0,    0,    0,
SH, 22, 2014040418, 99, CHP5,  42, 282S,  857E,  34, 1003,   ,   0,    ,    0,    0,    0,    0,
SH, 22, 2014040418, 99, CHP5,  48, 299S,  874E,  28, 1003,   ,   0,    ,    0,    0,    0,    0,
SH, 22, 2014040418, 99, CHP5,  54, 315S,  895E,  25, 1003,   ,   0,    ,    0,    0,    0,    0,
SH, 22, 2014040418, 99, CHP5,  60, 331S,  916E,  24, 1003,   ,   0,    ,    0,    0,    0,    0,
SH, 22, 2014040418, 99, CHP5,  66, 346S,  937E,  24, 1003,   ,   0,    ,    0,    0,    0,    0,
SH, 22, 2014040418, 99, CHP5,  72, 362S,  957E,  23, 1003,   ,   0,    ,    0,    0,    0,    0,
SH, 22, 2014040418, 99, CHP6,   0, 168S,  797E,  33, 1001,   ,   0,    ,    0,    0,    0,    0,
SH, 22, 2014040418, 99, CHP6,   6, 181S,  800E,  33, 1000,   ,   0,    ,    0,    0,    0,    0,
SH, 22, 2014040418, 99, CHP6,  12, 195S,  804E,  37, 1000,   ,   0,    ,    0,    0,    0,    0,
SH, 22, 2014040418, 99, CHP6,  18, 211S,  810E,  41,  999,   ,   0,    ,    0,    0,    0,    0,
SH, 22, 2014040418, 99, CHP6,  24, 227S,  817E,  46,  999,   ,   0,    ,    0,    0,    0,    0,
SH, 22, 2014040418, 99, CHP6,  30, 245S,  828E,  45,  999,   ,   0,    ,    0,    0,    0,    0,
SH, 22, 2014040418, 99, CHP6,  36, 264S,  840E,  46,  999,   ,   0,    ,    0,    0,    0,    0,
SH, 22, 2014040418, 99, CHP6,  42, 282S,  857E,  44, 1000,   ,   0,    ,    0,    0,    0,    0,
SH, 22, 2014040418, 99, CHP6,  48, 299S,  874E,  36, 1001,   ,   0,    ,    0,    0,    0,    0,
SH, 22, 2014040418, 99, CHP6,  54, 315S,  895E,  32, 1001,   ,   0,    ,    0,    0,    0,    0,
SH, 22, 2014040418, 99, CHP6,  60, 331S,  916E,  30, 1001,   ,   0,    ,    0,    0,    0,    0,
SH, 22, 2014040418, 99, CHP6,  66, 346S,  937E,  29, 1002,   ,   0,    ,    0,    0,    0,    0,
SH, 22, 2014040418, 99, CHP6,  72, 362S,  957E,  28, 1002,   ,   0,    ,    0,    0,    0,    0,
SH, 22, 2014040418, 99, CHP7,   0, 168S,  797E,  32, 1001,   ,   0,    ,    0,    0,    0,    0,
SH, 22, 2014040418, 99, CHP7,   6, 181S,  800E,  30, 1001,   ,   0,    ,    0,    0,    0,    0,
SH, 22, 2014040418, 99, CHP7,  12, 195S,  804E,  31, 1002,   ,   0,    ,    0,    0,    0,    0,
SH, 22, 2014040418, 99, CHP7,  18, 211S,  810E,  31, 1002,   ,   0,    ,    0,    0,    0,    0,
SH, 22, 2014040418, 99, CHP7,  24, 227S,  817E,  32, 1002,   ,   0,    ,    0,    0,    0,    0,
SH, 22, 2014040418, 99, CHP7,  30, 245S,  828E,  33, 1002,   ,   0,    ,    0,    0,    0,    0,
SH, 22, 2014040418, 99, CHP7,  36, 264S,  840E,  34, 1003,   ,   0,    ,    0,    0,    0,    0,
SH, 22, 2014040418, 99, CHP7,  42, 282S,  857E,  35, 1002,   ,   0,    ,    0,    0,    0,    0,
SH, 22, 2014040418, 99, CHP7,  48, 299S,  874E,  29, 1003,   ,   0,    ,    0,    0,    0,    0,
SH, 22, 2014040418, 99, CHP7,  54, 315S,  895E,  25, 1003,   ,   0,    ,    0,    0,    0,    0,
SH, 22, 2014040418, 99, CHP7,  60, 331S,  916E,  24, 1003,   ,   0,    ,    0,    0,    0,    0,
SH, 22, 2014040418, 99, CHP7,  66, 346S,  937E,  24, 1003,   ,   0,    ,    0,    0,    0,    0,
SH, 22, 2014040418, 99, CHP7,  72, 362S,  957E,  23, 1003,   ,   0,    ,    0,    0,    0,    0,
SH, 22, 2014040500, 03, HWRF, 000, 175S,  810E,  38,  992, XX,  34, NEQ, 0174, 0000, 0000, 0188,    0,    0,  89
SH, 22, 2014040500, 03, HWRF, 006, 195S,  818E,  37,  996, XX,  34, NEQ, 0181, 0082, 0000, 0000,    0,    0,  75
SH, 22, 2014040500, 03, HWRF, 012, 214S,  826E,  36,  995, XX,  34, NEQ, 0131, 0092, 0000, 0000,    0,    0,  87
SH, 22, 2014040500, 03, HWRF, 018, 235S,  831E,  43,  995, XX,  34, NEQ, 0130, 0344, 0000, 0000,    0,    0,  54
SH, 22, 2014040500, 03, HWRF, 024, 257S,  839E,  37,  995, XX,  34, NEQ, 0269, 0351, 0000, 0000,    0,    0,  80
SH, 22, 2014040500, 03, HWRF, 030, 277S,  856E,  37,  994, XX,  34, NEQ, 0270, 0321, 0221, 0000,    0,    0,  91
SH, 22, 2014040500, 03, HWRF, 036, 301S,  859E,  36,  994, XX,  34, NEQ, 0351, 0350, 0125, 0000,    0,    0,  95
SH, 22, 2014040500, 03, HWRF, 042, 316S,  870E,  36,  994, XX,  34, NEQ, 0351, 0321, 0086, 0084,    0,    0,  60
SH, 22, 2014040500, 03, HWRF, 048, 329S,  882E,  37,  995, XX,  34, NEQ, 0351, 0317, 0066, 0075,    0,    0, 100
SH, 22, 2014040500, 03, HWRF, 054, 340S,  895E,  42,  994, XX,  34, NEQ, 0330, 0330, 0094, 0058,    0,    0,  78
SH, 22, 2014040500, 03, HWRF, 060, 349S,  915E,  44,  996, XX,  34, NEQ, 0316, 0311, 0078, 0175,    0,    0,  89
SH, 22, 2014040500, 03, HWRF, 066, 361S,  941E,  44,  994, XX,  34, NEQ, 0142, 0164, 0069, 0080,    0,    0,  11
SH, 22, 2014040500, 03, HWRF, 072, 362S,  951E,  44,  996, XX,  34, NEQ, 0000, 0229, 0070, 0176,    0,    0,  82
SH, 22, 2014040500, 03, HWRF, 078, 357S,  967E,  36,  996, XX,  34, NEQ, 0000, 0169, 0136, 0178,    0,    0, 108
SH, 22, 2014040500, 03, HWRF, 084, 346S,  986E,  23, 1001, XX,  34, NEQ, 0000, 0000, 0000, 0000,    0,    0, 107
SH, 22, 2014040500, 03, HWRF, 090, 333S, 1001E,  23, 1001, XX,  34, NEQ, 0000, 0000, 0000, 0000,    0,    0, 100
SH, 22, 2014040500, 03, HWRF, 096, 330S, 1008E,  18, 1004, XX,  34, NEQ, 0000, 0000, 0000, 0000,    0,    0,  48
SH, 22, 2014040500, 03, HWRF, 102, 324S, 1009E,  18, 1004, XX,  34, NEQ, 0000, 0000, 0000, 0000,    0,    0,  91
SH, 22, 2014040500, 03, HWRF, 108, 314S, 1007E,  18, 1008, XX,  34, NEQ, 0000, 0000, 0000, 0000,    0,    0, 107
SH, 22, 2014040500, 03, HWRF, 114, 306S, 1000E,  17, 1007, XX,  34, NEQ, 0000, 0000, 0000, 0000,    0,    0,  64
SH, 22, 2014040500, 03, HWRF, 120, 292S, 1002E,  17, 1011, XX,  34, NEQ, 0000, 0000, 0000, 0000,    0,    0, 104
SH, 22, 2014040500, 99, CHIP,   0, 176S,  811E,  39, 1000,   ,   0,    ,    0,    0,    0,    0,
SH, 22, 2014040500, 99, CHIP,   6, 189S,  819E,  39, 1000,   ,   0,    ,    0,    0,    0,    0,
SH, 22, 2014040500, 99, CHIP,  12, 202S,  828E,  42,  999,   ,   0,    ,    0,    0,    0,    0,
SH, 22, 2014040500, 99, CHIP,  18, 218S,  836E,  44,  999,   ,   0,    ,    0,    0,    0,    0,
SH, 22, 2014040500, 99, CHIP,  24, 234S,  845E,  45,  999,   ,   0,    ,    0,    0,    0,    0,
SH, 22, 2014040500, 99, CHIP,  30, 252S,  856E,  41, 1000,   ,   0,    ,    0,    0,    0,    0,
SH, 22, 2014040500, 99, CHIP,  36, 271S,  867E,  39, 1000,   ,   0,    ,    0,    0,    0,    0,
SH, 22, 2014040500, 99, CHIP,  42, 291S,  884E,  37, 1001,   ,   0,    ,    0,    0,    0,    0,
SH, 22, 2014040500, 99, CHIP,  48, 311S,  900E,  35, 1001,   ,   0,    ,    0,    0,    0,    0,
SH, 22, 2014040500, 99, CHP2,   0, 176S,  811E,  37, 1000,   ,   0,    ,    0,    0,    0,    0,
SH, 22, 2014040500, 99, CHP2,   6, 189S,  819E,  46,  997,   ,   0,    ,    0,    0,    0,    0,
SH, 22, 2014040500, 99, CHP2,  12, 202S,  828E,  54,  994,   ,   0,    ,    0,    0,    0,    0,
SH, 22, 2014040500, 99, CHP2,  18, 218S,  836E,  57,  993,   ,   0,    ,    0,    0,    0,    0,
SH, 22, 2014040500, 99, CHP2,  24, 234S,  845E,  51,  996,   ,   0,    ,    0,    0,    0,    0,
SH, 22, 2014040500, 99, CHP2,  30, 252S,  856E,  47,  997,   ,   0,    ,    0,    0,    0,    0,
SH, 22, 2014040500, 99, CHP2,  36, 271S,  867E,  43,  999,   ,   0,    ,    0,    0,    0,    0,
SH, 22, 2014040500, 99, CHP2,  42, 291S,  884E,  41,  999,   ,   0,    ,    0,    0,    0,    0,
SH, 22, 2014040500, 99, CHP2,  48, 311S,  900E,  38, 1000,   ,   0,    ,    0,    0,    0,    0,
SH, 22, 2014040500, 99, CHP3,   0, 176S,  811E,  34, 1001,   ,   0,    ,    0,    0,    0,    0,
SH, 22, 2014040500, 99, CHP3,   6, 189S,  819E,  31, 1001,   ,   0,    ,    0,    0,    0,    0,
SH, 22, 2014040500, 99, CHP3,  12, 202S,  828E,  32, 1001,   ,   0,    ,    0,    0,    0,    0,
SH, 22, 2014040500, 99, CHP3,  18, 218S,  836E,  31, 1002,   ,   0,    ,    0,    0,    0,    0,
SH, 22, 2014040500, 99, CHP3,  24, 234S,  845E,  31, 1002,   ,   0,    ,    0,    0,    0,    0,
SH, 22, 2014040500, 99, CHP3,  30, 252S,  856E,  31, 1002,   ,   0,    ,    0,    0,    0,    0,
SH, 22, 2014040500, 99, CHP3,  36, 271S,  867E,  31, 1002,   ,   0,    ,    0,    0,    0,    0,
SH, 22, 2014040500, 99, CHP3,  42, 291S,  884E,  30, 1002,   ,   0,    ,    0,    0,    0,    0,
SH, 22, 2014040500, 99, CHP3,  48, 311S,  900E,  29, 1003,   ,   0,    ,    0,    0,    0,    0,
SH, 22, 2014040500, 99, CHP4,   0, 176S,  811E,  36, 1000,   ,   0,    ,    0,    0,    0,    0,
SH, 22, 2014040500, 99, CHP4,   6, 189S,  819E,  37, 1000,   ,   0,    ,    0,    0,    0,    0,
SH, 22, 2014040500, 99, CHP4,  12, 202S,  828E,  41,  999,   ,   0,    ,    0,    0,    0,    0,
SH, 22, 2014040500, 99, CHP4,  18, 218S,  836E,  44,  998,   ,   0,    ,    0,    0,    0,    0,
SH, 22, 2014040500, 99, CHP4,  24, 234S,  845E,  45,  998,   ,   0,    ,    0,    0,    0,    0,
SH, 22, 2014040500, 99, CHP4,  30, 252S,  856E,  41, 1000,   ,   0,    ,    0,    0,    0,    0,
SH, 22, 2014040500, 99, CHP4,  36, 271S,  867E,  39, 1000,   ,   0,    ,    0,    0,    0,    0,
SH, 22, 2014040500, 99, CHP4,  42, 291S,  884E,  37, 1001,   ,   0,    ,    0,    0,    0,    0,
SH, 22, 2014040500, 99, CHP4,  48, 311S,  900E,  35, 1001,   ,   0,    ,    0,    0,    0,    0,
SH, 22, 2014040500, 99, CHP5,   0, 176S,  811E,  35, 1000,   ,   0,    ,    0,    0,    0,    0,
SH, 22, 2014040500, 99, CHP5,   6, 189S,  819E,  33, 1001,   ,   0,    ,    0,    0,    0,    0,
SH, 22, 2014040500, 99, CHP5,  12, 202S,  828E,  35, 1000,   ,   0,    ,    0,    0,    0,    0,
SH, 22, 2014040500, 99, CHP5,  18, 218S,  836E,  36, 1001,   ,   0,    ,    0,    0,    0,    0,
SH, 22, 2014040500, 99, CHP5,  24, 234S,  845E,  38, 1001,   ,   0,    ,    0,    0,    0,    0,
SH, 22, 2014040500, 99, CHP5,  30, 252S,  856E,  37, 1001,   ,   0,    ,    0,    0,    0,    0,
SH, 22, 2014040500, 99, CHP5,  36, 271S,  867E,  36, 1001,   ,   0,    ,    0,    0,    0,    0,
SH, 22, 2014040500, 99, CHP5,  42, 291S,  884E,  34, 1002,   ,   0,    ,    0,    0,    0,    0,
SH, 22, 2014040500, 99, CHP5,  48, 311S,  900E,  33, 1002,   ,   0,    ,    0,    0,    0,    0,
SH, 22, 2014040500, 99, CHP6,   0, 176S,  811E,  36, 1001,   ,   0,    ,    0,    0,    0,    0,
SH, 22, 2014040500, 99, CHP6,   6, 189S,  819E,  42,  998,   ,   0,    ,    0,    0,    0,    0,
SH, 22, 2014040500, 99, CHP6,  12, 202S,  828E,  50,  996,   ,   0,    ,    0,    0,    0,    0,
SH, 22, 2014040500, 99, CHP6,  18, 218S,  836E,  54,  994,   ,   0,    ,    0,    0,    0,    0,
SH, 22, 2014040500, 99, CHP6,  24, 234S,  845E,  51,  996,   ,   0,    ,    0,    0,    0,    0,
SH, 22, 2014040500, 99, CHP6,  30, 252S,  856E,  46,  997,   ,   0,    ,    0,    0,    0,    0,
SH, 22, 2014040500, 99, CHP6,  36, 271S,  867E,  43,  999,   ,   0,    ,    0,    0,    0,    0,
SH, 22, 2014040500, 99, CHP6,  42, 291S,  884E,  40,  999,   ,   0,    ,    0,    0,    0,    0,
SH, 22, 2014040500, 99, CHP6,  48, 311S,  900E,  38, 1000,   ,   0,    ,    0,    0,    0,    0,
SH, 22, 2014040500, 99, CHP7,   0, 176S,  811E,  35, 1001,   ,   0,    ,    0,    0,    0,    0,
SH, 22, 2014040500, 99, CHP7,   6, 189S,  819E,  33, 1001,   ,   0,    ,    0,    0,    0,    0,
SH, 22, 2014040500, 99, CHP7,  12, 202S,  828E,  33, 1001,   ,   0,    ,    0,    0,    0,    0,
SH, 22, 2014040500, 99, CHP7,  18, 218S,  836E,  33, 1001,   ,   0,    ,    0,    0,    0,    0,
SH, 22, 2014040500, 99, CHP7,  24, 234S,  845E,  34, 1001,   ,   0,    ,    0,    0,    0,    0,
SH, 22, 2014040500, 99, CHP7,  30, 252S,  856E,  33, 1002,   ,   0,    ,    0,    0,    0,    0,
SH, 22, 2014040500, 99, CHP7,  36, 271S,  867E,  33, 1002,   ,   0,    ,    0,    0,    0,    0,
SH, 22, 2014040500, 99, CHP7,  42, 291S,  884E,  32, 1002,   ,   0,    ,    0,    0,    0,    0,
SH, 22, 2014040500, 99, CHP7,  48, 311S,  900E,  31, 1002,   ,   0,    ,    0,    0,    0,    0,
SH, 22, 2014040506, 03, HWRF, 000, 189S,  819E,  46,  989, XX,  34, NEQ, 0237, 0161, 0000, 0237,    0,    0, 103
SH, 22, 2014040506, 03, HWRF, 006, 207S,  829E,  48,  991, XX,  34, NEQ, 0168, 0154, 0000, 0000,    0,    0,  81
SH, 22, 2014040506, 03, HWRF, 012, 235S,  836E,  51,  988, XX,  34, NEQ, 0208, 0206, 0000, 0077,    0,    0,  90
SH, 22, 2014040506, 03, HWRF, 012, 235S,  836E,  51,  988, XX,  50, NEQ, 0096, 0097, 0000, 0000,    0,    0,  90
SH, 22, 2014040506, 03, HWRF, 018, 257S,  847E,  55,  986, XX,  34, NEQ, 0227, 0293, 0048, 0098,    0,    0,  45
SH, 22, 2014040506, 03, HWRF, 018, 257S,  847E,  55,  986, XX,  50, NEQ, 0055, 0055, 0000, 0000,    0,    0,  45
SH, 22, 2014040506, 03, HWRF, 024, 274S,  860E,  50,  985, XX,  34, NEQ, 0272, 0291, 0242, 0111,    0,    0,  37
SH, 22, 2014040506, 03, HWRF, 024, 274S,  860E,  50,  985, XX,  50, NEQ, 0037, 0000, 0000, 0000,    0,    0,  37
SH, 22, 2014040506, 03, HWRF, 030, 290S,  873E,  43,  989, XX,  34, NEQ, 0305, 0307, 0048, 0094,    0,    0,  56
SH, 22, 2014040506, 03, HWRF, 036, 309S,  886E,  43,  991, XX,  34, NEQ, 0319, 0276, 0000, 0125,    0,    0, 107
SH, 22, 2014040506, 03, HWRF, 042, 326S,  901E,  40,  993, XX,  34, NEQ, 0319, 0255, 0125, 0131,    0,    0,  49
SH, 22, 2014040506, 03, HWRF, 048, 336S,  911E,  44,  992, XX,  34, NEQ, 0345, 0278, 0102, 0098,    0,    0,  76
SH, 22, 2014040506, 03, HWRF, 054, 339S,  926E,  45,  994, XX,  34, NEQ, 0319, 0317, 0089, 0107,    0,    0,  23
SH, 22, 2014040506, 03, HWRF, 060, 340S,  943E,  45,  993, XX,  34, NEQ, 0124, 0279, 0102, 0121,    0,    0,  59
SH, 22, 2014040506, 03, HWRF, 066, 341S,  964E,  40,  995, XX,  34, NEQ, 0000, 0272, 0143, 0141,    0,    0, 108
SH, 22, 2014040506, 03, HWRF, 072, 341S,  984E,  34,  994, XX,  34, NEQ, 0000, 0210, 0177, 0159,    0,    0, 108
SH, 22, 2014040506, 03, HWRF, 078, 339S,  997E,  24,  998, XX,  34, NEQ, 0000, 0000, 0000, 0000,    0,    0, 108
SH, 22, 2014040506, 03, HWRF, 084, 331S, 1005E,  23,  999, XX,  34, NEQ, 0000, 0000, 0000, 0000,    0,    0, 107
SH, 22, 2014040506, 03, HWRF, 090, 321S, 1011E,  20, 1004, XX,  34, NEQ, 0000, 0000, 0000, 0000,    0,    0,  92
SH, 22, 2014040506, 03, HWRF, 096, 313S, 1014E,  19, 1003, XX,  34, NEQ, 0000, 0000, 0000, 0000,    0,    0,  97
SH, 22, 2014040506, 03, HWRF, 102, 302S, 1011E,  17, 1007, XX,  34, NEQ, 0000, 0000, 0000, 0000,    0,    0, 108
SH, 22, 2014040506, 03, HWRF, 108, 295S, 1003E,  20, 1007, XX,  34, NEQ, 0000, 0000, 0000, 0000,    0,    0, 107
SH, 22, 2014040506, 03, HWRF, 114, 293S,  990E,  18, 1010, XX,  34, NEQ, 0000, 0000, 0000, 0000,    0,    0, 106
SH, 22, 2014040506, 03, HWRF, 120, 284S,  990E,  15, 1009, XX,  34, NEQ, 0000, 0000, 0000, 0000,    0,    0,  77
SH, 22, 2014040506, 03, HWRF, 126, 282S,  978E,  13, 1011, XX,  34, NEQ, 0000, 0000, 0000, 0000,    0,    0, 107
SH, 22, 2014040512, 03, HWRF, 000, 203S,  829E,  38,  992, XX,  34, NEQ, 0178, 0148, 0000, 0000,    0,    0,  74
SH, 22, 2014040512, 03, HWRF, 006, 224S,  842E,  51,  992, XX,  34, NEQ, 0189, 0127, 0000, 0000,    0,    0,  51
SH, 22, 2014040512, 03, HWRF, 006, 224S,  842E,  51,  992, XX,  50, NEQ, 0055, 0000, 0000, 0000,    0,    0,  51
SH, 22, 2014040512, 03, HWRF, 012, 243S,  855E,  57,  989, XX,  34, NEQ, 0165, 0314, 0064, 0096,    0,    0,  82
SH, 22, 2014040512, 03, HWRF, 012, 243S,  855E,  57,  989, XX,  50, NEQ, 0096, 0000, 0000, 0000,    0,    0,  82
SH, 22, 2014040512, 03, HWRF, 018, 266S,  870E,  66,  979, XX,  34, NEQ, 0200, 0185, 0324, 0129,    0,    0,  40
SH, 22, 2014040512, 03, HWRF, 018, 266S,  870E,  66,  979, XX,  50, NEQ, 0093, 0084, 0000, 0000,    0,    0,  40
SH, 22, 2014040512, 03, HWRF, 018, 266S,  870E,  66,  979, XX,  64, NEQ, 0046, 0000, 0000, 0000,    0,    0,  40
SH, 22, 2014040512, 03, HWRF, 024, 284S,  880E,  48,  987, XX,  34, NEQ, 0237, 0246, 0269, 0074,    0,    0,  39
SH, 22, 2014040512, 03, HWRF, 030, 305S,  893E,  46,  991, XX,  34, NEQ, 0271, 0237, 0047, 0087,    0,    0, 107
SH, 22, 2014040512, 03, HWRF, 036, 328S,  906E,  41,  993, XX,  34, NEQ, 0291, 0207, 0091, 0000,    0,    0, 102
SH, 22, 2014040512, 03, HWRF, 042, 342S,  915E,  44,  992, XX,  34, NEQ, 0314, 0241, 0086, 0079,    0,    0,  41
SH, 22, 2014040512, 03, HWRF, 048, 345S,  924E,  47,  994, XX,  34, NEQ, 0274, 0309, 0094, 0061,    0,    0,  31
SH, 22, 2014040512, 03, HWRF, 054, 346S,  944E,  37,  994, XX,  34, NEQ, 0222, 0275, 0068, 0000,    0,    0, 107
SH, 22, 2014040512, 03, HWRF, 060, 349S,  966E,  36,  996, XX,  34, NEQ, 0217, 0277, 0121, 0000,    0,    0, 107
SH, 22, 2014040512, 03, HWRF, 066, 351S,  985E,  35,  995, XX,  34, NEQ, 0000, 0194, 0163, 0129,    0,    0, 101
SH, 22, 2014040512, 03, HWRF, 072, 349S,  997E,  29,  999, XX,  34, NEQ, 0000, 0000, 0000, 0000,    0,    0, 108
SH, 22, 2014040512, 03, HWRF, 078, 342S, 1011E,  22, 1000, XX,  34, NEQ, 0000, 0000, 0000, 0000,    0,    0, 105
SH, 22, 2014040512, 03, HWRF, 084, 336S, 1018E,  20, 1004, XX,  34, NEQ, 0000, 0000, 0000, 0000,    0,    0, 106
SH, 22, 2014040512, 03, HWRF, 090, 331S, 1025E,  19, 1004, XX,  34, NEQ, 0000, 0000, 0000, 0000,    0,    0,  85
SH, 22, 2014040512, 03, HWRF, 096, 327S, 1034E,  17, 1008, XX,  34, NEQ, 0000, 0000, 0000, 0000,    0,    0,  50
SH, 22, 2014040512, 03, HWRF, 102, 320S, 1031E,  17, 1007, XX,  34, NEQ, 0000, 0000, 0000, 0000,    0,    0, 108
SH, 22, 2014040512, 03, HWRF, 108, 318S, 1034E,  17, 1010, XX,  34, NEQ, 0000, 0000, 0000, 0000,    0,    0,  89
SH, 22, 2014040512, 03, HWRF, 114, 316S, 1036E,  16, 1009, XX,  34, NEQ, 0000, 0000, 0000, 0000,    0,    0, 108
SH, 22, 2014040512, 03, HWRF, 120, 307S, 1042E,  15, 1012, XX,  34, NEQ, 0000, 0000, 0000, 0000,    0,    0, 105
SH, 22, 2014040512, 99, CHIP,   0, 204S,  828E,  41, 1001,   ,   0,    ,    0,    0,    0,    0,
SH, 22, 2014040512, 99, CHIP,   6, 221S,  838E,  38, 1001,   ,   0,    ,    0,    0,    0,    0,
SH, 22, 2014040512, 99, CHIP,  12, 239S,  849E,  38, 1001,   ,   0,    ,    0,    0,    0,    0,
SH, 22, 2014040512, 99, CHIP,  18, 257S,  860E,  37, 1001,   ,   0,    ,    0,    0,    0,    0,
SH, 22, 2014040512, 99, CHIP,  24, 276S,  872E,  36, 1001,   ,   0,    ,    0,    0,    0,    0,
SH, 22, 2014040512, 99, CHIP,  30, 297S,  886E,  34, 1002,   ,   0,    ,    0,    0,    0,    0,
SH, 22, 2014040512, 99, CHIP,  36, 318S,  901E,  33, 1002,   ,   0,    ,    0,    0,    0,    0,
SH, 22, 2014040512, 99, CHP2,   0, 204S,  828E,  40, 1000,   ,   0,    ,    0,    0,    0,    0,
SH, 22, 2014040512, 99, CHP2,   6, 221S,  838E,  40, 1000,   ,   0,    ,    0,    0,    0,    0,
SH, 22, 2014040512, 99, CHP2,  12, 239S,  849E,  41, 1000,   ,   0,    ,    0,    0,    0,    0,
SH, 22, 2014040512, 99, CHP2,  18, 257S,  860E,  39, 1000,   ,   0,    ,    0,    0,    0,    0,
SH, 22, 2014040512, 99, CHP2,  24, 276S,  872E,  37, 1001,   ,   0,    ,    0,    0,    0,    0,
SH, 22, 2014040512, 99, CHP2,  30, 297S,  886E,  36, 1001,   ,   0,    ,    0,    0,    0,    0,
SH, 22, 2014040512, 99, CHP2,  36, 318S,  901E,  34, 1001,   ,   0,    ,    0,    0,    0,    0,
SH, 22, 2014040512, 99, CHP3,   0, 204S,  828E,  37, 1001,   ,   0,    ,    0,    0,    0,    0,
SH, 22, 2014040512, 99, CHP3,   6, 221S,  838E,  33, 1001,   ,   0,    ,    0,    0,    0,    0,
SH, 22, 2014040512, 99, CHP3,  12, 239S,  849E,  33, 1002,   ,   0,    ,    0,    0,    0,    0,
SH, 22, 2014040512, 99, CHP3,  18, 257S,  860E,  32, 1002,   ,   0,    ,    0,    0,    0,    0,
SH, 22, 2014040512, 99, CHP3,  24, 276S,  872E,  31, 1002,   ,   0,    ,    0,    0,    0,    0,
SH, 22, 2014040512, 99, CHP3,  30, 297S,  886E,  31, 1002,   ,   0,    ,    0,    0,    0,    0,
SH, 22, 2014040512, 99, CHP3,  36, 318S,  901E,  30, 1002,   ,   0,    ,    0,    0,    0,    0,
SH, 22, 2014040512, 99, CHP4,   0, 204S,  828E,  40, 1000,   ,   0,    ,    0,    0,    0,    0,
SH, 22, 2014040512, 99, CHP4,   6, 221S,  838E,  38, 1000,   ,   0,    ,    0,    0,    0,    0,
SH, 22, 2014040512, 99, CHP4,  12, 239S,  849E,  38, 1000,   ,   0,    ,    0,    0,    0,    0,
SH, 22, 2014040512, 99, CHP4,  18, 257S,  860E,  37, 1001,   ,   0,    ,    0,    0,    0,    0,
SH, 22, 2014040512, 99, CHP4,  24, 276S,  872E,  36, 1001,   ,   0,    ,    0,    0,    0,    0,
SH, 22, 2014040512, 99, CHP4,  30, 297S,  886E,  34, 1002,   ,   0,    ,    0,    0,    0,    0,
SH, 22, 2014040512, 99, CHP4,  36, 318S,  901E,  32, 1002,   ,   0,    ,    0,    0,    0,    0,
SH, 22, 2014040512, 99, CHP5,   0, 204S,  828E,  37, 1000,   ,   0,    ,    0,    0,    0,    0,
SH, 22, 2014040512, 99, CHP5,   6, 221S,  838E,  34, 1001,   ,   0,    ,    0,    0,    0,    0,
SH, 22, 2014040512, 99, CHP5,  12, 239S,  849E,  33, 1002,   ,   0,    ,    0,    0,    0,    0,
SH, 22, 2014040512, 99, CHP5,  18, 257S,  860E,  32, 1002,   ,   0,    ,    0,    0,    0,    0,
SH, 22, 2014040512, 99, CHP5,  24, 276S,  872E,  32, 1002,   ,   0,    ,    0,    0,    0,    0,
SH, 22, 2014040512, 99, CHP5,  30, 297S,  886E,  31, 1002,   ,   0,    ,    0,    0,    0,    0,
SH, 22, 2014040512, 99, CHP5,  36, 318S,  901E,  30, 1002,   ,   0,    ,    0,    0,    0,    0,
SH, 22, 2014040512, 99, CHP6,   0, 204S,  828E,  39, 1000,   ,   0,    ,    0,    0,    0,    0,
SH, 22, 2014040512, 99, CHP6,   6, 221S,  838E,  39, 1000,   ,   0,    ,    0,    0,    0,    0,
SH, 22, 2014040512, 99, CHP6,  12, 239S,  849E,  39, 1000,   ,   0,    ,    0,    0,    0,    0,
SH, 22, 2014040512, 99, CHP6,  18, 257S,  860E,  38, 1000,   ,   0,    ,    0,    0,    0,    0,
SH, 22, 2014040512, 99, CHP6,  24, 276S,  872E,  37, 1001,   ,   0,    ,    0,    0,    0,    0,
SH, 22, 2014040512, 99, CHP6,  30, 297S,  886E,  35, 1001,   ,   0,    ,    0,    0,    0,    0,
SH, 22, 2014040512, 99, CHP6,  36, 318S,  901E,  33, 1001,   ,   0,    ,    0,    0,    0,    0,
SH, 22, 2014040512, 99, CHP7,   0, 204S,  828E,  38, 1000,   ,   0,    ,    0,    0,    0,    0,
SH, 22, 2014040512, 99, CHP7,   6, 221S,  838E,  34, 1001,   ,   0,    ,    0,    0,    0,    0,
SH, 22, 2014040512, 99, CHP7,  12, 239S,  849E,  33, 1001,   ,   0,    ,    0,    0,    0,    0,
SH, 22, 2014040512, 99, CHP7,  18, 257S,  860E,  32, 1002,   ,   0,    ,    0,    0,    0,    0,
SH, 22, 2014040512, 99, CHP7,  24, 276S,  872E,  32, 1002,   ,   0,    ,    0,    0,    0,    0,
SH, 22, 2014040512, 99, CHP7,  30, 297S,  886E,  31, 1002,   ,   0,    ,    0,    0,    0,    0,
SH, 22, 2014040512, 99, CHP7,  36, 318S,  901E,  30, 1002,   ,   0,    ,    0,    0,    0,    0,
SH, 22, 2014040518, 03, HWRF, 000, 230S,  848E,  40,  992, XX,  34, NEQ, 0231, 0201, 0000, 0000,    0,    0, 107
SH, 22, 2014040518, 03, HWRF, 006, 253S,  867E,  56,  989, XX,  34, NEQ, 0166, 0292, 0259, 0081,    0,    0,  56
SH, 22, 2014040518, 03, HWRF, 006, 253S,  867E,  56,  989, XX,  50, NEQ, 0099, 0063, 0000, 0000,    0,    0,  56
SH, 22, 2014040518, 03, HWRF, 012, 274S,  887E,  82,  979, XX,  34, NEQ, 0163, 0214, 0336, 0123,    0,    0,  20
SH, 22, 2014040518, 03, HWRF, 012, 274S,  887E,  82,  979, XX,  50, NEQ, 0087, 0081, 0011, 0057,    0,    0,  20
SH, 22, 2014040518, 03, HWRF, 012, 274S,  887E,  82,  979, XX,  64, NEQ, 0052, 0030, 0000, 0000,    0,    0,  20
SH, 22, 2014040518, 03, HWRF, 018, 299S,  900E,  53,  989, XX,  34, NEQ, 0212, 0191, 0113, 0062,    0,    0,  45
SH, 22, 2014040518, 03, HWRF, 018, 299S,  900E,  53,  989, XX,  50, NEQ, 0133, 0053, 0000, 0000,    0,    0,  45
SH, 22, 2014040518, 03, HWRF, 024, 319S,  907E,  45,  992, XX,  34, NEQ, 0298, 0213, 0000, 0000,    0,    0,  50
SH, 22, 2014040518, 03, HWRF, 030, 336S,  917E,  37,  995, XX,  34, NEQ, 0300, 0196, 0069, 0000,    0,    0,  60
SH, 22, 2014040518, 03, HWRF, 036, 346S,  927E,  42,  993, XX,  34, NEQ, 0291, 0279, 0085, 0070,    0,    0,  27
SH, 22, 2014040518, 03, HWRF, 042, 350S,  940E,  43,  996, XX,  34, NEQ, 0271, 0291, 0090, 0056,    0,    0,  30
SH, 22, 2014040518, 03, HWRF, 048, 354S,  960E,  38,  996, XX,  34, NEQ, 0000, 0283, 0060, 0105,    0,    0, 107
SH, 22, 2014040518, 03, HWRF, 054, 358S,  980E,  38,  997, XX,  34, NEQ, 0000, 0210, 0103, 0097,    0,    0, 106
SH, 22, 2014040518, 03, HWRF, 060, 351S,  998E,  34,  996, XX,  34, NEQ, 0000, 0000, 0135, 0135,    0,    0, 108
SH, 22, 2014040518, 03, HWRF, 066, 345S, 1012E,  26, 1001, XX,  34, NEQ, 0000, 0000, 0000, 0000,    0,    0, 108
SH, 22, 2014040518, 03, HWRF, 072, 338S, 1022E,  22, 1002, XX,  34, NEQ, 0000, 0000, 0000, 0000,    0,    0, 108
SH, 22, 2014040518, 03, HWRF, 078, 330S, 1031E,  19, 1005, XX,  34, NEQ, 0000, 0000, 0000, 0000,    0,    0, 108
SH, 22, 2014040518, 03, HWRF, 084, 319S, 1034E,  20, 1005, XX,  34, NEQ, 0000, 0000, 0000, 0000,    0,    0, 108
SH, 22, 2014040518, 03, HWRF, 090, 307S, 1033E,  20, 1009, XX,  34, NEQ, 0000, 0000, 0000, 0000,    0,    0,  79
SH, 22, 2014040518, 03, HWRF, 096, 298S, 1036E,  19, 1008, XX,  34, NEQ, 0000, 0000, 0000, 0000,    0,    0,  98
SH, 22, 2014040518, 03, HWRF, 102, 286S, 1027E,  13, 1012, XX,  34, NEQ, 0000, 0000, 0000, 0000,    0,    0, 107
SH, 22, 2014040518, 03, HWRF, 108, 279S, 1018E,  13, 1010, XX,  34, NEQ, 0000, 0000, 0000, 0000,    0,    0,  64
SH, 22, 2014040518, 03, HWRF, 114, 274S, 1008E,  11, 1013, XX,  34, NEQ, 0000, 0000, 0000, 0000,    0,    0,  86
SH, 22, 2014040518, 03, HWRF, 120, 269S, 1007E,  12, 1011, XX,  34, NEQ, 0000, 0000, 0000, 0000,    0,    0,  46
SH, 22, 2014040518, 03, HWRF, 126, 274S, 1004E,  10, 1013, XX,  34, NEQ, 0000, 0000, 0000, 0000,    0,    0,  33
SH, 22, 2014040518, 99, CHIP,   0, 231S,  847E,  40, 1001,   ,   0,    ,    0,    0,    0,    0,
SH, 22, 2014040518, 99, CHIP,   6, 248S,  858E,  35, 1001,   ,   0,    ,    0,    0,    0,    0,
SH, 22, 2014040518, 99, CHIP,  12, 266S,  869E,  34, 1002,   ,   0,    ,    0,    0,    0,    0,
SH, 22, 2014040518, 99, CHIP,  18, 286S,  882E,  32, 1002,   ,   0,    ,    0,    0,    0,    0,
SH, 22, 2014040518, 99, CHIP,  24, 306S,  895E,  32, 1002,   ,   0,    ,    0,    0,    0,    0,
SH, 22, 2014040518, 99, CHIP,  30, 326S,  908E,  31, 1002,   ,   0,    ,    0,    0,    0,    0,
SH, 22, 2014040518, 99, CHIP,  36, 345S,  921E,  30, 1002,   ,   0,    ,    0,    0,    0,    0,
SH, 22, 2014040518, 99, CHP2,   0, 231S,  847E,  38, 1001,   ,   0,    ,    0,    0,    0,    0,
SH, 22, 2014040518, 99, CHP2,   6, 248S,  858E,  36, 1001,   ,   0,    ,    0,    0,    0,    0,
SH, 22, 2014040518, 99, CHP2,  12, 266S,  869E,  36, 1001,   ,   0,    ,    0,    0,    0,    0,
SH, 22, 2014040518, 99, CHP2,  18, 286S,  882E,  36, 1001,   ,   0,    ,    0,    0,    0,    0,
SH, 22, 2014040518, 99, CHP2,  24, 306S,  895E,  34, 1002,   ,   0,    ,    0,    0,    0,    0,
SH, 22, 2014040518, 99, CHP2,  30, 326S,  908E,  33, 1002,   ,   0,    ,    0,    0,    0,    0,
SH, 22, 2014040518, 99, CHP2,  36, 345S,  921E,  32, 1002,   ,   0,    ,    0,    0,    0,    0,
SH, 22, 2014040518, 99, CHP3,   0, 231S,  847E,  37, 1001,   ,   0,    ,    0,    0,    0,    0,
SH, 22, 2014040518, 99, CHP3,   6, 248S,  858E,  33, 1001,   ,   0,    ,    0,    0,    0,    0,
SH, 22, 2014040518, 99, CHP3,  12, 266S,  869E,  32, 1002,   ,   0,    ,    0,    0,    0,    0,
SH, 22, 2014040518, 99, CHP3,  18, 286S,  882E,  31, 1002,   ,   0,    ,    0,    0,    0,    0,
SH, 22, 2014040518, 99, CHP3,  24, 306S,  895E,  31, 1002,   ,   0,    ,    0,    0,    0,    0,
SH, 22, 2014040518, 99, CHP3,  30, 326S,  908E,  30, 1002,   ,   0,    ,    0,    0,    0,    0,
SH, 22, 2014040518, 99, CHP3,  36, 345S,  921E,  29, 1003,   ,   0,    ,    0,    0,    0,    0,
SH, 22, 2014040518, 99, CHP4,   0, 231S,  847E,  38, 1001,   ,   0,    ,    0,    0,    0,    0,
SH, 22, 2014040518, 99, CHP4,   6, 248S,  858E,  34, 1001,   ,   0,    ,    0,    0,    0,    0,
SH, 22, 2014040518, 99, CHP4,  12, 266S,  869E,  34, 1001,   ,   0,    ,    0,    0,    0,    0,
SH, 22, 2014040518, 99, CHP4,  18, 286S,  882E,  33, 1002,   ,   0,    ,    0,    0,    0,    0,
SH, 22, 2014040518, 99, CHP4,  24, 306S,  895E,  32, 1002,   ,   0,    ,    0,    0,    0,    0,
SH, 22, 2014040518, 99, CHP4,  30, 326S,  908E,  31, 1002,   ,   0,    ,    0,    0,    0,    0,
SH, 22, 2014040518, 99, CHP4,  36, 345S,  921E,  30, 1002,   ,   0,    ,    0,    0,    0,    0,
SH, 22, 2014040518, 99, CHP5,   0, 231S,  847E,  37, 1001,   ,   0,    ,    0,    0,    0,    0,
SH, 22, 2014040518, 99, CHP5,   6, 248S,  858E,  33, 1001,   ,   0,    ,    0,    0,    0,    0,
SH, 22, 2014040518, 99, CHP5,  12, 266S,  869E,  32, 1002,   ,   0,    ,    0,    0,    0,    0,
SH, 22, 2014040518, 99, CHP5,  18, 286S,  882E,  31, 1002,   ,   0,    ,    0,    0,    0,    0,
SH, 22, 2014040518, 99, CHP5,  24, 306S,  895E,  31, 1002,   ,   0,    ,    0,    0,    0,    0,
SH, 22, 2014040518, 99, CHP5,  30, 326S,  908E,  30, 1002,   ,   0,    ,    0,    0,    0,    0,
SH, 22, 2014040518, 99, CHP5,  36, 345S,  921E,  29, 1003,   ,   0,    ,    0,    0,    0,    0,
SH, 22, 2014040518, 99, CHP6,   0, 231S,  847E,  37, 1001,   ,   0,    ,    0,    0,    0,    0,
SH, 22, 2014040518, 99, CHP6,   6, 248S,  858E,  35, 1001,   ,   0,    ,    0,    0,    0,    0,
SH, 22, 2014040518, 99, CHP6,  12, 266S,  869E,  35, 1001,   ,   0,    ,    0,    0,    0,    0,
SH, 22, 2014040518, 99, CHP6,  18, 286S,  882E,  34, 1001,   ,   0,    ,    0,    0,    0,    0,
SH, 22, 2014040518, 99, CHP6,  24, 306S,  895E,  33, 1002,   ,   0,    ,    0,    0,    0,    0,
SH, 22, 2014040518, 99, CHP6,  30, 326S,  908E,  32, 1002,   ,   0,    ,    0,    0,    0,    0,
SH, 22, 2014040518, 99, CHP6,  36, 345S,  921E,  31, 1002,   ,   0,    ,    0,    0,    0,    0,
SH, 22, 2014040518, 99, CHP7,   0, 231S,  847E,  37, 1001,   ,   0,    ,    0,    0,    0,    0,
SH, 22, 2014040518, 99, CHP7,   6, 248S,  858E,  33, 1001,   ,   0,    ,    0,    0,    0,    0,
SH, 22, 2014040518, 99, CHP7,  12, 266S,  869E,  32, 1002,   ,   0,    ,    0,    0,    0,    0,
SH, 22, 2014040518, 99, CHP7,  18, 286S,  882E,  31, 1002,   ,   0,    ,    0,    0,    0,    0,
SH, 22, 2014040518, 99, CHP7,  24, 306S,  895E,  31, 1002,   ,   0,    ,    0,    0,    0,    0,
SH, 22, 2014040518, 99, CHP7,  30, 326S,  908E,  30, 1002,   ,   0,    ,    0,    0,    0,    0,
SH, 22, 2014040518, 99, CHP7,  36, 345S,  921E,  29, 1002,   ,   0,    ,    0,    0,    0,    0,
SH, 22, 2014040600, 03, HWRF, 000, 254S,  863E,  44,  988, XX,  34, NEQ, 0200, 0351, 0317, 0054,    0,    0,  97
SH, 22, 2014040600, 03, HWRF, 006, 273S,  884E,  58,  988, XX,  34, NEQ, 0173, 0245, 0051, 0104,    0,    0,  32
SH, 22, 2014040600, 03, HWRF, 006, 273S,  884E,  58,  988, XX,  50, NEQ, 0083, 0076, 0000, 0000,    0,    0,  32
SH, 22, 2014040600, 03, HWRF, 012, 297S,  898E,  56,  987, XX,  34, NEQ, 0216, 0195, 0043, 0053,    0,    0,  99
SH, 22, 2014040600, 03, HWRF, 012, 297S,  898E,  56,  987, XX,  50, NEQ, 0114, 0000, 0000, 0000,    0,    0,  99
SH, 22, 2014040600, 03, HWRF, 018, 314S,  908E,  41,  992, XX,  34, NEQ, 0272, 0202, 0065, 0069,    0,    0,  67
SH, 22, 2014040600, 03, HWRF, 024, 332S,  923E,  38,  995, XX,  34, NEQ, 0268, 0213, 0115, 0000,    0,    0,  68
SH, 22, 2014040600, 03, HWRF, 030, 345S,  934E,  42,  994, XX,  34, NEQ, 0272, 0223, 0087, 0088,    0,    0,  24
SH, 22, 2014040600, 03, HWRF, 036, 350S,  947E,  44,  996, XX,  34, NEQ, 0293, 0239, 0076, 0068,    0,    0,  36
SH, 22, 2014040600, 03, HWRF, 042, 350S,  964E,  40,  996, XX,  34, NEQ, 0241, 0252, 0073, 0042,    0,    0,  41
SH, 22, 2014040600, 03, HWRF, 048, 351S,  985E,  34,  998, XX,  34, NEQ, 0000, 0257, 0000, 0000,    0,    0, 108
SH, 22, 2014040600, 03, HWRF, 054, 351S, 1004E,  35,  997, XX,  34, NEQ, 0000, 0214, 0126, 0000,    0,    0, 108
SH, 22, 2014040600, 03, HWRF, 060, 348S, 1020E,  34, 1000, XX,  34, NEQ, 0000, 0000, 0146, 0123,    0,    0, 108
SH, 22, 2014040600, 03, HWRF, 066, 342S, 1031E,  30, 1000, XX,  34, NEQ, 0000, 0000, 0000, 0000,    0,    0, 108
SH, 22, 2014040600, 03, HWRF, 072, 331S, 1040E,  25, 1004, XX,  34, NEQ, 0000, 0000, 0000, 0000,    0,    0, 107
SH, 22, 2014040600, 03, HWRF, 078, 327S, 1052E,  22, 1004, XX,  34, NEQ, 0000, 0000, 0000, 0000,    0,    0, 103
SH, 22, 2014040600, 03, HWRF, 084, 316S, 1059E,  21, 1008, XX,  34, NEQ, 0000, 0000, 0000, 0000,    0,    0, 107
SH, 22, 2014040600, 03, HWRF, 090, 301S, 1058E,  21, 1007, XX,  34, NEQ, 0000, 0000, 0000, 0000,    0,    0, 105
SH, 22, 2014040600, 03, HWRF, 096, 288S, 1052E,  20, 1010, XX,  34, NEQ, 0000, 0000, 0000, 0000,    0,    0, 107
SH, 22, 2014040600, 03, HWRF, 102, 279S, 1047E,  18, 1009, XX,  34, NEQ, 0000, 0000, 0000, 0000,    0,    0, 108
SH, 22, 2014040600, 03, HWRF, 108, 272S, 1037E,  16, 1012, XX,  34, NEQ, 0000, 0000, 0000, 0000,    0,    0,  88
SH, 22, 2014040600, 03, HWRF, 114, 268S, 1027E,  16, 1010, XX,  34, NEQ, 0000, 0000, 0000, 0000,    0,    0,  90
SH, 22, 2014040600, 03, HWRF, 120, 265S, 1012E,  15, 1013, XX,  34, NEQ, 0000, 0000, 0000, 0000,    0,    0, 107
SH, 22, 2014040600, 99, CHIP,   0, 255S,  863E,  45, 1001,   ,   0,    ,    0,    0,    0,    0,
SH, 22, 2014040600, 99, CHIP,   6, 278S,  877E,  37, 1001,   ,   0,    ,    0,    0,    0,    0,
SH, 22, 2014040600, 99, CHIP,  12, 300S,  891E,  35, 1002,   ,   0,    ,    0,    0,    0,    0,
SH, 22, 2014040600, 99, CHIP,  18, 317S,  905E,  33, 1002,   ,   0,    ,    0,    0,    0,    0,
SH, 22, 2014040600, 99, CHIP,  24, 333S,  920E,  32, 1002,   ,   0,    ,    0,    0,    0,    0,
SH, 22, 2014040600, 99, CHP2,   0, 255S,  863E,  40, 1001,   ,   0,    ,    0,    0,    0,    0,
SH, 22, 2014040600, 99, CHP2,   6, 278S,  877E,  38, 1000,   ,   0,    ,    0,    0,    0,    0,
SH, 22, 2014040600, 99, CHP2,  12, 300S,  891E,  36, 1001,   ,   0,    ,    0,    0,    0,    0,
SH, 22, 2014040600, 99, CHP2,  18, 317S,  905E,  35, 1001,   ,   0,    ,    0,    0,    0,    0,
SH, 22, 2014040600, 99, CHP2,  24, 333S,  920E,  34, 1001,   ,   0,    ,    0,    0,    0,    0,
SH, 22, 2014040600, 99, CHP3,   0, 255S,  863E,  39, 1001,   ,   0,    ,    0,    0,    0,    0,
SH, 22, 2014040600, 99, CHP3,   6, 278S,  877E,  34, 1001,   ,   0,    ,    0,    0,    0,    0,
SH, 22, 2014040600, 99, CHP3,  12, 300S,  891E,  32, 1002,   ,   0,    ,    0,    0,    0,    0,
SH, 22, 2014040600, 99, CHP3,  18, 317S,  905E,  31, 1002,   ,   0,    ,    0,    0,    0,    0,
SH, 22, 2014040600, 99, CHP3,  24, 333S,  920E,  30, 1002,   ,   0,    ,    0,    0,    0,    0,
SH, 22, 2014040600, 99, CHP4,   0, 255S,  863E,  39, 1001,   ,   0,    ,    0,    0,    0,    0,
SH, 22, 2014040600, 99, CHP4,   6, 278S,  877E,  35, 1001,   ,   0,    ,    0,    0,    0,    0,
SH, 22, 2014040600, 99, CHP4,  12, 300S,  891E,  33, 1002,   ,   0,    ,    0,    0,    0,    0,
SH, 22, 2014040600, 99, CHP4,  18, 317S,  905E,  32, 1002,   ,   0,    ,    0,    0,    0,    0,
SH, 22, 2014040600, 99, CHP4,  24, 333S,  920E,  31, 1002,   ,   0,    ,    0,    0,    0,    0,
SH, 22, 2014040600, 99, CHP5,   0, 255S,  863E,  39, 1001,   ,   0,    ,    0,    0,    0,    0,
SH, 22, 2014040600, 99, CHP5,   6, 278S,  877E,  34, 1001,   ,   0,    ,    0,    0,    0,    0,
SH, 22, 2014040600, 99, CHP5,  12, 300S,  891E,  32, 1002,   ,   0,    ,    0,    0,    0,    0,
SH, 22, 2014040600, 99, CHP5,  18, 317S,  905E,  31, 1002,   ,   0,    ,    0,    0,    0,    0,
SH, 22, 2014040600, 99, CHP5,  24, 333S,  920E,  30, 1002,   ,   0,    ,    0,    0,    0,    0,
SH, 22, 2014040600, 99, CHP6,   0, 255S,  863E,  39, 1001,   ,   0,    ,    0,    0,    0,    0,
SH, 22, 2014040600, 99, CHP6,   6, 278S,  877E,  37, 1001,   ,   0,    ,    0,    0,    0,    0,
SH, 22, 2014040600, 99, CHP6,  12, 300S,  891E,  35, 1001,   ,   0,    ,    0,    0,    0,    0,
SH, 22, 2014040600, 99, CHP6,  18, 317S,  905E,  34, 1001,   ,   0,    ,    0,    0,    0,    0,
SH, 22, 2014040600, 99, CHP6,  24, 333S,  920E,  33, 1001,   ,   0,    ,    0,    0,    0,    0,
SH, 22, 2014040600, 99, CHP7,   0, 255S,  863E,  39, 1001,   ,   0,    ,    0,    0,    0,    0,
SH, 22, 2014040600, 99, CHP7,   6, 278S,  877E,  34, 1001,   ,   0,    ,    0,    0,    0,    0,
SH, 22, 2014040600, 99, CHP7,  12, 300S,  891E,  32, 1002,   ,   0,    ,    0,    0,    0,    0,
SH, 22, 2014040600, 99, CHP7,  18, 317S,  905E,  31, 1002,   ,   0,    ,    0,    0,    0,    0,
SH, 22, 2014040600, 99, CHP7,  24, 333S,  920E,  30, 1002,   ,   0,    ,    0,    0,    0,    0,
SH, 22, 2014040606, 03, HWRF, 000, 277S,  874E,  44,  995, XX,  34, NEQ, 0198, 0292, 0000, 0069,    0,    0,  42
SH, 22, 2014040606, 03, HWRF, 006, 302S,  886E,  37,  993, XX,  34, NEQ, 0267, 0257, 0000, 0000,    0,    0,  99
SH, 22, 2014040606, 03, HWRF, 012, 326S,  898E,  37,  995, XX,  34, NEQ, 0324, 0229, 0000, 0000,    0,    0, 107
SH, 22, 2014040606, 03, HWRF, 018, 344S,  910E,  36,  995, XX,  34, NEQ, 0288, 0275, 0000, 0000,    0,    0,  83
SH, 22, 2014040606, 03, HWRF, 024, 354S,  925E,  43,  993, XX,  34, NEQ, 0296, 0268, 0084, 0058,    0,    0,  54
SH, 22, 2014040606, 03, HWRF, 030, 362S,  943E,  43,  994, XX,  34, NEQ, 0301, 0291, 0078, 0057,    0,    0,  48
SH, 22, 2014040606, 03, HWRF, 036, 364S,  961E,  39,  993, XX,  34, NEQ, 0000, 0291, 0105, 0174,    0,    0, 107
SH, 22, 2014040606, 03, HWRF, 042, 360S,  982E,  37,  995, XX,  34, NEQ, 0000, 0220, 0147, 0168,    0,    0,  89
SH, 22, 2014040606, 03, HWRF, 048, 355S, 1002E,  34,  995, XX,  34, NEQ, 0000, 0000, 0180, 0173,    0,    0, 107
SH, 22, 2014040606, 03, HWRF, 054, 348S, 1019E,  24, 1000, XX,  34, NEQ, 0000, 0000, 0000, 0000,    0,    0, 108
SH, 22, 2014040606, 03, HWRF, 060, 342S, 1034E,  22, 1000, XX,  34, NEQ, 0000, 0000, 0000, 0000,    0,    0, 107
SH, 22, 2014040606, 03, HWRF, 066, 336S, 1047E,  21, 1004, XX,  34, NEQ, 0000, 0000, 0000, 0000,    0,    0, 102
SH, 22, 2014040606, 03, HWRF, 072, 324S, 1058E,  22, 1004, XX,  34, NEQ, 0000, 0000, 0000, 0000,    0,    0, 108
SH, 22, 2014040606, 03, HWRF, 078, 311S, 1070E,  17, 1008, XX,  34, NEQ, 0000, 0000, 0000, 0000,    0,    0, 108
SH, 22, 2014040606, 03, HWRF, 084, 303S, 1076E,  17, 1006, XX,  34, NEQ, 0000, 0000, 0000, 0000,    0,    0, 108
SH, 22, 2014040606, 03, HWRF, 090, 300S, 1082E,  14, 1010, XX,  34, NEQ, 0000, 0000, 0000, 0000,    0,    0, 108
SH, 22, 2014040606, 03, HWRF, 096, 284S, 1079E,  16, 1008, XX,  34, NEQ, 0000, 0000, 0000, 0000,    0,    0, 107
SH, 22, 2014040606, 03, HWRF, 102, 281S, 1076E,  16, 1012, XX,  34, NEQ, 0000, 0000, 0000, 0000,    0,    0, 104
SH, 22, 2014040606, 03, HWRF, 108, 270S, 1068E,  13, 1010, XX,  34, NEQ, 0000, 0000, 0000, 0000,    0,    0, 107
SH, 22, 2014040606, 03, HWRF, 114, 264S, 1058E,  11, 1013, XX,  34, NEQ, 0000, 0000, 0000, 0000,    0,    0, 105
SH, 22, 2014040606, 99, CHIP,   0, 277S,  875E,  44, 1001,   ,   0,    ,    0,    0,    0,    0,
SH, 22, 2014040606, 99, CHIP,   6, 296S,  889E,  36, 1001,   ,   0,    ,    0,    0,    0,    0,
SH, 22, 2014040606, 99, CHIP,  12, 315S,  903E,  33, 1002,   ,   0,    ,    0,    0,    0,    0,
SH, 22, 2014040606, 99, CHP2,   0, 277S,  875E,  38, 1001,   ,   0,    ,    0,    0,    0,    0,
SH, 22, 2014040606, 99, CHP2,   6, 296S,  889E,  36, 1000,   ,   0,    ,    0,    0,    0,    0,
SH, 22, 2014040606, 99, CHP2,  12, 315S,  903E,  34, 1001,   ,   0,    ,    0,    0,    0,    0,
SH, 22, 2014040606, 99, CHP3,   0, 277S,  875E,  37, 1001,   ,   0,    ,    0,    0,    0,    0,
SH, 22, 2014040606, 99, CHP3,   6, 296S,  889E,  32, 1001,   ,   0,    ,    0,    0,    0,    0,
SH, 22, 2014040606, 99, CHP3,  12, 315S,  903E,  30, 1002,   ,   0,    ,    0,    0,    0,    0,
SH, 22, 2014040606, 99, CHP4,   0, 277S,  875E,  38, 1001,   ,   0,    ,    0,    0,    0,    0,
SH, 22, 2014040606, 99, CHP4,   6, 296S,  889E,  33, 1001,   ,   0,    ,    0,    0,    0,    0,
SH, 22, 2014040606, 99, CHP4,  12, 315S,  903E,  31, 1001,   ,   0,    ,    0,    0,    0,    0,
SH, 22, 2014040606, 99, CHP5,   0, 277S,  875E,  37, 1001,   ,   0,    ,    0,    0,    0,    0,
SH, 22, 2014040606, 99, CHP5,   6, 296S,  889E,  32, 1001,   ,   0,    ,    0,    0,    0,    0,
SH, 22, 2014040606, 99, CHP5,  12, 315S,  903E,  30, 1002,   ,   0,    ,    0,    0,    0,    0,
SH, 22, 2014040606, 99, CHP6,   0, 277S,  875E,  38, 1001,   ,   0,    ,    0,    0,    0,    0,
SH, 22, 2014040606, 99, CHP6,   6, 296S,  889E,  35, 1001,   ,   0,    ,    0,    0,    0,    0,
SH, 22, 2014040606, 99, CHP6,  12, 315S,  903E,  33, 1001,   ,   0,    ,    0,    0,    0,    0,
SH, 22, 2014040606, 99, CHP7,   0, 277S,  875E,  37, 1001,   ,   0,    ,    0,    0,    0,    0,
SH, 22, 2014040606, 99, CHP7,   6, 296S,  889E,  32, 1001,   ,   0,    ,    0,    0,    0,    0,
SH, 22, 2014040606, 99, CHP7,  12, 315S,  903E,  30, 1002,   ,   0,    ,    0,    0,    0,    0,
SH, 22, 2014040612, 03, HWRF, 000, 303S,  885E,  38,  996, XX,  34, NEQ, 0285, 0279, 0257, 0000,    0,    0, 108
SH, 22, 2014040612, 03, HWRF, 006, 326S,  893E,  35,  995, XX,  34, NEQ, 0333, 0267, 0000, 0000,    0,    0, 102
SH, 22, 2014040612, 03, HWRF, 012, 345S,  905E,  34,  996, XX,  34, NEQ, 0322, 0251, 0000, 0000,    0,    0,  52
SH, 22, 2014040612, 03, HWRF, 018, 361S,  924E,  38,  994, XX,  34, NEQ, 0297, 0244, 0053, 0058,    0,    0,  22
SH, 22, 2014040612, 03, HWRF, 024, 372S,  944E,  40,  995, XX,  34, NEQ, 0292, 0216, 0059, 0051,    0,    0,  40
SH, 22, 2014040612, 03, HWRF, 030, 382S,  965E,  42,  994, XX,  34, NEQ, 0000, 0183, 0041, 0227,    0,    0,  91
SH, 22, 2014040612, 03, HWRF, 036, 375S,  980E,  38,  995, XX,  34, NEQ, 0000, 0000, 0121, 0171,    0,    0,  87
SH, 22, 2014040612, 03, HWRF, 042, 361S, 1004E,  34,  996, XX,  34, NEQ, 0000, 0000, 0195, 0193,    0,    0, 108
SH, 22, 2014040612, 03, HWRF, 048, 358S, 1021E,  29, 1000, XX,  34, NEQ, 0000, 0000, 0000, 0000,    0,    0, 107
SH, 22, 2014040612, 03, HWRF, 054, 351S, 1037E,  23, 1001, XX,  34, NEQ, 0000, 0000, 0000, 0000,    0,    0,  97
SH, 22, 2014040612, 03, HWRF, 060, 342S, 1054E,  24, 1004, XX,  34, NEQ, 0000, 0000, 0000, 0000,    0,    0, 108
SH, 22, 2014040612, 03, HWRF, 066, 333S, 1068E,  26, 1004, XX,  34, NEQ, 0000, 0000, 0000, 0000,    0,    0, 108
SH, 22, 2014040612, 03, HWRF, 072, 321S, 1080E,  27, 1007, XX,  34, NEQ, 0000, 0000, 0000, 0000,    0,    0,  97
SH, 22, 2014040612, 03, HWRF, 078, 312S, 1089E,  22, 1007, XX,  34, NEQ, 0000, 0000, 0000, 0000,    0,    0, 107
SH, 22, 2014040612, 03, HWRF, 084, 307S, 1101E,  16, 1010, XX,  34, NEQ, 0000, 0000, 0000, 0000,    0,    0, 106
SH, 22, 2014040612, 03, HWRF, 090, 311S, 1116E,  13, 1009, XX,  34, NEQ, 0000, 0000, 0000, 0000,    0,    0,  83
SH, 22, 2014040612, 03, HWRF, 096, 309S, 1125E,  19, 1012, XX,  34, NEQ, 0000, 0000, 0000, 0000,    0,    0, 108
SH, 22, 2014040612, 03, HWRF, 102, 302S, 1128E,  17, 1010, XX,  34, NEQ, 0000, 0000, 0000, 0000,    0,    0, 108
SH, 22, 2014040612, 03, HWRF, 108, 296S, 1123E,  15, 1013, XX,  34, NEQ, 0000, 0000, 0000, 0000,    0,    0, 108
SH, 22, 2014040612, 03, HWRF, 114, 293S, 1118E,  13, 1010, XX,  34, NEQ, 0000, 0000, 0000, 0000,    0,    0, 108
SH, 22, 2014040612, 03, HWRF, 120, 289S, 1114E,  10, 1012, XX,  34, NEQ, 0000, 0000, 0000, 0000,    0,    0, 107
SH, 22, 2014040612, 99, CHIP,   0, 303S,  887E,  40, 1001,   ,   0,    ,    0,    0,    0,    0,
SH, 22, 2014040612, 99, CHIP,   6, 322S,  900E,  33, 1002,   ,   0,    ,    0,    0,    0,    0,
SH, 22, 2014040612, 99, CHIP,  12, 340S,  913E,  31, 1002,   ,   0,    ,    0,    0,    0,    0,
SH, 22, 2014040612, 99, CHP2,   0, 303S,  887E,  36, 1001,   ,   0,    ,    0,    0,    0,    0,
SH, 22, 2014040612, 99, CHP2,   6, 322S,  900E,  32, 1001,   ,   0,    ,    0,    0,    0,    0,
SH, 22, 2014040612, 99, CHP2,  12, 340S,  913E,  31, 1002,   ,   0,    ,    0,    0,    0,    0,
SH, 22, 2014040612, 99, CHP3,   0, 303S,  887E,  35, 1001,   ,   0,    ,    0,    0,    0,    0,
SH, 22, 2014040612, 99, CHP3,   6, 322S,  900E,  30, 1002,   ,   0,    ,    0,    0,    0,    0,
SH, 22, 2014040612, 99, CHP3,  12, 340S,  913E,  29, 1002,   ,   0,    ,    0,    0,    0,    0,
SH, 22, 2014040612, 99, CHP4,   0, 303S,  887E,  35, 1001,   ,   0,    ,    0,    0,    0,    0,
SH, 22, 2014040612, 99, CHP4,   6, 322S,  900E,  31, 1002,   ,   0,    ,    0,    0,    0,    0,
SH, 22, 2014040612, 99, CHP4,  12, 340S,  913E,  29, 1002,   ,   0,    ,    0,    0,    0,    0,
SH, 22, 2014040612, 99, CHP5,   0, 303S,  887E,  35, 1001,   ,   0,    ,    0,    0,    0,    0,
SH, 22, 2014040612, 99, CHP5,   6, 322S,  900E,  30, 1002,   ,   0,    ,    0,    0,    0,    0,
SH, 22, 2014040612, 99, CHP5,  12, 340S,  913E,  29, 1002,   ,   0,    ,    0,    0,    0,    0,
SH, 22, 2014040612, 99, CHP6,   0, 303S,  887E,  35, 1001,   ,   0,    ,    0,    0,    0,    0,
SH, 22, 2014040612, 99, CHP6,   6, 322S,  900E,  31, 1001,   ,   0,    ,    0,    0,    0,    0,
SH, 22, 2014040612, 99, CHP6,  12, 340S,  913E,  30, 1002,   ,   0,    ,    0,    0,    0,    0,
SH, 22, 2014040612, 99, CHP7,   0, 303S,  887E,  35, 1001,   ,   0,    ,    0,    0,    0,    0,
SH, 22, 2014040612, 99, CHP7,   6, 322S,  900E,  30, 1002,   ,   0,    ,    0,    0,    0,    0,
SH, 22, 2014040612, 99, CHP7,  12, 340S,  913E,  29, 1002,   ,   0,    ,    0,    0,    0,    0,
