CP, 90, 2015062812, 03, GFDN,   0, 115N, 1427W,  33, 1006
CP, 90, 2015062812, 03, GFDN,   6, 123N, 1438W,  30, 1008
CP, 90, 2015062812, 03, GFDN,  12, 130N, 1453W,  32, 1007
CP, 90, 2015062812, 03, GFDN,  18, 131N, 1469W,  32, 1009
CP, 90, 2015062812, 03, GFDN,  24, 136N, 1484W,  28, 1009
CP, 90, 2015062812, 03, GFDN,  30, 137N, 1502W,  26, 1009
CP, 90, 2015062812, 03, GFDN,  36, 136N, 1516W,  25, 1008
CP, 90, 2015062812, 03, NG02, 000,   0 ,    0 ,   0,    0, XX,  34, NEQ, 0000, 0000, 0000, 0000,    0,    0, ***
CP, 90, 2015062812, 03, NG04, 000,   0 ,    0 ,   0,    0, XX,  34, NEQ, 0000, 0000, 0000, 0000,    0,    0, ***
CP, 90, 2015062812, 03, NG06, 000, 117N, 1420W,  28, 1010, XX,  34, NEQ, 0000, 0000, 0000, 0000,    0,    0, 151
CP, 90, 2015062812, 03, NG09, 000, 112N, 1423W,  20, 1009, XX,  34, NEQ, 0000, 0000, 0000, 0000,    0,    0, 144
CP, 90, 2015062812, 03, NG09, 006, 115N, 1438W,  25, 1010, XX,  34, NEQ, 0000, 0000, 0000, 0000,    0,    0, 153
CP, 90, 2015062812, 03, NG09, 012, 122N, 1451W,  25, 1009, XX,  34, NEQ, 0000, 0000, 0000, 0000,    0,    0, 118
CP, 90, 2015062812, 03, NG10, 000,   0 ,    0 ,   0,    0, XX,  34, NEQ, 0000, 0000, 0000, 0000,    0,    0, ***
CP, 90, 2015062812, 03, NG11, 000, 119N, 1444W,  29, 1009, XX,  34, NEQ, 0000, 0000, 0000, 0000,    0,    0, 108
CP, 90, 2015062812, 03, NG11, 006, 125N, 1464W,  22, 1010, XX,  34, NEQ, 0000, 0000, 0000, 0000,    0,    0, 156
CP, 90, 2015062812, 03, NG11, 012, 125N, 1476W,  20, 1010, XX,  34, NEQ, 0000, 0000, 0000, 0000,    0,    0, 151
CP, 90, 2015062812, 03, NG11, 018, 117N, 1490W,  21, 1009, XX,  34, NEQ, 0000, 0000, 0000, 0000,    0,    0, 147
CP, 90, 2015062812, 03, NG11, 024, 115N, 1503W,  21, 1010, XX,  34, NEQ, 0000, 0000, 0000, 0000,    0,    0, 117
CP, 90, 2015062812, 03, NG11, 030, 112N, 1516W,  21, 1010, XX,  34, NEQ, 0000, 0000, 0000, 0000,    0,    0, 113
CP, 90, 2015062812, 03, NG11, 036, 112N, 1531W,  22, 1010, XX,  34, NEQ, 0000, 0000, 0000, 0000,    0,    0, 109
CP, 90, 2015062812, 03, NG11, 042, 114N, 1544W,  24, 1009, XX,  34, NEQ, 0000, 0000, 0000, 0000,    0,    0, 158
CP, 90, 2015062812, 03, NG11, 048, 117N, 1557W,  24, 1010, XX,  34, NEQ, 0000, 0000, 0000, 0000,    0,    0, 147
CP, 90, 2015062812, 03, NG11, 054, 119N, 1571W,  23, 1009, XX,  34, NEQ, 0000, 0000, 0000, 0000,    0,    0, 140
CP, 90, 2015062812, 03, NG11, 060, 118N, 1580W,  20, 1009, XX,  34, NEQ, 0000, 0000, 0000, 0000,    0,    0, 146
CP, 90, 2015062812, 03, NG11, 066, 120N, 1593W,  19, 1009, XX,  34, NEQ, 0000, 0000, 0000, 0000,    0,    0, 144
CP, 90, 2015062812, 03, NG11, 072, 121N, 1602W,  23, 1009, XX,  34, NEQ, 0000, 0000, 0000, 0000,    0,    0, 132
CP, 90, 2015062812, 03, NG11, 078, 123N, 1613W,  21, 1008, XX,  34, NEQ, 0000, 0000, 0000, 0000,    0,    0, 125
CP, 90, 2015062812, 03, NG11, 084, 128N, 1622W,  19, 1007, XX,  34, NEQ, 0000, 0000, 0000, 0000,    0,    0, 131
CP, 90, 2015062812, 03, NG11, 090, 130N, 1636W,  19, 1007, XX,  34, NEQ, 0000, 0000, 0000, 0000,    0,    0, 126
CP, 90, 2015062812, 03, NG11, 096, 129N, 1647W,  18, 1008, XX,  34, NEQ, 0000, 0000, 0000, 0000,    0,    0, 158
CP, 90, 2015062812, 03, NG12, 000,   0 ,    0 ,   0,    0, XX,  34, NEQ, 0000, 0000, 0000, 0000,    0,    0, ***
CP, 90, 2015062812, 03, NG13, 000, 123N, 1436W,  26, 1010, XX,  34, NEQ, 0000, 0000, 0000, 0000,    0,    0, 136
CP, 90, 2015062812, 03, NG13, 006, 130N, 1449W,  26, 1011, XX,  34, NEQ, 0000, 0000, 0000, 0000,    0,    0, 125
CP, 90, 2015062812, 03, NG13, 012, 128N, 1465W,  25, 1010, XX,  34, NEQ, 0000, 0000, 0000, 0000,    0,    0, 158
CP, 90, 2015062812, 03, NG13, 018, 130N, 1480W,  20, 1010, XX,  34, NEQ, 0000, 0000, 0000, 0000,    0,    0, 122
CP, 90, 2015062812, 03, NG17, 000,   0 ,    0 ,   0,    0, XX,  34, NEQ, 0000, 0000, 0000, 0000,    0,    0, ***
CP, 90, 2015122800, 01, CARQ, -18,   3N, 1769E,  15,    0,   ,   0,    ,    0,    0,    0,    0, 
CP, 90, 2015122800, 01, CARQ, -12,   3N, 1774E,  15,    0,   ,   0,    ,    0,    0,    0,    0, 
CP, 90, 2015122800, 01, CARQ,  -6,   6N, 1777E,  15,    0,   ,   0,    ,    0,    0,    0,    0, 
CP, 90, 2015122800, 01, CARQ,   0,  10N, 1780E,  15,    0,   ,   0,    ,    0,    0,    0,    0, 
CP, 90, 2015122800, 03, XTRP,  12,  17N, 1786E,  15,    0,   ,   0,    ,    0,    0,    0,    0, 
CP, 90, 2015122800, 03, XTRP,  24,  24N, 1792E,  15,    0,   ,   0,    ,    0,    0,    0,    0, 
CP, 90, 2015122800, 03, XTRP,  36,  31N, 1798E,  15,    0,   ,   0,    ,    0,    0,    0,    0, 
CP, 90, 2015122800, 03, XTRP,  48,  38N, 1796W,  15,    0,   ,   0,    ,    0,    0,    0,    0, 
CP, 90, 2015122800, 03, XTRP,  60,  45N, 1790W,  15,    0,   ,   0,    ,    0,    0,    0,    0, 
CP, 90, 2015122800, 03, XTRP,  72,  52N, 1784W,  15,    0,   ,   0,    ,    0,    0,    0,    0, 
CP, 90, 2015122800, 03, XTRP,  84,  59N, 1778W,  15,    0,   ,   0,    ,    0,    0,    0,    0, 
CP, 90, 2015122800, 03, XTRP,  96,  66N, 1772W,  15,    0,   ,   0,    ,    0,    0,    0,    0, 
CP, 90, 2015122800, 03, XTRP, 108,  73N, 1765W,  15,    0,   ,   0,    ,    0,    0,    0,    0, 
CP, 90, 2015122800, 03, XTRP, 120,  80N, 1759W,  15,    0,   ,   0,    ,    0,    0,    0,    0, 
CP, 90, 2015122806, 01, CARQ, -24,   3N, 1769E,  15,    0,   ,   0,    ,    0,    0,    0,    0, 
CP, 90, 2015122806, 01, CARQ, -18,   3N, 1774E,  15,    0,   ,   0,    ,    0,    0,    0,    0, 
CP, 90, 2015122806, 01, CARQ, -12,   6N, 1777E,  15,    0,   ,   0,    ,    0,    0,    0,    0, 
CP, 90, 2015122806, 01, CARQ,  -6,  10N, 1780E,  15,    0,   ,   0,    ,    0,    0,    0,    0, 
CP, 90, 2015122806, 01, CARQ,   0,  13N, 1783E,  15,    0,   ,   0,    ,    0,    0,    0,    0, 
CP, 90, 2015122806, 03, XTRP,  12,  10N, 1792E,  15,    0,   ,   0,    ,    0,    0,    0,    0, 
CP, 90, 2015122806, 03, XTRP,  24,  13N, 1799E,  15,    0,   ,   0,    ,    0,    0,    0,    0, 
CP, 90, 2015122806, 03, XTRP,  36,  16N, 1794W,  15,    0,   ,   0,    ,    0,    0,    0,    0, 
CP, 90, 2015122806, 03, XTRP,  48,  19N, 1787W,  15,    0,   ,   0,    ,    0,    0,    0,    0, 
CP, 90, 2015122806, 03, XTRP,  60,  22N, 1780W,  15,    0,   ,   0,    ,    0,    0,    0,    0, 
CP, 90, 2015122806, 03, XTRP,  72,  25N, 1773W,  15,    0,   ,   0,    ,    0,    0,    0,    0, 
CP, 90, 2015122806, 03, XTRP,  84,  28N, 1766W,  15,    0,   ,   0,    ,    0,    0,    0,    0, 
CP, 90, 2015122806, 03, XTRP,  96,  31N, 1759W,  15,    0,   ,   0,    ,    0,    0,    0,    0, 
CP, 90, 2015122806, 03, XTRP, 108,  34N, 1752W,  15,    0,   ,   0,    ,    0,    0,    0,    0, 
CP, 90, 2015122806, 03, XTRP, 120,  37N, 1745W,  15,    0,   ,   0,    ,    0,    0,    0,    0, 
CP, 90, 2015122812, 01, CARQ, -24,   3N, 1774E,  15,    0,   ,   0,    ,    0,    0,    0,    0, 
CP, 90, 2015122812, 01, CARQ, -18,   4N, 1778E,  15,    0,   ,   0,    ,    0,    0,    0,    0, 
CP, 90, 2015122812, 01, CARQ, -12,   6N, 1781E,  15,    0,   ,   0,    ,    0,    0,    0,    0, 
CP, 90, 2015122812, 01, CARQ,  -6,   7N, 1785E,  15,    0,   ,   0,    ,    0,    0,    0,    0, 
CP, 90, 2015122812, 01, CARQ,   0,   8N, 1791E,  15,    0,   ,   0,    ,    0,    0,    0,    0, 
CP, 90, 2015122812, 03, XTRP,  12,  10N, 1799W,  15,    0,   ,   0,    ,    0,    0,    0,    0, 
CP, 90, 2015122812, 03, XTRP,  24,  12N, 1789W,  15,    0,   ,   0,    ,    0,    0,    0,    0, 
CP, 90, 2015122812, 03, XTRP,  36,  14N, 1779W,  15,    0,   ,   0,    ,    0,    0,    0,    0, 
CP, 90, 2015122812, 03, XTRP,  48,  16N, 1769W,  15,    0,   ,   0,    ,    0,    0,    0,    0, 
CP, 90, 2015122812, 03, XTRP,  60,  18N, 1759W,  15,    0,   ,   0,    ,    0,    0,    0,    0, 
CP, 90, 2015122812, 03, XTRP,  72,  20N, 1749W,  15,    0,   ,   0,    ,    0,    0,    0,    0, 
CP, 90, 2015122812, 03, XTRP,  84,  22N, 1739W,  15,    0,   ,   0,    ,    0,    0,    0,    0, 
CP, 90, 2015122812, 03, XTRP,  96,  24N, 1729W,  15,    0,   ,   0,    ,    0,    0,    0,    0, 
CP, 90, 2015122812, 03, XTRP, 108,  26N, 1719W,  15,    0,   ,   0,    ,    0,    0,    0,    0, 
CP, 90, 2015122812, 03, XTRP, 120,  27N, 1709W,  15,    0,   ,   0,    ,    0,    0,    0,    0, 
CP, 90, 2015122818, 01, CARQ, -24,   6N, 1794E,  15,    0,   ,   0,    ,    0,    0,    0,    0, 
CP, 90, 2015122818, 01, CARQ, -18,   6N, 1797W,  15,    0,   ,   0,    ,    0,    0,    0,    0, 
CP, 90, 2015122818, 01, CARQ, -12,   5N, 1788W,  15,    0,   ,   0,    ,    0,    0,    0,    0, 
CP, 90, 2015122818, 01, CARQ,  -6,   4N, 1780W,  15,    0,   ,   0,    ,    0,    0,    0,    0, 
CP, 90, 2015122818, 01, CARQ,   0,   8N, 1776W,  15,    0,   ,   0,    ,    0,    0,    0,    0, 
CP, 90, 2015122818, 03, XTRP,  12,  11N, 1764W,  15,    0,   ,   0,    ,    0,    0,    0,    0, 
CP, 90, 2015122818, 03, XTRP,  24,  14N, 1752W,  15,    0,   ,   0,    ,    0,    0,    0,    0, 
CP, 90, 2015122818, 03, XTRP,  36,  17N, 1740W,  15,    0,   ,   0,    ,    0,    0,    0,    0, 
CP, 90, 2015122818, 03, XTRP,  48,  20N, 1728W,  15,    0,   ,   0,    ,    0,    0,    0,    0, 
CP, 90, 2015122818, 03, XTRP,  60,  23N, 1716W,  15,    0,   ,   0,    ,    0,    0,    0,    0, 
CP, 90, 2015122818, 03, XTRP,  72,  26N, 1704W,  15,    0,   ,   0,    ,    0,    0,    0,    0, 
CP, 90, 2015122818, 03, XTRP,  84,  29N, 1692W,  15,    0,   ,   0,    ,    0,    0,    0,    0, 
CP, 90, 2015122818, 03, XTRP,  96,  32N, 1680W,  15,    0,   ,   0,    ,    0,    0,    0,    0, 
CP, 90, 2015122818, 03, XTRP, 108,  35N, 1668W,  15,    0,   ,   0,    ,    0,    0,    0,    0, 
CP, 90, 2015122818, 03, XTRP, 120,  38N, 1656W,  15,    0,   ,   0,    ,    0,    0,    0,    0, 
CP, 90, 2015122900, 01, CARQ, -24,   6N, 1797W,  15,    0,   ,   0,    ,    0,    0,    0,    0, 
CP, 90, 2015122900, 01, CARQ, -18,   5N, 1788W,  15,    0,   ,   0,    ,    0,    0,    0,    0, 
CP, 90, 2015122900, 01, CARQ, -12,   4N, 1780W,  15,    0,   ,   0,    ,    0,    0,    0,    0, 
CP, 90, 2015122900, 01, CARQ,  -6,   8N, 1776W,  15,    0,   ,   0,    ,    0,    0,    0,    0, 
CP, 90, 2015122900, 01, CARQ,   0,  11N, 1774W,  15,    0,   ,   0,    ,    0,    0,    0,    0, 
CP, 90, 2015122900, 03, XTRP,  12,  18N, 1768W,  15,    0,   ,   0,    ,    0,    0,    0,    0, 
CP, 90, 2015122900, 03, XTRP,  24,  25N, 1762W,  15,    0,   ,   0,    ,    0,    0,    0,    0, 
CP, 90, 2015122900, 03, XTRP,  36,  32N, 1756W,  15,    0,   ,   0,    ,    0,    0,    0,    0, 
CP, 90, 2015122900, 03, XTRP,  48,  39N, 1750W,  15,    0,   ,   0,    ,    0,    0,    0,    0, 
CP, 90, 2015122900, 03, XTRP,  60,  46N, 1744W,  15,    0,   ,   0,    ,    0,    0,    0,    0, 
CP, 90, 2015122900, 03, XTRP,  72,  53N, 1738W,  15,    0,   ,   0,    ,    0,    0,    0,    0, 
CP, 90, 2015122900, 03, XTRP,  84,  60N, 1732W,  15,    0,   ,   0,    ,    0,    0,    0,    0, 
CP, 90, 2015122900, 03, XTRP,  96,  67N, 1725W,  15,    0,   ,   0,    ,    0,    0,    0,    0, 
CP, 90, 2015122900, 03, XTRP, 108,  74N, 1719W,  15,    0,   ,   0,    ,    0,    0,    0,    0, 
CP, 90, 2015122900, 03, XTRP, 120,  81N, 1713W,  15,    0,   ,   0,    ,    0,    0,    0,    0, 
CP, 90, 2015122906, 01, CARQ, -24,   5N, 1788W,  15,    0,   ,   0,    ,    0,    0,    0,    0, 
CP, 90, 2015122906, 01, CARQ, -18,   4N, 1780W,  15,    0,   ,   0,    ,    0,    0,    0,    0, 
CP, 90, 2015122906, 01, CARQ, -12,   8N, 1776W,  15,    0,   ,   0,    ,    0,    0,    0,    0, 
CP, 90, 2015122906, 01, CARQ,  -6,  11N, 1774W,  15,    0,   ,   0,    ,    0,    0,    0,    0, 
CP, 90, 2015122906, 01, CARQ,   0,  14N, 1772W,  15,    0,   ,   0,    ,    0,    0,    0,    0, 
CP, 90, 2015122906, 03, XTRP,  12,  20N, 1768W,  15,    0,   ,   0,    ,    0,    0,    0,    0, 
CP, 90, 2015122906, 03, XTRP,  24,  26N, 1764W,  15,    0,   ,   0,    ,    0,    0,    0,    0, 
CP, 90, 2015122906, 03, XTRP,  36,  32N, 1760W,  15,    0,   ,   0,    ,    0,    0,    0,    0, 
CP, 90, 2015122906, 03, XTRP,  48,  38N, 1756W,  15,    0,   ,   0,    ,    0,    0,    0,    0, 
CP, 90, 2015122906, 03, XTRP,  60,  44N, 1752W,  15,    0,   ,   0,    ,    0,    0,    0,    0, 
CP, 90, 2015122906, 03, XTRP,  72,  50N, 1748W,  15,    0,   ,   0,    ,    0,    0,    0,    0, 
CP, 90, 2015122906, 03, XTRP,  84,  56N, 1744W,  15,    0,   ,   0,    ,    0,    0,    0,    0, 
CP, 90, 2015122906, 03, XTRP,  96,  62N, 1740W,  15,    0,   ,   0,    ,    0,    0,    0,    0, 
CP, 90, 2015122906, 03, XTRP, 108,  68N, 1736W,  15,    0,   ,   0,    ,    0,    0,    0,    0, 
CP, 90, 2015122906, 03, XTRP, 120,  74N, 1732W,  15,    0,   ,   0,    ,    0,    0,    0,    0, 
CP, 90, 2015122912, 01, CARQ, -24,   4N, 1780W,  15,    0,   ,   0,    ,    0,    0,    0,    0, 
CP, 90, 2015122912, 01, CARQ, -18,   7N, 1775W,  15,    0,   ,   0,    ,    0,    0,    0,    0, 
CP, 90, 2015122912, 01, CARQ, -12,   9N, 1771W,  15,    0,   ,   0,    ,    0,    0,    0,    0, 
CP, 90, 2015122912, 01, CARQ,  -6,  11N, 1767W,  15,    0,   ,   0,    ,    0,    0,    0,    0, 
CP, 90, 2015122912, 01, CARQ,   0,  14N, 1763W,  15,    0,   ,   0,    ,    0,    0,    0,    0, 
CP, 90, 2015122912, 03, XTRP,  12,  19N, 1755W,  15,    0,   ,   0,    ,    0,    0,    0,    0, 
CP, 90, 2015122912, 03, XTRP,  24,  24N, 1747W,  15,    0,   ,   0,    ,    0,    0,    0,    0, 
CP, 90, 2015122912, 03, XTRP,  36,  29N, 1739W,  15,    0,   ,   0,    ,    0,    0,    0,    0, 
CP, 90, 2015122912, 03, XTRP,  48,  34N, 1731W,  15,    0,   ,   0,    ,    0,    0,    0,    0, 
CP, 90, 2015122912, 03, XTRP,  60,  39N, 1723W,  15,    0,   ,   0,    ,    0,    0,    0,    0, 
CP, 90, 2015122912, 03, XTRP,  72,  44N, 1715W,  15,    0,   ,   0,    ,    0,    0,    0,    0, 
CP, 90, 2015122912, 03, XTRP,  84,  49N, 1707W,  15,    0,   ,   0,    ,    0,    0,    0,    0, 
CP, 90, 2015122912, 03, XTRP,  96,  54N, 1699W,  15,    0,   ,   0,    ,    0,    0,    0,    0, 
CP, 90, 2015122912, 03, XTRP, 108,  59N, 1691W,  15,    0,   ,   0,    ,    0,    0,    0,    0, 
CP, 90, 2015122912, 03, XTRP, 120,  64N, 1683W,  15,    0,   ,   0,    ,    0,    0,    0,    0, 
CP, 90, 2015122918, 01, CARQ, -24,   4N, 1774W,  15,    0,   ,   0,    ,    0,    0,    0,    0, 
CP, 90, 2015122918, 01, CARQ, -18,   5N, 1769W,  15,    0,   ,   0,    ,    0,    0,    0,    0, 
CP, 90, 2015122918, 01, CARQ, -12,   6N, 1764W,  15,    0,   ,   0,    ,    0,    0,    0,    0, 
CP, 90, 2015122918, 01, CARQ,  -6,   7N, 1760W,  15,    0,   ,   0,    ,    0,    0,    0,    0, 
CP, 90, 2015122918, 01, CARQ,   0,   9N, 1757W,  20,    0,   ,   0,    ,    0,    0,    0,    0, 
CP, 90, 2015122918, 03, XTRP,  12,  12N, 1750W,  25,    0,   ,   0,    ,    0,    0,    0,    0, 
CP, 90, 2015122918, 03, XTRP,  24,  15N, 1743W,  30,    0,   ,   0,    ,    0,    0,    0,    0, 
CP, 90, 2015122918, 03, XTRP,  36,  18N, 1736W,  35,    0,   ,   0,    ,    0,    0,    0,    0, 
CP, 90, 2015122918, 03, XTRP,  48,  21N, 1729W,  40,    0,   ,   0,    ,    0,    0,    0,    0, 
CP, 90, 2015122918, 03, XTRP,  60,  24N, 1722W,  45,    0,   ,   0,    ,    0,    0,    0,    0, 
CP, 90, 2015122918, 03, XTRP,  72,  27N, 1715W,  50,    0,   ,   0,    ,    0,    0,    0,    0, 
CP, 90, 2015122918, 03, XTRP,  84,  30N, 1708W,  55,    0,   ,   0,    ,    0,    0,    0,    0, 
CP, 90, 2015122918, 03, XTRP,  96,  33N, 1701W,  60,    0,   ,   0,    ,    0,    0,    0,    0, 
CP, 90, 2015122918, 03, XTRP, 108,  36N, 1694W,  65,    0,   ,   0,    ,    0,    0,    0,    0, 
CP, 90, 2015122918, 03, XTRP, 120,  39N, 1687W,  70,    0,   ,   0,    ,    0,    0,    0,    0, 
CP, 90, 2015123000, 01, CARQ, -24,   5N, 1769W,  15,    0,   ,   0,    ,    0,    0,    0,    0, 
CP, 90, 2015123000, 01, CARQ, -18,   6N, 1764W,  15,    0,   ,   0,    ,    0,    0,    0,    0, 
CP, 90, 2015123000, 01, CARQ, -12,   7N, 1760W,  15,    0,   ,   0,    ,    0,    0,    0,    0, 
CP, 90, 2015123000, 01, CARQ,  -6,   8N, 1757W,  20,    0,   ,   0,    ,    0,    0,    0,    0, 
CP, 90, 2015123000, 01, CARQ,   0,   9N, 1756W,  20,    0,   ,   0,    ,    0,    0,    0,    0, 
CP, 90, 2015123000, 03, XTRP,  12,  11N, 1752W,  25,    0,   ,   0,    ,    0,    0,    0,    0, 
CP, 90, 2015123000, 03, XTRP,  24,  13N, 1748W,  30,    0,   ,   0,    ,    0,    0,    0,    0, 
CP, 90, 2015123000, 03, XTRP,  36,  15N, 1744W,  35,    0,   ,   0,    ,    0,    0,    0,    0, 
CP, 90, 2015123000, 03, XTRP,  48,  17N, 1740W,  40,    0,   ,   0,    ,    0,    0,    0,    0, 
CP, 90, 2015123000, 03, XTRP,  60,  19N, 1736W,  45,    0,   ,   0,    ,    0,    0,    0,    0, 
CP, 90, 2015123000, 03, XTRP,  72,  21N, 1732W,  50,    0,   ,   0,    ,    0,    0,    0,    0, 
CP, 90, 2015123000, 03, XTRP,  84,  23N, 1728W,  55,    0,   ,   0,    ,    0,    0,    0,    0, 
CP, 90, 2015123000, 03, XTRP,  96,  25N, 1724W,  60,    0,   ,   0,    ,    0,    0,    0,    0, 
CP, 90, 2015123000, 03, XTRP, 108,  27N, 1720W,  65,    0,   ,   0,    ,    0,    0,    0,    0, 
CP, 90, 2015123000, 03, XTRP, 120,  29N, 1716W,  70,    0,   ,   0,    ,    0,    0,    0,    0, 
CP, 90, 2015123006, 01, CARQ, -24,   6N, 1764W,  15,    0, DB,  34, AAA,    0,    0,    0,    0,    0,    0,   0,   0,   0,   W,   0,   X,   0,   0,     INVEST,  , 
CP, 90, 2015123006, 01, CARQ, -18,   7N, 1760W,  15,    0, DB,  34, AAA,    0,    0,    0,    0,    0,    0,   0,   0,   0,   W,   0,   X,   0,   0,     INVEST,  , 
CP, 90, 2015123006, 01, CARQ, -12,   8N, 1757W,  20,    0, DB,  34, AAA,    0,    0,    0,    0,    0,    0,   0,   0,   0,   W,   0,   X,  63,   3,     INVEST,  , 
CP, 90, 2015123006, 01, CARQ,  -6,  10N, 1754W,  20,    0, DB,  34, AAA,    0,    0,    0,    0,    0,    0,   0,   0,   0,   W,   0,   X,   0,   0,     INVEST,  , 
CP, 90, 2015123006, 01, CARQ,   0,  12N, 1751W,  25, 1002, DB,  34, NEQ,    0,    0,    0,    0, 1004,  165,  45,   0,   0,   W,   0,   X,  60,   3,     INVEST, S, 
CP, 90, 2015123006, 01, CARQ,   0,  12N, 1751W,  25, 1002, DB,  50, NEQ,    0,    0,    0,    0, 1004,  165,  45,   0,   0,   W,   0,   X,  60,   3,     INVEST, S, 
CP, 90, 2015123006, 01, CARQ,   0,  12N, 1751W,  25, 1002, DB,  64, NEQ,    0,    0,    0,    0, 1004,  165,  45,   0,   0,   W,   0,   X,  60,   3,     INVEST, S, 
CP, 90, 2015123006, 03, XTRP,  12,  16N, 1745W,  30,    0,   ,   0,    ,    0,    0,    0,    0, 
CP, 90, 2015123006, 03, XTRP,  24,  20N, 1739W,  35,    0,   ,   0,    ,    0,    0,    0,    0, 
CP, 90, 2015123006, 03, XTRP,  36,  24N, 1733W,  40,    0,   ,   0,    ,    0,    0,    0,    0, 
CP, 90, 2015123006, 03, XTRP,  48,  28N, 1727W,  45,    0,   ,   0,    ,    0,    0,    0,    0, 
CP, 90, 2015123006, 03, XTRP,  60,  32N, 1721W,  50,    0,   ,   0,    ,    0,    0,    0,    0, 
CP, 90, 2015123006, 03, XTRP,  72,  36N, 1715W,  55,    0,   ,   0,    ,    0,    0,    0,    0, 
CP, 90, 2015123006, 03, XTRP,  84,  40N, 1709W,  60,    0,   ,   0,    ,    0,    0,    0,    0, 
CP, 90, 2015123006, 03, XTRP,  96,  44N, 1703W,  65,    0,   ,   0,    ,    0,    0,    0,    0, 
CP, 90, 2015123006, 03, XTRP, 108,  48N, 1697W,  70,    0,   ,   0,    ,    0,    0,    0,    0, 
CP, 90, 2015123006, 03, XTRP, 120,  52N, 1691W,  75,    0,   ,   0,    ,    0,    0,    0,    0, 
CP, 90, 2015123012, 01, CARQ, -24,   7N, 1760W,  15,    0,   ,   0,    ,    0,    0,    0,    0, 
CP, 90, 2015123012, 01, CARQ, -18,   8N, 1757W,  20,    0,   ,   0,    ,    0,    0,    0,    0, 
CP, 90, 2015123012, 01, CARQ, -12,  10N, 1754W,  20,    0,   ,   0,    ,    0,    0,    0,    0, 
CP, 90, 2015123012, 01, CARQ,  -6,  12N, 1751W,  25,    0,   ,   0,    ,    0,    0,    0,    0, 
CP, 90, 2015123012, 01, CARQ,   0,  14N, 1749W,  25,    0,   ,   0,    ,    0,    0,    0,    0, 
CP, 90, 2015123012, 03, XTRP,  12,  19N, 1744W,  30,    0,   ,   0,    ,    0,    0,    0,    0, 
CP, 90, 2015123012, 03, XTRP,  24,  24N, 1739W,  35,    0,   ,   0,    ,    0,    0,    0,    0, 
CP, 90, 2015123012, 03, XTRP,  36,  29N, 1734W,  40,    0,   ,   0,    ,    0,    0,    0,    0, 
CP, 90, 2015123012, 03, XTRP,  48,  34N, 1729W,  45,    0,   ,   0,    ,    0,    0,    0,    0, 
CP, 90, 2015123012, 03, XTRP,  60,  39N, 1724W,  50,    0,   ,   0,    ,    0,    0,    0,    0, 
CP, 90, 2015123012, 03, XTRP,  72,  44N, 1719W,  55,    0,   ,   0,    ,    0,    0,    0,    0, 
CP, 90, 2015123012, 03, XTRP,  84,  49N, 1714W,  60,    0,   ,   0,    ,    0,    0,    0,    0, 
CP, 90, 2015123012, 03, XTRP,  96,  54N, 1709W,  65,    0,   ,   0,    ,    0,    0,    0,    0, 
CP, 90, 2015123012, 03, XTRP, 108,  59N, 1704W,  70,    0,   ,   0,    ,    0,    0,    0,    0, 
CP, 90, 2015123012, 03, XTRP, 120,  64N, 1699W,  75,    0,   ,   0,    ,    0,    0,    0,    0, 
CP, 90, 2015123018, 01, CARQ, -24,   8N, 1757W,  20,    0, DB,  34, AAA,    0,    0,    0,    0,    0,    0,   0,   0,   0,   C,   0,   X,   0,   0,     INVEST,  , 
CP, 90, 2015123018, 01, CARQ, -18,   9N, 1754W,  20,    0, DB,  34, AAA,    0,    0,    0,    0,    0,    0,   0,   0,   0,   C,   0,   X,   0,   0,     INVEST,  , 
CP, 90, 2015123018, 01, CARQ, -12,  11N, 1751W,  25,    0, DB,  34, AAA,    0,    0,    0,    0,    0,    0,   0,   0,   0,   C,   0,   X,  45,   4,     INVEST,  , 
CP, 90, 2015123018, 01, CARQ,  -6,  14N, 1749W,  25,    0, DB,  34, AAA,    0,    0,    0,    0,    0,    0,   0,   0,   0,   C,   0,   X,   0,   0,     INVEST,  , 
CP, 90, 2015123018, 01, CARQ,   0,  26N, 1767W,  25, 1004, DB,  34, NEQ,    0,    0,    0,    0, 1004,  165,  45,   0,   0,   C,   0,   X, 325,   7,     INVEST, S, 
CP, 90, 2015123018, 01, CARQ,   0,  26N, 1767W,  25, 1004, DB,  50, NEQ,    0,    0,    0,    0, 1004,  165,  45,   0,   0,   C,   0,   X, 325,   7,     INVEST, S, 
CP, 90, 2015123018, 01, CARQ,   0,  26N, 1767W,  25, 1004, DB,  64, NEQ,    0,    0,    0,    0, 1004,  165,  45,   0,   0,   C,   0,   X, 325,   7,     INVEST, S, 
CP, 90, 2015123018, 03, XTRP,  12,  41N, 1783W,  25,    0,   ,   0,    ,    0,    0,    0,    0, 
CP, 90, 2015123018, 03, XTRP,  24,  56N, 1799W,  25,    0,   ,   0,    ,    0,    0,    0,    0, 
CP, 90, 2015123018, 03, XTRP,  36,  71N, 1785E,  25,    0,   ,   0,    ,    0,    0,    0,    0, 
CP, 90, 2015123018, 03, XTRP,  48,  86N, 1768E,  25,    0,   ,   0,    ,    0,    0,    0,    0, 
CP, 90, 2015123018, 03, XTRP,  60, 101N, 1752E,  25,    0,   ,   0,    ,    0,    0,    0,    0, 
CP, 90, 2015123018, 03, XTRP,  72, 116N, 1736E,  25,    0,   ,   0,    ,    0,    0,    0,    0, 
CP, 90, 2015123018, 03, XTRP,  84, 131N, 1719E,  25,    0,   ,   0,    ,    0,    0,    0,    0, 
CP, 90, 2015123018, 03, XTRP,  96, 146N, 1703E,  25,    0,   ,   0,    ,    0,    0,    0,    0, 
CP, 90, 2015123018, 03, XTRP, 108, 161N, 1686E,  25,    0,   ,   0,    ,    0,    0,    0,    0, 
CP, 90, 2015123018, 03, XTRP, 120, 176N, 1670E,  25,    0,   ,   0,    ,    0,    0,    0,    0, 
CP, 90, 2015123100, 01, CARQ, -24,   9N, 1754W,  20,    0, DB,  34, AAA,    0,    0,    0,    0,    0,    0,   0,   0,   0,   C,   0,   X,   0,   0,     INVEST,  , 
CP, 90, 2015123100, 01, CARQ, -18,  18N, 1753W,  25,    0, DB,  34, AAA,    0,    0,    0,    0,    0,    0,   0,   0,   0,   C,   0,   X,   0,   0,     INVEST,  , 
CP, 90, 2015123100, 01, CARQ, -12,  23N, 1758W,  25,    0, DB,  34, AAA,    0,    0,    0,    0,    0,    0,   0,   0,   0,   C,   0,   X, 300,   8,     INVEST,  , 
CP, 90, 2015123100, 01, CARQ,  -6,  26N, 1767W,  25,    0, DB,  34, AAA,    0,    0,    0,    0,    0,    0,   0,   0,   0,   C,   0,   X,   0,   0,     INVEST,  , 
CP, 90, 2015123100, 01, CARQ,   0,  27N, 1775W,  25, 1003, DB,  34, NEQ,    0,    0,    0,    0, 1004,  165,  45,   0,   0,   C,   0,   X, 290,   8,     INVEST, M, 
CP, 90, 2015123100, 01, CARQ,   0,  27N, 1775W,  25, 1003, DB,  50, NEQ,    0,    0,    0,    0, 1004,  165,  45,   0,   0,   C,   0,   X, 290,   8,     INVEST, M, 
CP, 90, 2015123100, 01, CARQ,   0,  27N, 1775W,  25, 1003, DB,  64, NEQ,    0,    0,    0,    0, 1004,  165,  45,   0,   0,   C,   0,   X, 290,   8,     INVEST, M, 
CP, 90, 2015123100, 03, BAMD,  12,  39N, 1800W,   0,    0,   ,   0,    ,    0,    0,    0,    0, 
CP, 90, 2015123100, 03, BAMD,  24,  50N, 1771E,   0,    0,   ,   0,    ,    0,    0,    0,    0, 
CP, 90, 2015123100, 03, BAMD,  36,  61N, 1740E,   0,    0,   ,   0,    ,    0,    0,    0,    0, 
CP, 90, 2015123100, 03, BAMD,  48,  74N, 1708E,   0,    0,   ,   0,    ,    0,    0,    0,    0, 
CP, 90, 2015123100, 03, BAMD,  60,  87N, 1676E,   0,    0,   ,   0,    ,    0,    0,    0,    0, 
CP, 90, 2015123100, 03, BAMD,  72,  98N, 1646E,   0,    0,   ,   0,    ,    0,    0,    0,    0, 
CP, 90, 2015123100, 03, BAMD,  84, 105N, 1620E,   0,    0,   ,   0,    ,    0,    0,    0,    0, 
CP, 90, 2015123100, 03, BAMD,  96, 108N, 1593E,   0,    0,   ,   0,    ,    0,    0,    0,    0, 
CP, 90, 2015123100, 03, BAMD, 108, 110N, 1564E,   0,    0,   ,   0,    ,    0,    0,    0,    0, 
CP, 90, 2015123100, 03, BAMD, 120, 110N, 1529E,   0,    0,   ,   0,    ,    0,    0,    0,    0, 
CP, 90, 2015123100, 03, BAMD, 132, 116N, 1489E,   0,    0,   ,   0,    ,    0,    0,    0,    0, 
CP, 90, 2015123100, 03, BAMD, 144, 129N, 1451E,   0,    0,   ,   0,    ,    0,    0,    0,    0, 
CP, 90, 2015123100, 03, BAMD, 156, 148N, 1423E,   0,    0,   ,   0,    ,    0,    0,    0,    0, 
CP, 90, 2015123100, 03, BAMD, 168, 168N, 1408E,   0,    0,   ,   0,    ,    0,    0,    0,    0, 
CP, 90, 2015123100, 03, BAMM,  12,  38N, 1789W,   0,    0,   ,   0,    ,    0,    0,    0,    0, 
CP, 90, 2015123100, 03, BAMM,  24,  46N, 1792E,   0,    0,   ,   0,    ,    0,    0,    0,    0, 
CP, 90, 2015123100, 03, BAMM,  36,  53N, 1771E,   0,    0,   ,   0,    ,    0,    0,    0,    0, 
CP, 90, 2015123100, 03, BAMM,  48,  60N, 1750E,   0,    0,   ,   0,    ,    0,    0,    0,    0, 
CP, 90, 2015123100, 03, BAMM,  60,  65N, 1731E,   0,    0,   ,   0,    ,    0,    0,    0,    0, 
CP, 90, 2015123100, 03, BAMM,  72,  68N, 1712E,   0,    0,   ,   0,    ,    0,    0,    0,    0, 
CP, 90, 2015123100, 03, BAMM,  84,  68N, 1693E,   0,    0,   ,   0,    ,    0,    0,    0,    0, 
CP, 90, 2015123100, 03, BAMM,  96,  66N, 1674E,   0,    0,   ,   0,    ,    0,    0,    0,    0, 
CP, 90, 2015123100, 03, BAMM, 108,  62N, 1654E,   0,    0,   ,   0,    ,    0,    0,    0,    0, 
CP, 90, 2015123100, 03, BAMM, 120,  57N, 1633E,   0,    0,   ,   0,    ,    0,    0,    0,    0, 
CP, 90, 2015123100, 03, BAMM, 132,  53N, 1612E,   0,    0,   ,   0,    ,    0,    0,    0,    0, 
CP, 90, 2015123100, 03, BAMM, 144,  50N, 1589E,   0,    0,   ,   0,    ,    0,    0,    0,    0, 
CP, 90, 2015123100, 03, BAMM, 156,  48N, 1565E,   0,    0,   ,   0,    ,    0,    0,    0,    0, 
CP, 90, 2015123100, 03, BAMM, 168,  46N, 1539E,   0,    0,   ,   0,    ,    0,    0,    0,    0, 
CP, 90, 2015123100, 03, BAMS,  12,  30N, 1767W,   0,    0,   ,   0,    ,    0,    0,    0,    0, 
CP, 90, 2015123100, 03, BAMS,  24,  32N, 1767W,   0,    0,   ,   0,    ,    0,    0,    0,    0, 
CP, 90, 2015123100, 03, BAMS,  36,  32N, 1771W,   0,    0,   ,   0,    ,    0,    0,    0,    0, 
CP, 90, 2015123100, 03, BAMS,  48,  31N, 1778W,   0,    0,   ,   0,    ,    0,    0,    0,    0, 
CP, 90, 2015123100, 03, BAMS,  60,  28N, 1786W,   0,    0,   ,   0,    ,    0,    0,    0,    0, 
CP, 90, 2015123100, 03, BAMS,  72,  23N, 1790W,   0,    0,   ,   0,    ,    0,    0,    0,    0, 
CP, 90, 2015123100, 03, BAMS,  84,  16N, 1790W,   0,    0,   ,   0,    ,    0,    0,    0,    0, 
CP, 90, 2015123100, 03, BAMS,  96,  15N, 1778W,   0,    0,   ,   0,    ,    0,    0,    0,    0, 
CP, 90, 2015123100, 03, BAMS, 108,  22N, 1755W,   0,    0,   ,   0,    ,    0,    0,    0,    0, 
CP, 90, 2015123100, 03, BAMS, 120,  37N, 1735W,   0,    0,   ,   0,    ,    0,    0,    0,    0, 
CP, 90, 2015123100, 03, BAMS, 132,  53N, 1730W,   0,    0,   ,   0,    ,    0,    0,    0,    0, 
CP, 90, 2015123100, 03, BAMS, 144,  68N, 1741W,   0,    0,   ,   0,    ,    0,    0,    0,    0, 
CP, 90, 2015123100, 03, BAMS, 156,  82N, 1761W,   0,    0,   ,   0,    ,    0,    0,    0,    0, 
CP, 90, 2015123100, 03, BAMS, 168,  92N, 1785W,   0,    0,   ,   0,    ,    0,    0,    0,    0, 
CP, 90, 2015123100, 03, CLIP,  12,  30N, 1790W,   0,    0,   ,   0,    ,    0,    0,    0,    0, 
CP, 90, 2015123100, 03, CLIP,  24,  37N, 1795E,   0,    0,   ,   0,    ,    0,    0,    0,    0, 
CP, 90, 2015123100, 03, CLIP,  36,  51N, 1762E,   0,    0,   ,   0,    ,    0,    0,    0,    0, 
CP, 90, 2015123100, 03, CLIP,  48,  84N, 1761E,   0,    0,   ,   0,    ,    0,    0,    0,    0, 
CP, 90, 2015123100, 03, CLIP,  60, 108N, 1781E,   0,    0,   ,   0,    ,    0,    0,    0,    0, 
CP, 90, 2015123100, 03, CLIP,  72,  96N, 1762E,   0,    0,   ,   0,    ,    0,    0,    0,    0, 
CP, 90, 2015123100, 03, CLP5,  12,  31N, 1791W,   0,    0,   ,   0,    ,    0,    0,    0,    0, 
CP, 90, 2015123100, 03, CLP5,  24,  37N, 1792E,   0,    0,   ,   0,    ,    0,    0,    0,    0, 
CP, 90, 2015123100, 03, CLP5,  36,  43N, 1775E,   0,    0,   ,   0,    ,    0,    0,    0,    0, 
CP, 90, 2015123100, 03, CLP5,  48,  49N, 1760E,   0,    0,   ,   0,    ,    0,    0,    0,    0, 
CP, 90, 2015123100, 03, CLP5,  60,  56N, 1744E,   0,    0,   ,   0,    ,    0,    0,    0,    0, 
CP, 90, 2015123100, 03, CLP5,  72,  62N, 1730E,   0,    0,   ,   0,    ,    0,    0,    0,    0, 
CP, 90, 2015123100, 03, CLP5,  84,  72N, 1709E,   0,    0,   ,   0,    ,    0,    0,    0,    0, 
CP, 90, 2015123100, 03, CLP5,  96,  78N, 1692E,   0,    0,   ,   0,    ,    0,    0,    0,    0, 
CP, 90, 2015123100, 03, CLP5, 108,  83N, 1673E,   0,    0,   ,   0,    ,    0,    0,    0,    0, 
CP, 90, 2015123100, 03, CLP5, 120,  89N, 1659E,   0,    0,   ,   0,    ,    0,    0,    0,    0, 
CP, 90, 2015123100, 03, COTC, 000,  16N, 1772W,  30, 1004, XX,  34, NEQ, 0000, 0000, 0000, 0000,    0,    0, 075
CP, 90, 2015123100, 03, COTC, 006,  10N, 1784W,  28, 1005, XX,  34, NEQ, 0000, 0000, 0000, 0000,    0,    0, 107
CP, 90, 2015123100, 03, CTCX, 000,  24N, 1775W,  30, 1003, XX,  34, NEQ, 0000, 0000, 0000, 0000,    0,    0, 090
CP, 90, 2015123100, 03, CTCX, 000,  27N, 1773W,  37, 1001, XX,  34, NEQ, 0000, 0000, 0068, 0071,    0,    0, 049
CP, 90, 2015123100, 03, CTCX, 006,  21N, 1770W,  37, 1002, XX,  34, NEQ, 0046, 0000, 0000, 0087,    0,    0, 082
CP, 90, 2015123100, 03, CTCX, 006,  24N, 1777W,  39, 1003, XX,  34, NEQ, 0000, 0000, 0000, 0113,    0,    0, 104
CP, 90, 2015123100, 03, CTCX, 012,  15N, 1770W,   0, 1005, XX,  34, NEQ, 0000, 0000, 0054, 0052,    0,    0, ***
CP, 90, 2015123100, 03, CTCX, 012,  21N, 1774W,  42, 1005, XX,  34, NEQ, 0000, 0000, 0075, 0081,    0,    0, 073
CP, 90, 2015123100, 03, CTCX, 018,  19N, 1774W,  37, 1005, XX,  34, NEQ, 0000, 0000, 0000, 0097,    0,    0, 092
CP, 90, 2015123100, 03, CTCX, 024,  29N, 1776W,   0, 1008, XX,  34, NEQ, 0000, 0000, 0135, 0129,    0,    0, ***
CP, 90, 2015123100, 03, CTCX, 030,  26N, 1780W,   0, 1003, XX,  34, NEQ, 0000, 0000, 0000, 0097,    0,    0, ***
CP, 90, 2015123100, 03, CTCX, 036,  35N, 1778W,   0, 1008, XX,  34, NEQ, 0000, 0000, 0000, 0000,    0,    0, ***
CP, 90, 2015123100, 03, DSHP,   0,  27N, 1775W,  25,    0, TD,   0,    ,    0,    0,    0,    0, 
CP, 90, 2015123100, 03, DSHP,  12,  38N, 1789W,  26,    0, TD,   0,    ,    0,    0,    0,    0, 
CP, 90, 2015123100, 03, DSHP,  24,  46N, 1792E,  24,    0, TD,   0,    ,    0,    0,    0,    0, 
CP, 90, 2015123100, 03, DSHP,  36,  53N, 1771E,  23,    0, TD,   0,    ,    0,    0,    0,    0, 
CP, 90, 2015123100, 03, DSHP,  48,  60N, 1750E,  26,    0, TD,   0,    ,    0,    0,    0,    0, 
CP, 90, 2015123100, 03, DSHP,  60,  65N, 1731E,  29,    0, TD,   0,    ,    0,    0,    0,    0, 
CP, 90, 2015123100, 03, DSHP,  72,  68N, 1712E,  34,    0, TS,   0,    ,    0,    0,    0,    0, 
CP, 90, 2015123100, 03, DSHP,  84,  68N, 1693E,  37,    0, TS,   0,    ,    0,    0,    0,    0, 
CP, 90, 2015123100, 03, DSHP,  96,  66N, 1674E,  39,    0, TS,   0,    ,    0,    0,    0,    0, 
CP, 90, 2015123100, 03, DSHP, 108,  62N, 1654E,  41,    0, TS,   0,    ,    0,    0,    0,    0, 
CP, 90, 2015123100, 03, DSHP, 120,  57N, 1633E,  40,    0, TS,   0,    ,    0,    0,    0,    0, 
CP, 90, 2015123100, 03, GFDN,   0,  21N, 1772W,  42, 1003
CP, 90, 2015123100, 03, GFDN,   6,  17N, 1765W,  49, 1000
CP, 90, 2015123100, 03, GFDN,  12,  18N, 1750W,  40, 1002
CP, 90, 2015123100, 03, IVCN,   0,   0N,    0W,  25,    0,   ,   0,    ,    0,    0,    0,    0, 
CP, 90, 2015123100, 03, IVCN,  12,   0N,    0W,  25,    0,   ,   0,    ,    0,    0,    0,    0, 
CP, 90, 2015123100, 03, IVCN,  24,   0N,    0W,  24,    0,   ,   0,    ,    0,    0,    0,    0, 
CP, 90, 2015123100, 03, IVCN,  36,   0N,    0W,  23,    0,   ,   0,    ,    0,    0,    0,    0, 
CP, 90, 2015123100, 03, IVCN,  48,   0N,    0W,  24,    0,   ,   0,    ,    0,    0,    0,    0, 
CP, 90, 2015123100, 03, IVCN,  60,   0N,    0W,  26,    0,   ,   0,    ,    0,    0,    0,    0, 
CP, 90, 2015123100, 03, IVCN,  72,   0N,    0W,  29,    0,   ,   0,    ,    0,    0,    0,    0, 
CP, 90, 2015123100, 03, IVCN,  84,   0N,    0W,  31,    0,   ,   0,    ,    0,    0,    0,    0, 
CP, 90, 2015123100, 03, IVCN,  96,   0N,    0W,  33,    0,   ,   0,    ,    0,    0,    0,    0, 
CP, 90, 2015123100, 03, IVCN, 108,   0N,    0W,  34,    0,   ,   0,    ,    0,    0,    0,    0, 
CP, 90, 2015123100, 03, IVCN, 120,   0N,    0W,  35,    0,   ,   0,    ,    0,    0,    0,    0, 
CP, 90, 2015123100, 03, LBAR,   0,  27N, 1775W,  25,    0,   ,   0,    ,    0,    0,    0,    0, 
CP, 90, 2015123100, 03, LGEM,   0,  27N, 1775W,  25,    0, TD,   0,    ,    0,    0,    0,    0, 
CP, 90, 2015123100, 03, LGEM,  12,  38N, 1789W,  24,    0, TD,   0,    ,    0,    0,    0,    0, 
CP, 90, 2015123100, 03, LGEM,  24,  46N, 1792E,  23,    0, TD,   0,    ,    0,    0,    0,    0, 
CP, 90, 2015123100, 03, LGEM,  36,  53N, 1771E,  22,    0, TD,   0,    ,    0,    0,    0,    0, 
CP, 90, 2015123100, 03, LGEM,  48,  60N, 1750E,  22,    0, TD,   0,    ,    0,    0,    0,    0, 
CP, 90, 2015123100, 03, LGEM,  60,  65N, 1731E,  22,    0, TD,   0,    ,    0,    0,    0,    0, 
CP, 90, 2015123100, 03, LGEM,  72,  68N, 1712E,  23,    0, TD,   0,    ,    0,    0,    0,    0, 
CP, 90, 2015123100, 03, LGEM,  84,  68N, 1693E,  24,    0, TD,   0,    ,    0,    0,    0,    0, 
CP, 90, 2015123100, 03, LGEM,  96,  66N, 1674E,  26,    0, TD,   0,    ,    0,    0,    0,    0, 
CP, 90, 2015123100, 03, LGEM, 108,  62N, 1654E,  27,    0, TD,   0,    ,    0,    0,    0,    0, 
CP, 90, 2015123100, 03, LGEM, 120,  57N, 1633E,  29,    0, TD,   0,    ,    0,    0,    0,    0, 
CP, 90, 2015123100, 03, NG04, 000,  28N, 1773W,  31, 1005, XX,  34, NEQ, 0000, 0000, 0000, 0196,    0,    0, 160
CP, 90, 2015123100, 03, NG04, 006,  21N, 1783W,  25, 1005, XX,  34, NEQ, 0000, 0000, 0000, 0000,    0,    0, 122
CP, 90, 2015123100, 03, NG07, 000,  12N, 1766W,  35, 1002, XX,  34, NEQ, 0000, 0000, 0000, 0094,    0,    0, 097
CP, 90, 2015123100, 03, NG07, 006,   5N, 1766W,  25, 1002, XX,  34, NEQ, 0000, 0000, 0000, 0000,    0,    0, 152
CP, 90, 2015123100, 03, NG07, 012,   8N, 1766W,  24, 1004, XX,  34, NEQ, 0000, 0000, 0000, 0000,    0,    0, 110
CP, 90, 2015123100, 03, NG07, 018,  18N, 1777W,  25, 1003, XX,  34, NEQ, 0000, 0000, 0000, 0000,    0,    0, 154
CP, 90, 2015123100, 03, NG07, 024,  26N, 1785W,  25, 1003, XX,  34, NEQ, 0000, 0000, 0000, 0000,    0,    0, 121
CP, 90, 2015123100, 03, NG07, 030,  28N, 1795W,  34, 1002, XX,  34, NEQ, 0157, 0000, 0000, 0000,    0,    0, 157
CP, 90, 2015123100, 03, NG07, 036,  33N, 1799W,  29, 1003, XX,  34, NEQ, 0000, 0000, 0000, 0000,    0,    0, 160
CP, 90, 2015123100, 03, NG07, 042,  38N, 1793E,  32, 1001, XX,  34, NEQ, 0201, 0000, 0000, 0000,    0,    0, 155
CP, 90, 2015123100, 03, NG07, 048,  41N, 1789E,  32, 1001, XX,  34, NEQ, 0222, 0000, 0000, 0000,    0,    0, 123
CP, 90, 2015123100, 03, NG07, 054,  46N, 1787E,  34,  999, XX,  34, NEQ, 0226, 0000, 0000, 0156,    0,    0, 150
CP, 90, 2015123100, 03, NG07, 060,  52N, 1789E,  32, 1000, XX,  34, NEQ, 0000, 0000, 0000, 0000,    0,    0, 150
CP, 90, 2015123100, 03, NG07, 066,  60N, 1789E,  33,  998, XX,  34, NEQ, 0000, 0000, 0000, 0000,    0,    0, 089
CP, 90, 2015123100, 03, NG07, 072,  64N, 1786E,  34,  999, XX,  34, NEQ, 0000, 0000, 0000, 0000,    0,    0, 095
CP, 90, 2015123100, 03, NG07, 078,  70N, 1782E,  35,  998, XX,  34, NEQ, 0000, 0000, 0000, 0125,    0,    0, 123
CP, 90, 2015123100, 03, NG07, 084,  71N, 1779E,  40,  999, XX,  34, NEQ, 0131, 0000, 0250, 0126,    0,    0, 127
CP, 90, 2015123100, 03, NG07, 090,  73N, 1774E,  42,  997, XX,  34, NEQ, 0145, 0000, 0195, 0075,    0,    0, 158
CP, 90, 2015123100, 03, NG07, 096,  76N, 1769E,  44,  998, XX,  34, NEQ, 0202, 0337, 0220, 0104,    0,    0, 108
CP, 90, 2015123100, 03, NG07, 102,  77N, 1764E,  48,  995, XX,  34, NEQ, 0141, 0176, 0160, 0047,    0,    0, 083
CP, 90, 2015123100, 03, NG07, 108,  78N, 1757E,  47,  997, XX,  34, NEQ, 0135, 0110, 0209, 0052,    0,    0, 124
CP, 90, 2015123100, 03, NG07, 114,  78N, 1747E,  48,  994, XX,  34, NEQ, 0125, 0193, 0175, 0175,    0,    0, 102
CP, 90, 2015123100, 03, NG07, 120,  79N, 1737E,  48,  995, XX,  34, NEQ, 0183, 0160, 0180, 0175,    0,    0, 122
CP, 90, 2015123100, 03, NG07, 126,  78N, 1725E,  49,  993, XX,  34, NEQ, 0165, 0138, 0350, 0265,    0,    0, 116
CP, 90, 2015123100, 03, NG07, 132,  76N, 1714E,  55,  995, XX,  34, NEQ, 0045, 0338, 0329, 0035,    0,    0, 103
CP, 90, 2015123100, 03, NG07, 132,  76N, 1714E,  55,  995, XX,  50, NEQ, 0000, 0116, 0124, 0035,    0,    0, 103
CP, 90, 2015123100, 03, NG07, 138,  73N, 1706E,  61,  993, XX,  34, NEQ, 0165, 0080, 0215, 0055,    0,    0, 081
CP, 90, 2015123100, 03, NG07, 138,  73N, 1706E,  61,  993, XX,  50, NEQ, 0111, 0080, 0048, 0055,    0,    0, 081
CP, 90, 2015123100, 03, NG07, 144,  71N, 1701E,  57,  994, XX,  34, NEQ, 0125, 0238, 0273, 0245,    0,    0, 067
CP, 90, 2015123100, 03, NG07, 144,  71N, 1701E,  57,  994, XX,  50, NEQ, 0000, 0111, 0128, 0000,    0,    0, 067
CP, 90, 2015123100, 03, NG07, 150,  73N, 1698E,  53,  993, XX,  34, NEQ, 0125, 0195, 0304, 0060,    0,    0, 062
CP, 90, 2015123100, 03, NG07, 150,  73N, 1698E,  53,  993, XX,  50, NEQ, 0000, 0000, 0000, 0060,    0,    0, 062
CP, 90, 2015123100, 03, NG07, 156,  76N, 1693E,  53,  995, XX,  34, NEQ, 0119, 0189, 0125, 0030,    0,    0, 053
CP, 90, 2015123100, 03, NG07, 156,  76N, 1693E,  53,  995, XX,  50, NEQ, 0000, 0069, 0000, 0000,    0,    0, 053
CP, 90, 2015123100, 03, NG07, 162,  80N, 1690E,  51,  994, XX,  34, NEQ, 0129, 0265, 0240, 0049,    0,    0, 082
CP, 90, 2015123100, 03, NG07, 162,  80N, 1690E,  51,  994, XX,  50, NEQ, 0000, 0087, 0066, 0000,    0,    0, 082
CP, 90, 2015123100, 03, NG07, 168,  85N, 1686E,  53,  996, XX,  34, NEQ, 0122, 0290, 0330, 0050,    0,    0, 091
CP, 90, 2015123100, 03, NG07, 168,  85N, 1686E,  53,  996, XX,  50, NEQ, 0000, 0104, 0116, 0000,    0,    0, 091
CP, 90, 2015123100, 03, NG07, 174,  88N, 1679E,  52,  994, XX,  34, NEQ, 0065, 0297, 0205, 0055,    0,    0, 071
CP, 90, 2015123100, 03, NG07, 174,  88N, 1679E,  52,  994, XX,  50, NEQ, 0080, 0086, 0000, 0000,    0,    0, 071
CP, 90, 2015123100, 03, NG07, 180,  91N, 1672E,  50,  994, XX,  34, NEQ, 0140, 0263, 0262, 0252,    0,    0, 079
CP, 90, 2015123100, 03, NG07, 180,  91N, 1672E,  50,  994, XX,  50, NEQ, 0000, 0079, 0000, 0000,    0,    0, 079
CP, 90, 2015123100, 03, NG08, 000,  24N, 1776W,  34, 1003, XX,  34, NEQ, 0183, 0000, 0000, 0193,    0,    0, 132
CP, 90, 2015123100, 03, NG08, 006,  13N, 1790W,  24, 1003, XX,  34, NEQ, 0349, 0000, 0000, 0000,    0,    0, 104
CP, 90, 2015123100, 03, NG11, 000,  17N, 1775W,  34, 1003, XX,  34, NEQ, 0000, 0000, 0000, 0126,    0,    0, 118
CP, 90, 2015123100, 03, NG11, 006,  18N, 1792W,  31, 1004, XX,  34, NEQ, 0324, 0000, 0000, 0271,    0,    0, 132
CP, 90, 2015123100, 03, NG11, 012,   8N, 1792E,  23, 1006, XX,  34, NEQ, 0000, 0000, 0000, 0000,    0,    0, 149
CP, 90, 2015123100, 03, NG12, 000,  26N, 1773W,  29, 1006, XX,  34, NEQ, 0000, 0000, 0000, 0000,    0,    0, 050
CP, 90, 2015123100, 03, NG13, 000,   0 ,    0 ,   0,    0, XX,  34, NEQ, 0000, 0000, 0000, 0000,    0,    0, ***
CP, 90, 2015123100, 03, NG14, 000,  21N, 1783W,  31, 1004, XX,  34, NEQ, 0310, 0000, 0000, 0000,    0,    0, 153
CP, 90, 2015123100, 03, NG14, 006,  11N, 1794W,  25, 1004, XX,  34, NEQ, 0320, 0000, 0000, 0000,    0,    0, 143
CP, 90, 2015123100, 03, NG15, 000,  20N, 1773W,  27, 1004, XX,  34, NEQ, 0000, 0000, 0000, 0000,    0,    0, 118
CP, 90, 2015123100, 03, NG15, 006,   6N, 1777W,  22, 1005, XX,  34, NEQ, 0000, 0000, 0000, 0000,    0,    0, 148
CP, 90, 2015123100, 03, NG16, 000,  26N, 1775W,  32, 1003, XX,  34, NEQ, 0000, 0000, 0000, 0176,    0,    0, 154
CP, 90, 2015123100, 03, NG17, 000,  12N, 1777W,  33, 1002, XX,  34, NEQ, 0000, 0000, 0000, 0165,    0,    0, 135
CP, 90, 2015123100, 03, NG18, 000,  10N, 1772W,  29, 1003, XX,  34, NEQ, 0000, 0000, 0000, 0295,    0,    0, 079
CP, 90, 2015123100, 03, NG18, 006,   3N, 1777W,  22, 1004, XX,  34, NEQ, 0000, 0000, 0000, 0000,    0,    0, 103
CP, 90, 2015123100, 03, NG19, 000,  20N, 1772W,  34, 1003, XX,  34, NEQ, 0000, 0000, 0000, 0000,    0,    0, 129
CP, 90, 2015123100, 03, NG20, 000,   0 ,    0 ,   0,    0, XX,  34, NEQ, 0000, 0000, 0000, 0000,    0,    0, ***
CP, 90, 2015123100, 03, NVGM, 000,  17N, 1773W,  30, 1004, XX,  34, NEQ, 0000, 0000, 0000, 0000,    0,    0, 129
CP, 90, 2015123100, 03, NVGM, 006,  18N, 1789W,  29, 1004, XX,  34, NEQ, 0000, 0000, 0000, 0000,    0,    0, 135
CP, 90, 2015123100, 03, NVGM, 012,   8N, 1796E,  21, 1006, XX,  34, NEQ, 0000, 0000, 0000, 0000,    0,    0, 161
CP, 90, 2015123100, 03, NVGM, 018,   5N, 1796E,  20, 1005, XX,  34, NEQ, 0000, 0000, 0000, 0000,    0,    0, 126
CP, 90, 2015123100, 03, NVGM, 024,  21N, 1787W,  27, 1005, XX,  34, NEQ, 0000, 0000, 0000, 0000,    0,    0, 147
CP, 90, 2015123100, 03, NVGM, 030,  21N, 1795W,  28, 1003, XX,  34, NEQ, 0000, 0000, 0000, 0000,    0,    0, 145
CP, 90, 2015123100, 03, NVGM, 036,  20N, 1797E,  26, 1003, XX,  34, NEQ, 0000, 0000, 0000, 0000,    0,    0, 155
CP, 90, 2015123100, 03, NVGM, 042,  23N, 1794E,  26, 1001, XX,  34, NEQ, 0000, 0000, 0000, 0000,    0,    0, 160
CP, 90, 2015123100, 03, NVGM, 048,  27N, 1796E,  30, 1000, XX,  34, NEQ, 0000, 0000, 0000, 0000,    0,    0, 131
CP, 90, 2015123100, 03, NVGM, 054,  34N, 1798E,  35,  999, XX,  34, NEQ, 0000, 0000, 0146, 0000,    0,    0, 138
CP, 90, 2015123100, 03, NVGM, 060,  42N, 1799E,  35,  999, XX,  34, NEQ, 0000, 0165, 0000, 0000,    0,    0, 134
CP, 90, 2015123100, 03, NVGM, 066,  50N, 1799E,  35,  997, XX,  34, NEQ, 0191, 0000, 0000, 0000,    0,    0, 157
CP, 90, 2015123100, 03, NVGM, 072,  56N, 1796E,  38,  997, XX,  34, NEQ, 0190, 0000, 0192, 0164,    0,    0, 112
CP, 90, 2015123100, 03, NVGM, 078,  60N, 1790E,  38,  996, XX,  34, NEQ, 0173, 0000, 0000, 0199,    0,    0, 136
CP, 90, 2015123100, 03, NVGM, 084,  61N, 1785E,  40,  996, XX,  34, NEQ, 0222, 0000, 0144, 0120,    0,    0, 091
CP, 90, 2015123100, 03, NVGM, 090,  65N, 1784E,  40,  994, XX,  34, NEQ, 0192, 0138, 0093, 0126,    0,    0, 153
CP, 90, 2015123100, 03, NVGM, 096,  70N, 1779E,  43,  993, XX,  34, NEQ, 0191, 0131, 0159, 0239,    0,    0, 096
CP, 90, 2015123100, 03, NVGM, 102,  75N, 1770E,  46,  991, XX,  34, NEQ, 0171, 0189, 0178, 0057,    0,    0, 118
CP, 90, 2015123100, 03, NVGM, 108,  77N, 1760E,  50,  991, XX,  34, NEQ, 0207, 0161, 0158, 0054,    0,    0, 115
CP, 90, 2015123100, 03, NVGM, 114,  78N, 1753E,  51,  989, XX,  34, NEQ, 0108, 0129, 0171, 0045,    0,    0, 103
CP, 90, 2015123100, 03, NVGM, 114,  78N, 1753E,  51,  989, XX,  50, NEQ, 0107, 0000, 0000, 0000,    0,    0, 103
CP, 90, 2015123100, 03, NVGM, 120,  80N, 1744E,  51,  989, XX,  34, NEQ, 0157, 0202, 0234, 0180,    0,    0, 066
CP, 90, 2015123100, 03, NVGM, 120,  80N, 1744E,  51,  989, XX,  50, NEQ, 0090, 0000, 0074, 0000,    0,    0, 066
CP, 90, 2015123100, 03, NVGM, 126,  81N, 1736E,  49,  988, XX,  34, NEQ, 0210, 0164, 0130, 0065,    0,    0, 076
CP, 90, 2015123100, 03, NVGM, 132,  81N, 1727E,  53,  988, XX,  34, NEQ, 0102, 0227, 0219, 0180,    0,    0, 069
CP, 90, 2015123100, 03, NVGM, 132,  81N, 1727E,  53,  988, XX,  50, NEQ, 0000, 0073, 0094, 0000,    0,    0, 069
CP, 90, 2015123100, 03, NVGM, 138,  81N, 1719E,  51,  987, XX,  34, NEQ, 0125, 0056, 0228, 0145,    0,    0, 071
CP, 90, 2015123100, 03, NVGM, 138,  81N, 1719E,  51,  987, XX,  50, NEQ, 0000, 0000, 0081, 0000,    0,    0, 071
CP, 90, 2015123100, 03, NVGM, 144,  81N, 1711E,  57,  987, XX,  34, NEQ, 0177, 0226, 0193, 0216,    0,    0, 067
CP, 90, 2015123100, 03, NVGM, 144,  81N, 1711E,  57,  987, XX,  50, NEQ, 0000, 0077, 0118, 0000,    0,    0, 067
CP, 90, 2015123100, 03, NVGM, 150,  83N, 1705E,  52,  987, XX,  34, NEQ, 0096, 0090, 0185, 0208,    0,    0, 080
CP, 90, 2015123100, 03, NVGM, 150,  83N, 1705E,  52,  987, XX,  50, NEQ, 0000, 0060, 0100, 0000,    0,    0, 080
CP, 90, 2015123100, 03, NVGM, 156,  85N, 1696E,  55,  987, XX,  34, NEQ, 0115, 0255, 0217, 0217,    0,    0, 066
CP, 90, 2015123100, 03, NVGM, 156,  85N, 1696E,  55,  987, XX,  50, NEQ, 0000, 0076, 0080, 0000,    0,    0, 066
CP, 90, 2015123100, 03, NVGM, 162,  89N, 1688E,  51,  985, XX,  34, NEQ, 0177, 0135, 0085, 0190,    0,    0, 085
CP, 90, 2015123100, 03, NVGM, 162,  89N, 1688E,  51,  985, XX,  50, NEQ, 0000, 0000, 0085, 0000,    0,    0, 085
CP, 90, 2015123100, 03, NVGM, 168,  92N, 1677E,  63,  983, XX,  34, NEQ, 0200, 0179, 0204, 0269,    0,    0, 044
CP, 90, 2015123100, 03, NVGM, 168,  92N, 1677E,  63,  983, XX,  50, NEQ, 0000, 0103, 0125, 0083,    0,    0, 044
CP, 90, 2015123100, 03, NVGM, 174,  96N, 1670E,  60,  982, XX,  34, NEQ, 0158, 0176, 0140, 0214,    0,    0, 044
CP, 90, 2015123100, 03, NVGM, 174,  96N, 1670E,  60,  982, XX,  50, NEQ, 0062, 0105, 0105, 0029,    0,    0, 044
CP, 90, 2015123100, 03, NVGM, 180,  99N, 1661E,  65,  980, XX,  34, NEQ, 0225, 0185, 0211, 0263,    0,    0, 033
CP, 90, 2015123100, 03, NVGM, 180,  99N, 1661E,  65,  980, XX,  50, NEQ, 0093, 0109, 0116, 0136,    0,    0, 033
CP, 90, 2015123100, 03, NVGM, 180,  99N, 1661E,  65,  980, XX,  64, NEQ, 0000, 0039, 0056, 0038,    0,    0, 033
CP, 90, 2015123100, 03, OCD5,   0,  27N, 1775W,  25,    0,   ,   0,    ,    0,    0,    0,    0, 
CP, 90, 2015123100, 03, OCD5,  12,  31N, 1791W,  32,    0,   ,   0,    ,    0,    0,    0,    0, 
CP, 90, 2015123100, 03, OCD5,  24,  37N, 1792W,  49,    0,   ,   0,    ,    0,    0,    0,    0, 
CP, 90, 2015123100, 03, OCD5,  36,  43N, 1775W,  64,    0,   ,   0,    ,    0,    0,    0,    0, 
CP, 90, 2015123100, 03, OCD5,  48,  49N, 1760W,  49,    0,   ,   0,    ,    0,    0,    0,    0, 
CP, 90, 2015123100, 03, OCD5,  60,  56N, 1744W,  71,    0,   ,   0,    ,    0,    0,    0,    0, 
CP, 90, 2015123100, 03, OCD5,  72,  62N, 1730W,  73,    0,   ,   0,    ,    0,    0,    0,    0, 
CP, 90, 2015123100, 03, OCD5,  84,  72N, 1709W,  72,    0,   ,   0,    ,    0,    0,    0,    0, 
CP, 90, 2015123100, 03, OCD5,  96,  78N, 1692W,  77,    0,   ,   0,    ,    0,    0,    0,    0, 
CP, 90, 2015123100, 03, OCD5, 108,  83N, 1673W,  72,    0,   ,   0,    ,    0,    0,    0,    0, 
CP, 90, 2015123100, 03, OCD5, 120,  89N, 1659W,  78,    0,   ,   0,    ,    0,    0,    0,    0, 
CP, 90, 2015123100, 03, SHF5,   0,   0N,    0W,  25,    0,   ,   0,    ,    0,    0,    0,    0, 
CP, 90, 2015123100, 03, SHF5,  12,   0N,    0W,  32,    0,   ,   0,    ,    0,    0,    0,    0, 
CP, 90, 2015123100, 03, SHF5,  24,   0N,    0W,  49,    0,   ,   0,    ,    0,    0,    0,    0, 
CP, 90, 2015123100, 03, SHF5,  36,   0N,    0W,  64,    0,   ,   0,    ,    0,    0,    0,    0, 
CP, 90, 2015123100, 03, SHF5,  48,   0N,    0W,  49,    0,   ,   0,    ,    0,    0,    0,    0, 
CP, 90, 2015123100, 03, SHF5,  60,   0N,    0W,  71,    0,   ,   0,    ,    0,    0,    0,    0, 
CP, 90, 2015123100, 03, SHF5,  72,   0N,    0W,  73,    0,   ,   0,    ,    0,    0,    0,    0, 
CP, 90, 2015123100, 03, SHF5,  84,   0N,    0W,  72,    0,   ,   0,    ,    0,    0,    0,    0, 
CP, 90, 2015123100, 03, SHF5,  96,   0N,    0W,  77,    0,   ,   0,    ,    0,    0,    0,    0, 
CP, 90, 2015123100, 03, SHF5, 108,   0N,    0W,  72,    0,   ,   0,    ,    0,    0,    0,    0, 
CP, 90, 2015123100, 03, SHF5, 120,   0N,    0W,  78,    0,   ,   0,    ,    0,    0,    0,    0, 
CP, 90, 2015123100, 03, SHFR,  12,   0N,    0W,  26,    0,   ,   0,    ,    0,    0,    0,    0, 
CP, 90, 2015123100, 03, SHFR,  24,   0N,    0W,  28,    0,   ,   0,    ,    0,    0,    0,    0, 
CP, 90, 2015123100, 03, SHFR,  36,   0N,    0W,  36,    0,   ,   0,    ,    0,    0,    0,    0, 
CP, 90, 2015123100, 03, SHFR,  48,   0N,    0W,  48,    0,   ,   0,    ,    0,    0,    0,    0, 
CP, 90, 2015123100, 03, SHFR,  60,   0N,    0W,  65,    0,   ,   0,    ,    0,    0,    0,    0, 
CP, 90, 2015123100, 03, SHFR,  72,   0N,    0W,  83,    0,   ,   0,    ,    0,    0,    0,    0, 
CP, 90, 2015123100, 03, SHIP,   0,  27N, 1775W,  25,    0, TD,   0,    ,    0,    0,    0,    0, 
CP, 90, 2015123100, 03, SHIP,  12,  38N, 1789W,  26,    0, TD,   0,    ,    0,    0,    0,    0, 
CP, 90, 2015123100, 03, SHIP,  24,  46N, 1792E,  24,    0, TD,   0,    ,    0,    0,    0,    0, 
CP, 90, 2015123100, 03, SHIP,  36,  53N, 1771E,  23,    0, TD,   0,    ,    0,    0,    0,    0, 
CP, 90, 2015123100, 03, SHIP,  48,  60N, 1750E,  26,    0, TD,   0,    ,    0,    0,    0,    0, 
CP, 90, 2015123100, 03, SHIP,  60,  65N, 1731E,  29,    0, TD,   0,    ,    0,    0,    0,    0, 
CP, 90, 2015123100, 03, SHIP,  72,  68N, 1712E,  34,    0, TS,   0,    ,    0,    0,    0,    0, 
CP, 90, 2015123100, 03, SHIP,  84,  68N, 1693E,  37,    0, TS,   0,    ,    0,    0,    0,    0, 
CP, 90, 2015123100, 03, SHIP,  96,  66N, 1674E,  39,    0, TS,   0,    ,    0,    0,    0,    0, 
CP, 90, 2015123100, 03, SHIP, 108,  62N, 1654E,  41,    0, TS,   0,    ,    0,    0,    0,    0, 
CP, 90, 2015123100, 03, SHIP, 120,  57N, 1633E,  40,    0, TS,   0,    ,    0,    0,    0,    0, 
CP, 90, 2015123100, 03, XTRP,   0,  27N, 1775W,   0,    0,   ,   0,    ,    0,    0,    0,    0, 
CP, 90, 2015123100, 03, XTRP,  12,  31N, 1791W,   0,    0,   ,   0,    ,    0,    0,    0,    0, 
CP, 90, 2015123100, 03, XTRP,  24,  35N, 1792E,   0,    0,   ,   0,    ,    0,    0,    0,    0, 
CP, 90, 2015123100, 03, XTRP,  36,  39N, 1775E,   0,    0,   ,   0,    ,    0,    0,    0,    0, 
CP, 90, 2015123100, 03, XTRP,  48,  43N, 1758E,   0,    0,   ,   0,    ,    0,    0,    0,    0, 
CP, 90, 2015123100, 03, XTRP,  60,  47N, 1741E,   0,    0,   ,   0,    ,    0,    0,    0,    0, 
CP, 90, 2015123100, 03, XTRP,  72,  51N, 1724E,   0,    0,   ,   0,    ,    0,    0,    0,    0, 
CP, 90, 2015123100, 03, XTRP,  84,  54N, 1707E,   0,    0,   ,   0,    ,    0,    0,    0,    0, 
CP, 90, 2015123100, 03, XTRP,  96,  58N, 1690E,   0,    0,   ,   0,    ,    0,    0,    0,    0, 
CP, 90, 2015123100, 03, XTRP, 108,  62N, 1672E,   0,    0,   ,   0,    ,    0,    0,    0,    0, 
CP, 90, 2015123100, 03, XTRP, 120,  66N, 1655E,   0,    0,   ,   0,    ,    0,    0,    0,    0, 
CP, 90, 2015123100, 03, XTRP, 132,  70N, 1638E,   0,    0,   ,   0,    ,    0,    0,    0,    0, 
CP, 90, 2015123100, 03, XTRP, 144,  74N, 1621E,   0,    0,   ,   0,    ,    0,    0,    0,    0, 
CP, 90, 2015123100, 03, XTRP, 156,  78N, 1604E,   0,    0,   ,   0,    ,    0,    0,    0,    0, 
CP, 90, 2015123100, 03, XTRP, 168,  82N, 1587E,   0,    0,   ,   0,    ,    0,    0,    0,    0, 
